21 0.015625 0.0111111 0.03125 0.0222222
21 0.065625 0.0111111 0.13125 0.0222222
21 0.071875 0.0111111 0.14375 0.0222222
11 0.1 0.0111111 0.1125 0.0222222
10 0.1125 0.0222222 0.1375 0.0444444
21 0.13125 0.0111111 0.15 0.0222222
21 0.109375 0.0111111 0.21875 0.0222222
21 0.15625 0.0111111 0.125 0.0222222
21 0.18125 0.0111111 0.125 0.0222222
21 0.225 0.0111111 0.1375 0.0222222
21 0.25625 0.0111111 0.15 0.0222222
21 0.26875 0.0222222 0.125 0.0444444
25 0.34375 0.0111111 0.125 0.0222222
21 0.36875 0.0111111 0.125 0.0222222
21 0.4 0.0111111 0.1375 0.0222222
21 0.425 0.0111111 0.1375 0.0222222
21 0.45625 0.0111111 0.125 0.0222222
21 0.4875 0.0111111 0.1125 0.0222222
19 0.6375 0.0222222 0.1375 0.0444444
21 0.6625 0.0222222 0.1375 0.0444444
21 0.6875 0.0222222 0.1375 0.0444444
21 0.71875 0.0111111 0.125 0.0222222
21 0.725 0.0222222 0.1375 0.0444444
21 0.7625 0.0222222 0.1375 0.0444444
21 0.7875 0.0222222 0.1375 0.0444444
21 0.8 0.0333333 0.1375 0.0666667
21 0.8125 0.0222222 0.1375 0.0444444
10 0.83125 0.0222222 0.125 0.0444444
10 0.84375 0 0.125 0
18 0.78125 0 0.3 0
21 0.86875 0.0111111 0.125 0.0222222
21 0.88125 0.0111111 0.125 0.0222222
21 0.85625 0.0111111 0.075 0.0222222
21 0.8375 0.0111111 0.1125 0.0222222
21 0.8625 0.0111111 0.0625 0.0222222
21 0.8875 0.0111111 0.0375 0.0222222
10 0.928125 0.0222222 0.14375 0.0444444
10 0.865625 0.0222222 0.26875 0.0444444
21 0.953125 0.0111111 0.09375 0.0222222
21 0.959375 0.0222222 0.08125 0.0444444
10 0.965625 0.0222222 0.06875 0.0444444
10 0.984375 0.0222222 0.03125 0.0444444
9 0.9875 0 0.0125 0
0 0.996875 0 0.00625 0
19 0.015625 0.0333333 0.03125 0.0666667
21 0.071875 0.0222222 0.14375 0.0444444
21 0.1125 0.0222222 0.1125 0.0444444
16 0.11875 0.0333333 0.125 0.0666667
8 0.125 0.0333333 0.1375 0.0666667
21 0.1375 0.0333333 0.1625 0.0666667
21 0.16875 0.0333333 0.15 0.0666667
21 0.20625 0.0333333 0.15 0.0666667
16 0.225 0.0333333 0.1375 0.0666667
19 0.24375 0.0222222 0.15 0.0444444
21 0.25625 0.0333333 0.15 0.0666667
21 0.2875 0.0333333 0.1375 0.0666667
21 0.30625 0.0222222 0.15 0.0444444
21 0.3375 0.0222222 0.1375 0.0444444
21 0.3625 0.0222222 0.1375 0.0444444
21 0.3875 0.0222222 0.1625 0.0444444
21 0.3375 0.0222222 0.2875 0.0444444
16 0.34375 0.0222222 0.3 0.0444444
21 0.4625 0.0222222 0.1375 0.0444444
21 0.4875 0.0222222 0.1375 0.0444444
21 0.5375 0.0333333 0.1375 0.0666667
21 0.5625 0.0333333 0.1375 0.0666667
21 0.5875 0.0222222 0.1375 0.0444444
21 0.6125 0.0333333 0.1375 0.0666667
21 0.6375 0.0333333 0.1375 0.0666667
21 0.65 0.0333333 0.1375 0.0666667
21 0.675 0.0333333 0.1375 0.0666667
21 0.70625 0.0333333 0.15 0.0666667
14 0.75 0.0222222 0.1375 0.0444444
21 0.775 0.0333333 0.1375 0.0666667
10 0.80625 0.0333333 0.125 0.0666667
10 0.825 0.0333333 0.1375 0.0666667
10 0.84375 0.0222222 0.15 0.0444444
16 0.86875 0.0222222 0.125 0.0444444
10 0.8375 0.0333333 0.1125 0.0666667
10 0.8625 0.0333333 0.0625 0.0666667
10 0.9125 0.0333333 0.1375 0.0666667
10 0.959375 0.0222222 0.08125 0.0444444
10 0.965625 0.0333333 0.06875 0.0666667
9 0.990625 0.0222222 0.01875 0.0444444
0 0.996875 0.0333333 0.00625 0.0666667
14 0.015625 0.0333333 0.03125 0.0666667
21 0.015625 0.0333333 0.03125 0.0666667
21 0.065625 0.0333333 0.13125 0.0666667
16 0.10625 0.0333333 0.1 0.0666667
16 0.125 0.0444444 0.1375 0.0888889
10 0.7875 0.0444444 0.1375 0.0888889
10 0.84375 0.0444444 0.15 0.0888889
21 0.875 0.0333333 0.1625 0.0666667
16 0.89375 0.0333333 0.175 0.0666667
3 0.89375 0.0333333 0.175 0.0666667
2 0.953125 0.0333333 0.09375 0.0666667
10 0.959375 0.0333333 0.08125 0.0666667
34 0.971875 0.0333333 0.05625 0.0666667
32 0.9875 0.0333333 0.0125 0.0666667
14 0.015625 0.0555556 0.03125 0.111111
19 0.015625 0.0333333 0.03125 0.0666667
21 0.065625 0.0444444 0.13125 0.0888889
16 0.078125 0.0444444 0.15625 0.0888889
21 0.10625 0.0444444 0.125 0.0888889
21 0.11875 0.0555556 0.15 0.111111
21 0.13125 0.0444444 0.15 0.0888889
21 0.1625 0.0555556 0.1375 0.111111
21 0.2375 0.0444444 0.1375 0.0888889
21 0.3375 0.0444444 0.1375 0.0888889
21 0.3625 0.0444444 0.1375 0.0888889
12 0.675 0.0555556 0.1375 0.111111
21 0.70625 0.0555556 0.15 0.111111
2 0.7875 0.0555556 0.1375 0.111111
2 0.7625 0.0555556 0.0625 0.111111
2 0.825 0.0555556 0.1375 0.111111
2 0.8 0.0555556 0.0625 0.111111
2 0.85625 0.0444444 0.15 0.0888889
59 0.8 0.0444444 0.2875 0.0888889
57 0.86875 0.0444444 0.175 0.0888889
20 0.875 0.0555556 0.1625 0.111111
18 0.88125 0.0555556 0.175 0.111111
16 0.9 0.0444444 0.1875 0.0888889
10 0.953125 0.0444444 0.09375 0.0888889
2 0.971875 0.0444444 0.05625 0.0888889
0 0.978125 0.0444444 0.04375 0.0888889
0 0.996875 0.0555556 0.00625 0.111111
19 0.015625 0.0666667 0.03125 0.133333
59 0.08125 0.0666667 0.15 0.133333
21 0.1125 0.0555556 0.1375 0.111111
12 0.65 0.0555556 0.1375 0.111111
2 0.6625 0.0555556 0.1375 0.111111
2 0.7 0.0555556 0.1625 0.111111
59 0.7125 0.0555556 0.1375 0.111111
11 0.775 0.0666667 0.1375 0.133333
2 0.7875 0.0888889 0.0375 0.0444444
2 0.81875 0.0888889 0.025 0.0444444
2 0.88125 0.0888889 0.125 0.0444444
19 0.90625 0.0555556 0.15 0.111111
15 0.91875 0.0666667 0.15 0.0888889
10 0.953125 0.0666667 0.09375 0.133333
9 0.953125 0.0888889 0.09375 0.177778
2 0.978125 0.0666667 0.04375 0.133333
21 0.015625 0.0777778 0.03125 0.155556
19 0.021875 0.0666667 0.04375 0.133333
2 0.075 0.0777778 0.1375 0.111111
21 0.1125 0.0666667 0.1375 0.133333
21 0.1375 0.0555556 0.1375 0.111111
2 0.65 0.0777778 0.1375 0.111111
1 0.6625 0.0888889 0.1375 0.0888889
2 0.675 0.0888889 0.1375 0.0888889
1 0.70625 0.0888889 0.15 0.0888889
8 0.70625 0.0666667 0.15 0.133333
12 0.7625 0.0777778 0.1375 0.155556
2 0.775 0.0777778 0.1375 0.155556
2 0.75 0.0777778 0.0625 0.111111
2 0.7625 0.0888889 0.0625 0.0888889
2 0.7625 0.111111 0.0625 0.0888889
2 0.79375 0.111111 0.025 0.0888889
2 0.8 0.1 0.0375 0.0666667
2 0.8125 0.1 0.0375 0.0666667
18 0.83125 0.1 0.025 0.0666667
18 0.89375 0.1 0.125 0.0666667
18 0.9 0.0888889 0.1375 0.0888889
4 0.91875 0.0888889 0.125 0.0888889
4 0.93125 0.1 0.125 0.0666667
0 0.953125 0.1 0.09375 0.111111
0 0.959375 0.0777778 0.08125 0.155556
19 0.965625 0.0888889 0.06875 0.0888889
4 0.965625 0.0888889 0.06875 0.133333
2 0.971875 0.0888889 0.05625 0.0888889
0 0.978125 0.111111 0.04375 0.0444444
0 0.996875 0.0888889 0.00625 0.133333
64 0.071875 0.0888889 0.14375 0.133333
21 0.26875 0.111111 0.125 0.0888889
2 0.64375 0.111111 0.15 0.0888889
2 0.65625 0.1 0.15 0.111111
2 0.7 0.1 0.1625 0.0666667
2 0.775 0.111111 0.1375 0.133333
2 0.75625 0.111111 0.075 0.133333
2 0.79375 0.111111 0.025 0.133333
2 0.79375 0.133333 0.025 0.0888889
2 0.8125 0.122222 0.0625 0.0666667
2 0.8625 0.111111 0.1375 0.0444444
18 0.86875 0.1 0.125 0.0666667
19 0.90625 0.1 0.125 0.0666667
19 0.93125 0.111111 0.125 0.0888889
10 0.953125 0.111111 0.09375 0.133333
0 0.959375 0.0888889 0.08125 0.177778
2 0.971875 0.111111 0.05625 0.0888889
0 0.984375 0.122222 0.03125 0.0666667
20 0.015625 0.0888889 0.03125 0.133333
19 0.175 0.122222 0.1375 0.0666667
20 0.2125 0.122222 0.1125 0.0666667
20 0.21875 0.133333 0.125 0.0888889
20 0.23125 0.122222 0.125 0.111111
19 0.24375 0.111111 0.125 0.133333
21 0.25625 0.122222 0.125 0.111111
19 0.75625 0.155556 0.125 0.0444444
2 0.76875 0.155556 0.125 0.0444444
2 0.775 0.122222 0.1125 0.111111
2 0.8 0.122222 0.0875 0.111111
2 0.825 0.133333 0.1125 0.133333
2 0.85 0.133333 0.1125 0.133333
2 0.85625 0.133333 0.125 0.0888889
18 0.86875 0.133333 0.125 0.0888889
18 0.9 0.133333 0.1125 0.0888889
18 0.90625 0.144444 0.125 0.0666667
18 0.925 0.133333 0.1125 0.0888889
14 0.93125 0.122222 0.125 0.111111
0 0.953125 0.133333 0.09375 0.133333
4 0.965625 0.144444 0.06875 0.111111
0 0.971875 0.133333 0.05625 0.0888889
0 0.990625 0.144444 0.01875 0.111111
0 0.996875 0.133333 0.00625 0.133333
20 0.053125 0.133333 0.10625 0.177778
19 0.01875 0.144444 0.025 0.111111
19 0.09375 0.155556 0.125 0.0888889
21 0.1 0.155556 0.1375 0.0888889
21 0.096875 0.155556 0.19375 0.0888889
19 0.15 0.155556 0.1375 0.0888889
19 0.175 0.155556 0.1375 0.0888889
19 0.2125 0.144444 0.1375 0.0666667
14 0.23125 0.155556 0.125 0.0888889
14 0.24375 0.144444 0.125 0.111111
21 0.25625 0.144444 0.125 0.111111
18 0.66875 0.155556 0.125 0.0888889
18 0.7 0.155556 0.1375 0.0888889
18 0.73125 0.155556 0.125 0.0888889
2 0.74375 0.155556 0.125 0.0888889
2 0.7625 0.166667 0.1375 0.111111
2 0.80625 0.155556 0.1 0.133333
2 0.84375 0.166667 0.125 0.155556
12 0.85625 0.144444 0.125 0.111111
21 0.86875 0.144444 0.125 0.111111
18 0.89375 0.155556 0.1 0.0888889
18 0.91875 0.155556 0.1 0.0888889
14 0.93125 0.155556 0.125 0.0888889
10 0.953125 0.111111 0.09375 0.222222
14 0.965625 0.155556 0.06875 0.133333
2 0.965625 0.155556 0.06875 0.0888889
0 0.971875 0.155556 0.05625 0.0888889
0 0.990625 0.144444 0.01875 0.111111
21 0.053125 0.144444 0.10625 0.2
21 0.10625 0.166667 0.175 0.111111
21 0.15 0.166667 0.2625 0.111111
21 0.23125 0.166667 0.125 0.111111
21 0.25 0.166667 0.1375 0.155556
21 0.25 0.177778 0.2375 0.133333
21 0.3125 0.177778 0.1375 0.133333
18 0.66875 0.166667 0.15 0.111111
18 0.71875 0.166667 0.125 0.0666667
19 0.71875 0.166667 0.125 0.111111
2 0.81875 0.166667 0.1 0.155556
2 0.8375 0.188889 0.1375 0.155556
18 0.85 0.177778 0.1375 0.133333
21 0.86875 0.166667 0.125 0.111111
21 0.89375 0.166667 0.125 0.111111
21 0.90625 0.155556 0.125 0.0888889
19 0.91875 0.155556 0.125 0.0888889
21 0.93125 0.155556 0.125 0.0888889
0 0.959375 0.177778 0.08125 0.133333
4 0.965625 0.166667 0.06875 0.111111
0 0.971875 0.177778 0.05625 0.0888889
0 0.996875 0.211111 0.00625 0.0666667
19 0.64375 0.177778 0.15 0.133333
14 0.66875 0.177778 0.125 0.133333
14 0.64375 0.188889 0.2 0.111111
18 0.7125 0.188889 0.1125 0.111111
19 0.71875 0.188889 0.125 0.111111
2 0.76875 0.2 0.125 0.133333
2 0.8 0.188889 0.1125 0.155556
18 0.83125 0.2 0.125 0.177778
21 0.8625 0.2 0.1375 0.133333
21 0.8875 0.2 0.1375 0.133333
21 0.9125 0.188889 0.1375 0.111111
4 0.965625 0.188889 0.06875 0.111111
2 0.971875 0.2 0.05625 0.0888889
0 0.990625 0.2 0.01875 0.0888889
0 0.996875 0.222222 0.00625 0.0444444
16 0.078125 0.188889 0.15625 0.2
21 0.25 0.211111 0.1375 0.111111
21 0.26875 0.222222 0.15 0.133333
21 0.3 0.222222 0.1375 0.133333
21 0.475 0.222222 0.1375 0.133333
21 0.5 0.222222 0.1375 0.133333
19 0.64375 0.211111 0.15 0.155556
14 0.66875 0.211111 0.125 0.155556
18 0.68125 0.211111 0.125 0.155556
19 0.63125 0.188889 0.3 0.111111
19 0.73125 0.222222 0.125 0.0888889
19 0.74375 0.2 0.15 0.133333
2 0.80625 0.222222 0.1 0.133333
2 0.825 0.222222 0.1125 0.133333
18 0.84375 0.211111 0.125 0.111111
21 0.88125 0.222222 0.125 0.133333
15 0.93125 0.2 0.125 0.0888889
10 0.953125 0.177778 0.09375 0.177778
9 0.959375 0.177778 0.08125 0.222222
4 0.965625 0.211111 0.06875 0.111111
2 0.978125 0.222222 0.04375 0.0888889
