44 0.028125 0.0111111 0.05625 0.0222222
42 0.040625 0.0222222 0.08125 0.0444444
42 0.078125 0.0222222 0.15625 0.0444444
54 0.053125 0.0111111 0.10625 0.0222222
47 0.059375 0.0111111 0.11875 0.0222222
52 0.1125 0.0222222 0.1875 0.0444444
47 0.10625 0.0222222 0.2 0.0444444
20 0.11875 0.0222222 0.2 0.0444444
21 0.125 0.0222222 0.1875 0.0444444
20 0.15 0.0222222 0.1875 0.0444444
54 0.18125 0.0222222 0.1 0.0444444
11 0.2 0.0222222 0.1125 0.0444444
9 0.225 0.0222222 0.1375 0.0444444
9 0.25625 0.0111111 0.125 0.0222222
20 0.2875 0.0111111 0.0875 0.0222222
20 0.325 0.0111111 0.1875 0.0222222
20 0.2875 0.0111111 0.1375 0.0222222
47 0.29375 0.0111111 0.125 0.0222222
18 0.3 0.0111111 0.1125 0.0222222
18 0.31875 0.0222222 0.125 0.0444444
21 0.33125 0.0222222 0.125 0.0444444
54 0.375 0.0222222 0.1875 0.0444444
54 0.40625 0 0.2 0
54 0.44375 0.0111111 0.2 0.0222222
47 0.45 0.0222222 0.1875 0.0444444
47 0.49375 0.0111111 0.075 0.0222222
1 0.51875 0.0111111 0.05 0.0222222
2 0.525 0.0111111 0.0625 0.0222222
2 0.49375 0.0222222 0.15 0.0444444
2 0.5125 0.0222222 0.1375 0.0444444
47 0.53125 0.0222222 0.125 0.0444444
47 0.5625 0.0222222 0.1125 0.0444444
40 0.6 0 0.0375 0
75 0.65 0 0.1125 0
43 0.625 0.0111111 0.1875 0.0222222
29 0.63125 0.0111111 0.125 0.0222222
42 0.625 0.0222222 0.1375 0.0444444
44 0.65 0.0222222 0.1375 0.0444444
65 0.6625 0.0222222 0.1375 0.0444444
43 0.74375 0.0222222 0.175 0.0444444
39 0.75 0.0222222 0.1875 0.0444444
27 0.75625 0.0222222 0.2 0.0444444
11 0.75625 0.0222222 0.2 0.0444444
15 0.78125 0.0111111 0.175 0.0222222
40 0.775 0.0111111 0.1375 0.0222222
15 0.825 0 0.0625 0
1 0.83125 0 0.075 0
16 0.88125 0 0.1 0
41 0.90625 0 0.125 0
42 0.88125 0 0.175 0
29 0.8875 0.0111111 0.2125 0.0222222
13 0.903125 0.0222222 0.19375 0.0444444
4 0.91875 0.0222222 0.15 0.0444444
1 0.928125 0.0222222 0.14375 0.0444444
43 0.934375 0 0.13125 0
44 0.990625 0.0111111 0.01875 0.0222222
43 0.059375 0.0222222 0.11875 0.0444444
44 0.0375 0.0222222 0.0625 0.0444444
27 0.040625 0.0222222 0.08125 0.0444444
32 0.053125 0.0333333 0.10625 0.0666667
42 0.06875 0.0222222 0.05 0.0444444
44 0.11875 0.0222222 0.2 0.0444444
47 0.125 0.0222222 0.2125 0.0444444
18 0.10625 0.0222222 0.1 0.0444444
54 0.16875 0.0222222 0.05 0.0444444
29 0.225 0.0222222 0.2125 0.0444444
29 0.23125 0.0111111 0.075 0.0222222
29 0.2 0.0111111 0.1125 0.0222222
28 0.225 0.0222222 0.1375 0.0444444
3 0.28125 0.0222222 0.05 0.0444444
47 0.28125 0.0222222 0.075 0.0444444
47 0.3375 0.0222222 0.1625 0.0444444
64 0.29375 0.0222222 0.125 0.0444444
47 0.3125 0.0222222 0.0875 0.0444444
42 0.3125 0.0222222 0.1125 0.0444444
29 0.34375 0.0222222 0.075 0.0444444
44 0.3875 0.0222222 0.2125 0.0444444
44 0.4625 0.0222222 0.1625 0.0444444
42 0.4625 0.0222222 0.1625 0.0444444
29 0.46875 0.0333333 0.2 0.0666667
42 0.48125 0.0333333 0.2 0.0666667
2 0.53125 0.0333333 0.175 0.0666667
1 0.53125 0.0333333 0.2 0.0666667
1 0.5125 0.0222222 0.1375 0.0444444
42 0.55 0.0222222 0.0875 0.0444444
42 0.5625 0.0111111 0.0625 0.0222222
42 0.56875 0.0222222 0.1 0.0444444
42 0.59375 0.0111111 0.2 0.0222222
42 0.61875 0.0222222 0.2 0.0444444
27 0.625 0.0222222 0.2125 0.0444444
42 0.63125 0.0222222 0.1 0.0444444
43 0.65 0.0333333 0.1375 0.0666667
42 0.6625 0.0333333 0.1375 0.0666667
39 0.69375 0.0333333 0.1 0.0666667
39 0.7125 0.0333333 0.1125 0.0666667
27 0.76875 0.0333333 0.075 0.0666667
1 0.80625 0.0222222 0.1 0.0444444
27 0.78125 0.0222222 0.125 0.0444444
27 0.78125 0.0111111 0.15 0.0222222
27 0.8625 0.0111111 0.1125 0.0222222
42 0.86875 0.0111111 0.15 0.0222222
42 0.88125 0.0222222 0.175 0.0444444
43 0.8875 0.0222222 0.1875 0.0444444
43 0.8875 0.0222222 0.2125 0.0444444
3 0.86875 0.0222222 0.15 0.0444444
29 0.875 0.0222222 0.1625 0.0444444
1 0.903125 0.0111141 0.19375 0.0222281
42 0.934375 0.0111111 0.13125 0.0222222
43 0.053125 0.0333333 0.10625 0.0666667
42 0.05 0.0222222 0.0625 0.0444444
32 0.06875 0.0222222 0.05 0.0444444
32 0.09375 0.0333333 0.05 0.0666667
52 0.10625 0.0222222 0.05 0.0444444
52 0.1125 0.0333333 0.2125 0.0666667
52 0.10625 0.0333333 0.125 0.0666667
32 0.10625 0.0333333 0.1 0.0666667
16 0.11875 0.0333333 0.125 0.0666667
15 0.15625 0.0333333 0.025 0.0666667
32 0.1625 0.0222222 0.0375 0.0444444
42 0.20625 0.0333333 0.075 0.0666667
42 0.19375 0.0333333 0.125 0.0666667
42 0.1875 0.0333333 0.1375 0.0666667
41 0.24375 0.0333333 0.05 0.0222222
42 0.2625 0.0444444 0.1375 0.0444444
44 0.275 0.0333333 0.1625 0.0666667
44 0.275 0.0222222 0.1875 0.0444444
67 0.2875 0.0222222 0.0875 0.0444444
29 0.3125 0.0222222 0.1875 0.0444444
29 0.325 0.0333333 0.0625 0.0666667
64 0.3375 0.0333333 0.0375 0.0666667
42 0.3 0.0333333 0.1125 0.0666667
29 0.30625 0.0333333 0.1 0.0666667
29 0.31875 0.0222222 0.1 0.0444444
29 0.35625 0.0333333 0.125 0.0666667
43 0.4125 0.0444444 0.2125 0.0888889
43 0.46875 0.0333333 0.2 0.0666667
65 0.50625 0.0333333 0.2 0.0666667
28 0.51875 0.0444444 0.2 0.0888889
3 0.53125 0.0444444 0.2 0.0888889
3 0.5125 0.0333333 0.1375 0.0666667
42 0.525 0.0333333 0.1375 0.0666667
41 0.55625 0.0444444 0.1 0.0444444
42 0.60625 0.0444444 0.175 0.0444444
41 0.6125 0.0333333 0.1875 0.0666667
42 0.6625 0.0222222 0.1625 0.0444444
29 0.65 0.0333333 0.1375 0.0666667
29 0.68125 0.0333333 0.2 0.0666667
29 0.6625 0.0444444 0.1375 0.0888889
42 0.70625 0.0444444 0.2 0.0888889
41 0.7375 0.0333333 0.1125 0.0666667
27 0.75625 0.0333333 0.1 0.0666667
1 0.775 0.0333333 0.0624994 0.0666667
1 0.8125 0.0333333 0.1125 0.0666667
28 0.78125 0.0333333 0.125 0.0666667
32 0.80625 0.0333333 0.2 0.0666667
32 0.81875 0.0222222 0.225 0.0444444
42 0.8375 0.0333333 0.2125 0.0666667
43 0.85 0.0333333 0.2125 0.0666667
43 0.88125 0.0222222 0.2 0.0444444
3 0.86875 0.0333333 0.15 0.0666667
1 0.903125 0.0222222 0.19375 0.0444444
1 0.91875 0.0333333 0.15 0.0666667
1 0.928125 0.0333333 0.14375 0.0666667
3 0.934375 0.0222222 0.13125 0.0444444
43 0.05625 0.0555556 0.05 0.111111
3 0.053125 0.0555556 0.10625 0.111111
3 0.06875 0.0333333 0.05 0.0666667
32 0.1125 0.0333333 0.1375 0.0666667
32 0.10625 0.0444444 0.2 0.0888889
29 0.14375 0.0333333 0.15 0.0666667
54 0.1 0.0333333 0.1125 0.0666667
2 0.1625 0.0333333 0.0625 0.0666667
15 0.1625 0.0333333 0.0375 0.0666667
15 0.2 0.0333333 0.0625 0.0666667
15 0.2125 0.0444444 0.0875 0.0888889
28 0.18125 0.0333333 0.15 0.0666667
28 0.225 0.0444444 0.1875 0.0444444
29 0.3 0.0444444 0.1125 0.0888889
29 0.31875 0.0444444 0.1 0.0888889
43 0.325 0.0444444 0.1125 0.0888889
43 0.40625 0.0555556 0.2 0.111111
44 0.50625 0.0444444 0.2 0.0888889
42 0.51875 0.0444444 0.2 0.0888889
44 0.5125 0.0444444 0.1375 0.0888889
44 0.525 0.0333333 0.1375 0.0666667
42 0.53125 0.0444444 0.15 0.0444444
41 0.56875 0.0555556 0.2 0.0666667
42 0.6 0.0555556 0.1875 0.0666667
39 0.60625 0.0333333 0.2 0.0666667
29 0.625 0.0444444 0.2125 0.0888889
29 0.64375 0.0444444 0.1 0.0888889
29 0.6625 0.0555556 0.1375 0.111111
29 0.725 0.0555556 0.1625 0.111111
39 0.7375 0.0555556 0.1625 0.111111
39 0.71875 0.0555556 0.1 0.111111
39 0.725 0.0555556 0.1375 0.111111
28 0.725 0.0555556 0.1375 0.111111
27 0.75625 0.0555556 0.2 0.0666667
28 0.79375 0.0444444 0.15 0.0888889
29 0.78125 0.0333333 0.125 0.0666667
29 0.80625 0.0555556 0.2 0.111111
32 0.8125 0.0555556 0.2125 0.111111
39 0.81875 0.0333333 0.15 0.0666667
42 0.86875 0.0444444 0.15 0.0444444
39 0.875 0.0555556 0.1375 0.0666667
3 0.934375 0.0555556 0.13125 0.0666667
1 0.915625 0.0444444 0.16875 0.0444444
1 0.9125 0.0444444 0.1625 0.0888889
1 0.934375 0.0444444 0.13125 0.0444444
32 0.95625 0.0444444 0.075 0.0444444
43 0.05 0.0555556 0.0625 0.111111
3 0.0625 0.0555556 0.0625 0.111111
1 0.0625 0.0444444 0.0625 0.0888889
15 0.13125 0.0444444 0.125 0.0888889
32 0.13125 0.0555556 0.15 0.111111
15 0.14375 0.0555556 0.15 0.111111
15 0.11875 0.0555556 0.075 0.111111
32 0.15625 0.0666667 0.15 0.0888889
16 0.1875 0.0555556 0.1375 0.111111
16 0.16875 0.0444444 0.05 0.0888889
32 0.2125 0.0555556 0.1375 0.111111
15 0.2125 0.0555556 0.1625 0.111111
28 0.19375 0.0666667 0.125 0.0444444
39 0.2375 0.0666667 0.1875 0.0444444
39 0.26875 0.0444444 0.175 0.0888889
32 0.3 0.0666667 0.0625 0.0888889
39 0.30625 0.0555556 0.075 0.111111
44 0.325 0.0555556 0.0625 0.111111
44 0.35 0.0555556 0.1625 0.111111
29 0.31875 0.0666667 0.125 0.133333
29 0.3375 0.0666667 0.1375 0.0888889
42 0.35625 0.0555556 0.125 0.111111
65 0.36875 0.0666667 0.125 0.133333
79 0.40625 0.0666667 0.075 0.133333
65 0.44375 0.0666667 0.1 0.0888889
43 0.4625 0.0666667 0.1375 0.0888889
43 0.49375 0.0555556 0.2 0.111111
43 0.525 0.0555556 0.2125 0.111111
65 0.5875 0.0555556 0.1625 0.0666667
3 0.6125 0.0777778 0.1875 0.0666667
3 0.63125 0.0555556 0.15 0.111111
3 0.65 0.0555556 0.1375 0.111111
42 0.6625 0.0555556 0.1375 0.111111
39 0.675 0.0555556 0.1375 0.111111
39 0.75 0.0666667 0.1625 0.133333
39 0.71875 0.0777778 0.125 0.111111
28 0.75625 0.0666667 0.2 0.0888889
24 0.79375 0.0666667 0.15 0.0888889
32 0.79375 0.0666667 0.175 0.0888889
32 0.88125 0.0666667 0.1 0.0444444
39 0.8875 0.0666667 0.0875 0.0444444
43 0.89375 0.0666667 0.1 0.0444444
44 0.86875 0.0666667 0.15 0.0444444
3 0.9 0.0666667 0.1875 0.0444444
1 0.921875 0.0666667 0.15625 0.0444444
1 0.91875 0.0777778 0.15 0.0666667
0 0.928125 0.0777778 0.14375 0.111111
0 0.934375 0.0666667 0.13125 0.0444444
1 0.95625 0.0666667 0.075 0.0444444
32 0.95625 0.0555556 0.075 0.0666667
44 0.053125 0.0666667 0.10625 0.133333
44 0.0375 0.0777778 0.0375 0.0666667
42 0.040625 0.0777778 0.08125 0.111111
3 0.06875 0.0666667 0.05 0.0888889
1 0.0625 0.0777778 0.0625 0.0666667
2 0.0875 0.0777778 0.0375 0.0666667
15 0.10625 0.0888889 0.05 0.0444444
15 0.1125 0.0777778 0.0625 0.0666667
15 0.11875 0.0888889 0.05 0.0444444
15 0.13125 0.1 0.025 0.0222222
15 0.14375 0.0888889 0.05 0.0444444
15 0.18125 0.0777778 0.05 0.0666667
16 0.2125 0.0777778 0.1375 0.0666667
15 0.2 0.0888889 0.0625 0.0444444
16 0.20625 0.1 0.075 0.0222222
16 0.225 0.1 0.0625 0.0222222
16 0.225 0.111111 0.0625 0.0444444
2 0.2375 0.111111 0.1125 0.0444444
15 0.26875 0.0888889 0.075 0.0444444
15 0.28125 0.1 0.075 0.0666667
15 0.33125 0.0777778 0.125 0.111111
64 0.34375 0.0777778 0.15 0.111111
57 0.34375 0.0777778 0.175 0.111111
47 0.35 0.0777778 0.1875 0.111111
42 0.35625 0.0888889 0.125 0.133333
11 0.4625 0.0777778 0.1625 0.0666667
11 0.4625 0.0777778 0.1625 0.111111
64 0.4625 0.0777778 0.1375 0.111111
3 0.50625 0.0666667 0.2 0.133333
64 0.525 0.0666667 0.1875 0.133333
32 0.5875 0.1 0.1875 0.0666667
3 0.6 0.0888889 0.1875 0.0444444
3 0.6125 0.1 0.1875 0.0666667
3 0.63125 0.0888889 0.125 0.0444444
3 0.64375 0.0888889 0.15 0.0888889
3 0.6625 0.0777778 0.1375 0.111111
3 0.70625 0.0666667 0.1 0.0888889
42 0.725 0.0777778 0.0875 0.111111
39 0.7375 0.0888889 0.1375 0.0888889
26 0.7875 0.0666667 0.0625 0.0888889
