55 0.034375 0.0222222 0.06875 0.0444444
29 0.5 0.0222222 0.1375 0.0444444
34 0.6375 0.0222222 0.1375 0.0444444
34 0.66875 0.0222222 0.15 0.0444444
29 0.6875 0.0222222 0.1375 0.0444444
29 0.7 0.0333333 0.1375 0.0666667
29 0.7125 0.0222222 0.1375 0.0444444
8 0.7375 0.0333333 0.1375 0.0666667
2 0.78125 0.0333333 0.125 0.0666667
2 0.8 0.0222222 0.1125 0.0444444
2 0.80625 0.0111111 0.1 0.0222222
8 0.825 0.0333333 0.0875 0.0666667
45 0.896875 0.0444444 0.20625 0.0888889
45 0.85625 0.0444444 0.1 0.0888889
8 0.88125 0.0222222 0.125 0.0444444
2 0.89375 0.0222222 0.125 0.0444444
45 0.89375 0.0222222 0.1 0.0444444
8 0.928125 0.0333333 0.14375 0.0666667
29 0.934375 0.0444444 0.13125 0.0888889
64 0.934375 0.0222222 0.13125 0.0444444
8 0.971875 0.0222222 0.05625 0.0444444
4 0.965625 0.0222222 0.06875 0.0444444
67 0.028125 0.0222222 0.05625 0.0444444
14 0.4125 0.0222222 0.1375 0.0444444
15 0.49375 0.0222222 0.125 0.0444444
14 0.50625 0.0222222 0.125 0.0444444
15 0.63125 0.0111111 0.15 0.0222222
15 0.65625 0.0111111 0.125 0.0222222
35 0.66875 0.0111111 0.15 0.0222222
65 0.6875 0.0222222 0.1375 0.0444444
29 0.7125 0.0222222 0.1375 0.0444444
29 0.7375 0.0333333 0.1375 0.0666667
29 0.75 0.0444444 0.1375 0.0888889
29 0.7625 0.0555556 0.1375 0.111111
8 0.76875 0.0555556 0.125 0.111111
2 0.8 0.0333333 0.0875 0.0666667
2 0.81875 0.0444444 0.1 0.0888889
2 0.84375 0.0444444 0.1 0.0888889
8 0.85 0.0333333 0.0875 0.0666667
29 0.8625 0.0333333 0.0875 0.0666667
29 0.89375 0.0333333 0.1 0.0666667
29 0.90625 0.0444444 0.1 0.0888889
29 0.93125 0.0222222 0.1 0.0444444
4 0.971875 0.0333333 0.05625 0.0666667
4 0.95625 0.0333333 0.075 0.0666667
15 0.4875 0.0444444 0.1375 0.0888889
15 0.51875 0.0444444 0.175 0.0888889
15 0.53125 0.0666667 0.175 0.133333
73 0.76875 0.0444444 0.125 0.0888889
8 0.78125 0.0444444 0.125 0.0888889
15 0.79375 0.0333333 0.125 0.0666667
8 0.8 0.0333333 0.0875 0.0666667
8 0.825 0.0666667 0.0875 0.133333
15 0.8375 0.0333333 0.0875 0.0666667
15 0.85 0.0444444 0.0875 0.0888889
63 0.8625 0.0333333 0.0875 0.0666667
63 0.9 0.0333333 0.1375 0.0666667
8 0.90625 0.0444444 0.125 0.0888889
29 0.934375 0.0666667 0.13125 0.133333
65 0.93125 0.0333333 0.1 0.0666667
8 0.990625 0.0444444 0.01875 0.0888889
8 0.03125 0.0555556 0.05 0.111111
28 0.0375 0.0555556 0.0375 0.111111
65 0.08125 0.0777778 0.125 0.155556
15 0.1125 0.0555556 0.1375 0.111111
34 0.1625 0.0333333 0.1375 0.0666667
15 0.2 0.0333333 0.1875 0.0666667
15 0.20625 0.0777778 0.175 0.155556
15 0.18125 0.0333333 0.1 0.0666667
15 0.2125 0.0333333 0.1125 0.0666667
65 0.30625 0.0333333 0.175 0.0666667
65 0.34375 0.0333333 0.05 0.0666667
15 0.3125 0.0444444 0.1375 0.0444444
15 0.325 0.0333333 0.1375 0.0666667
15 0.33125 0.0555556 0.125 0.0666667
15 0.38125 0.0555556 0.175 0.111111
15 0.375 0.0777778 0.1375 0.155556
15 0.4 0.0777778 0.1375 0.155556
14 0.4125 0.0777778 0.1375 0.155556
14 0.425 0.0777778 0.1375 0.155556
14 0.45 0.0555556 0.1375 0.111111
14 0.48125 0.0666667 0.125 0.0888889
14 0.5 0.0555556 0.1375 0.111111
14 0.50625 0.0777778 0.125 0.155556
15 0.50625 0.0555556 0.1 0.111111
15 0.53125 0.0555556 0.125 0.111111
65 0.58125 0.0777778 0.15 0.155556
65 0.60625 0.0666667 0.15 0.133333
15 0.61875 0.0777778 0.15 0.155556
15 0.66875 0.0666667 0.175 0.133333
15 0.69375 0.0555556 0.175 0.111111
15 0.70625 0.0666667 0.125 0.133333
15 0.73125 0.0555556 0.125 0.111111
14 0.75625 0.0777778 0.125 0.0666667
15 0.76875 0.0555556 0.125 0.111111
15 0.76875 0.0555556 0.1 0.111111
15 0.775 0.0444444 0.0875 0.0888889
15 0.80625 0.0333333 0.125 0.0666667
15 0.8125 0.0333333 0.0875 0.0666667
15 0.825 0.0444444 0.0875 0.0888889
63 0.8375 0.0444444 0.0875 0.0888889
29 0.90625 0.0555556 0.125 0.111111
29 0.990625 0.0555556 0.01875 0.111111
4 0.959375 0.0555556 0.08125 0.111111
26 0.034375 0.0666667 0.06875 0.0888889
28 0.03125 0.0666667 0.05 0.0888889
65 0.06875 0.1 0.125 0.155556
29 0.08125 0.0888889 0.125 0.177778
29 0.10625 0.0777778 0.125 0.111111
63 0.15625 0.0777778 0.175 0.111111
67 0.16875 0.0666667 0.175 0.133333
34 0.16875 0.0666667 0.15 0.133333
15 0.2 0.0666667 0.1875 0.0888889
15 0.1875 0.0666667 0.1375 0.133333
15 0.2 0.0777778 0.1375 0.111111
29 0.23125 0.0777778 0.15 0.111111
29 0.28125 0.0777778 0.175 0.111111
29 0.30625 0.0888889 0.15 0.0888889
15 0.3125 0.0888889 0.1375 0.0888889
15 0.35 0.0777778 0.1375 0.111111
15 0.425 0.0777778 0.1125 0.155556
15 0.44375 0.0777778 0.125 0.111111
15 0.46875 0.0777778 0.125 0.111111
15 0.49375 0.1 0.125 0.155556
8 0.5 0.1 0.1125 0.155556
15 0.50625 0.0777778 0.1 0.111111
15 0.54375 0.0666667 0.125 0.133333
63 0.5625 0.0666667 0.1375 0.133333
15 0.5875 0.0888889 0.1375 0.177778
15 0.59375 0.0777778 0.125 0.111111
15 0.60625 0.1 0.125 0.155556
15 0.625 0.0888889 0.1375 0.133333
15 0.65 0.0777778 0.1375 0.111111
15 0.675 0.0777778 0.1375 0.111111
14 0.7 0.0666667 0.1375 0.133333
14 0.73125 0.0888889 0.175 0.177778
14 0.725 0.0777778 0.1375 0.111111
14 0.7625 0.0888889 0.1875 0.0888889
14 0.74375 0.0888889 0.125 0.0888889
14 0.75625 0.0777778 0.125 0.111111
15 0.7625 0.0777778 0.0875 0.111111
15 0.775 0.0666667 0.0875 0.0888889
15 0.871875 0.0666667 0.25625 0.0444444
15 0.884375 0.0555556 0.23125 0.0666667
15 0.890625 0.0444444 0.21875 0.0888889
29 0.896875 0.0555556 0.20625 0.111111
29 0.921875 0.0555556 0.15625 0.111111
29 0.925 0.0888889 0.0875 0.0888889
25 0.959375 0.0666667 0.08125 0.133333
29 0.125 0.0777778 0.1375 0.155556
15 0.175 0.0888889 0.1375 0.0888889
15 0.1875 0.1 0.1375 0.111111
29 0.2 0.0888889 0.1375 0.0888889
29 0.2125 0.0888889 0.1375 0.133333
15 0.325 0.1 0.1375 0.111111
29 0.33125 0.1 0.125 0.111111
29 0.34375 0.0888889 0.125 0.133333
15 0.35625 0.1 0.125 0.111111
15 0.38125 0.0888889 0.125 0.0888889
15 0.43125 0.0888889 0.1 0.0888889
15 0.45625 0.0888889 0.125 0.0888889
29 0.48125 0.111111 0.125 0.133333
15 0.63125 0.0777778 0.275 0.155556
15 0.56875 0.0777778 0.125 0.155556
15 0.63125 0.0888889 0.125 0.0888889
15 0.675 0.1 0.1375 0.111111
15 0.69375 0.111111 0.125 0.133333
15 0.7125 0.111111 0.1375 0.177778
15 0.71875 0.0888889 0.125 0.0888889
15 0.74375 0.0888889 0.125 0.0888889
15 0.7625 0.1 0.0875 0.111111
29 0.865625 0.1 0.26875 0.111111
29 0.871875 0.0777778 0.25625 0.111111
59 0.921875 0.0555556 0.15625 0.111111
65 0.934375 0.0555556 0.13125 0.111111
15 0.9375 0.0888889 0.0875 0.0888889
29 0.990625 0.0777778 0.01875 0.111111
2 0.953125 0.0777778 0.09375 0.155556
28 0.03125 0.1 0.05 0.155556
63 0.36875 0.1 0.125 0.111111
15 0.40625 0.1 0.125 0.111111
15 0.43125 0.111111 0.125 0.0888889
63 0.44375 0.111111 0.125 0.0888889
67 0.45625 0.1 0.125 0.111111
63 0.46875 0.111111 0.125 0.133333
63 0.48125 0.111111 0.125 0.177778
63 0.58125 0.0888889 0.275 0.133333
67 0.5375 0.0777778 0.1375 0.111111
29 0.54375 0.1 0.125 0.155556
29 0.63125 0.122222 0.275 0.155556
15 0.56875 0.111111 0.125 0.177778
15 0.66875 0.122222 0.275 0.111111
15 0.68125 0.122222 0.275 0.2
63 0.6375 0.1 0.1375 0.155556
63 0.675 0.1 0.1875 0.155556
36 0.7125 0.111111 0.1875 0.177778
8 0.7375 0.122222 0.1875 0.2
15 0.75 0.0888889 0.1875 0.133333
63 0.775 0.1 0.1875 0.155556
63 0.83125 0.1 0.275 0.155556
59 0.915625 0.0888889 0.16875 0.177778
59 0.928125 0.1 0.14375 0.2
15 0.95625 0.122222 0.05 0.111111
25 0.953125 0.0888889 0.09375 0.177778
65 0.3875 0.144444 0.1375 0.2
15 0.4125 0.144444 0.1375 0.2
15 0.45 0.144444 0.1875 0.2
15 0.43125 0.122222 0.125 0.155556
65 0.48125 0.122222 0.125 0.155556
63 0.56875 0.111111 0.275 0.133333
65 0.53125 0.111111 0.125 0.133333
15 0.54375 0.133333 0.125 0.177778
15 0.58125 0.144444 0.125 0.2
15 0.60625 0.155556 0.1 0.0444444
15 0.63125 0.122222 0.125 0.111111
15 0.65 0.111111 0.1375 0.133333
15 0.6625 0.155556 0.1375 0.0444444
15 0.6875 0.155556 0.1375 0.0444444
15 0.7375 0.122222 0.1875 0.155556
15 0.71875 0.155556 0.125 0.0444444
15 0.74375 0.122222 0.125 0.111111
65 0.775 0.1 0.1125 0.111111
65 0.80625 0.111111 0.125 0.133333
65 0.83125 0.1 0.1 0.111111
65 0.86875 0.122222 0.125 0.155556
59 0.90625 0.122222 0.15 0.155556
59 0.921875 0.144444 0.15625 0.2
60 0.928125 0.133333 0.14375 0.222222
29 0.93125 0.166667 0.1 0.0666667
29 0.984375 0.122222 0.03125 0.155556
25 0.953125 0.122222 0.09375 0.155556
45 0.034375 0.144444 0.06875 0.155556
45 0.0875 0.155556 0.1375 0.133333
45 0.1 0.166667 0.1375 0.0666667
15 0.38125 0.166667 0.15 0.111111
15 0.4125 0.166667 0.1875 0.2
15 0.425 0.133333 0.1875 0.133333
15 0.43125 0.155556 0.125 0.0888889
15 0.45625 0.133333 0.125 0.133333
15 0.55625 0.133333 0.275 0.133333
15 0.56875 0.144444 0.275 0.0666667
15 0.58125 0.166667 0.275 0.0666667
15 0.51875 0.155556 0.125 0.0888889
15 0.55 0.133333 0.1125 0.133333
14 0.56875 0.133333 0.125 0.133333
14 0.66875 0.166667 0.275 0.111111
14 0.59375 0.166667 0.1 0.0666667
15 0.60625 0.166667 0.1 0.0666667
15 0.63125 0.166667 0.125 0.0666667
15 0.6625 0.155556 0.1375 0.0888889
15 0.6875 0.166667 0.1375 0.111111
14 0.7 0.166667 0.1375 0.111111
15 0.7125 0.166667 0.1375 0.111111
15 0.73125 0.155556 0.125 0.0888889
15 0.74375 0.177778 0.125 0.0888889
15 0.75625 0.166667 0.1 0.111111
15 0.78125 0.177778 0.1 0.0888889
15 0.8 0.177778 0.0875 0.133333
15 0.81875 0.166667 0.1 0.111111
15 0.8375 0.166667 0.0875 0.111111
15 0.85625 0.177778 0.1 0.133333
65 0.86875 0.177778 0.1 0.133333
65 0.875 0.2 0.0875 0.133333
29 0.925 0.166667 0.1125 0.111111
8 0.93125 0.166667 0.1 0.111111
8 0.953125 0.166667 0.09375 0.111111
29 0.95 0.155556 0.0875 0.133333
11 0.034375 0.177778 0.06875 0.222222
8 0.0875 0.166667 0.1375 0.111111
8 0.1125 0.177778 0.1375 0.133333
29 0.34375 0.166667 0.15 0.155556
29 0.3625 0.188889 0.1375 0.111111
15 0.3875 0.188889 0.1375 0.2
14 0.43125 0.155556 0.2 0.133333
15 0.4375 0.155556 0.1875 0.133333
15 0.4625 0.177778 0.1875 0.0888889
15 0.475 0.155556 0.1875 0.133333
15 0.45625 0.166667 0.125 0.0666667
15 0.46875 0.177778 0.125 0.0888889
15 0.55625 0.177778 0.275 0.0888889
15 0.5375 0.166667 0.1375 0.0666667
15 0.55 0.177778 0.1375 0.0888889
15 0.63125 0.177778 0.275 0.0888889
15 0.68125 0.177778 0.275 0.0888889
15 0.64375 0.177778 0.125 0.0888889
29 0.6625 0.177778 0.1375 0.0888889
29 0.675 0.166667 0.1375 0.111111
15 0.74375 0.177778 0.125 0.133333
15 0.775 0.177778 0.1125 0.133333
15 0.825 0.188889 0.0875 0.111111
29 0.8375 0.188889 0.0875 0.111111
29 0.85625 0.2 0.1 0.133333
29 0.9125 0.188889 0.1375 0.2
29 0.9125 0.188889 0.1125 0.111111
59 0.93125 0.177778 0.125 0.133333
15 0.93125 0.188889 0.1 0.111111
8 0.990625 0.177778 0.01875 0.133333
15 0.075 0.188889 0.1375 0.155556
8 0.0875 0.2 0.1375 0.133333
15 0.1125 0.2 0.1375 0.133333
