6 0.040625 0.0222222 0.08125 0.0444444
2 0.046875 0.0222222 0.09375 0.0444444
4 0.1125 0.0111111 0.1875 0.0222222
5 0.1375 0.0111111 0.1875 0.0222222
5 0.1625 0.0222222 0.1125 0.0444444
6 0.2875 0.0222222 0.1125 0.0444444
6 0.55 0.0222222 0.1125 0.0444444
8 0.74375 0.0111111 0.175 0.0222222
8 0.78125 0.0111111 0.125 0.0222222
6 0.953125 0.0111111 0.09375 0.0222222
4 0.040625 0.0333333 0.08125 0.0666667
4 0.046875 0.0222222 0.09375 0.0444444
4 0.053125 0.0222222 0.10625 0.0444444
10 0.0625 0.0222222 0.1125 0.0444444
23 0.075 0.0222222 0.1125 0.0444444
4 0.10625 0.0222222 0.075 0.0444444
4 0.1375 0.0222222 0.1125 0.0444444
4 0.15 0.0222222 0.1125 0.0444444
4 0.1625 0.0333333 0.1125 0.0666667
4 0.2875 0.0222222 0.1125 0.0444444
4 0.3125 0.0222222 0.1125 0.0444444
4 0.325 0.0333333 0.1125 0.0666667
4 0.35 0.0333333 0.1125 0.0666667
4 0.38125 0.0333333 0.125 0.0666667
4 0.40625 0.0333333 0.125 0.0666667
4 0.43125 0.0333333 0.125 0.0666667
4 0.4625 0.0333333 0.1125 0.0666667
9 0.49375 0.0333333 0.125 0.0666667
2 0.55 0.0333333 0.1125 0.0666667
2 0.56875 0.0333333 0.125 0.0666667
4 0.5875 0.0333333 0.1125 0.0666667
9 0.6 0.0222222 0.1125 0.0444444
10 0.6875 0.0111111 0.0625 0.0222222
10 0.7 0.0111111 0.0875 0.0222222
6 0.71875 0.0222222 0.1 0.0444444
6 0.74375 0.0222222 0.1 0.0444444
4 0.76875 0.0222222 0.125 0.0444444
2 0.7875 0.0222222 0.1125 0.0444444
2 0.80625 0.0111111 0.125 0.0222222
10 0.85625 0.0111111 0.1 0.0222222
7 0.8875 0.0222222 0.0875 0.0444444
21 0.91875 0.0111111 0.075 0.0222222
2 0.953125 0.0111111 0.09375 0.0222222
4 0.953125 0.0111111 0.09375 0.0222222
4 0.034375 0.0444444 0.06875 0.0444444
6 0.040625 0.0444444 0.08125 0.0444444
4 0.046875 0.0444444 0.09375 0.0444444
4 0.06875 0.0333333 0.075 0.0666667
4 0.1 0.0333333 0.1625 0.0666667
4 0.1125 0.0333333 0.1125 0.0666667
4 0.125 0.0444444 0.1125 0.0444444
6 0.15 0.0444444 0.1125 0.0444444
4 0.16875 0.0333333 0.125 0.0666667
6 0.175 0.0333333 0.1125 0.0666667
6 0.3375 0.0444444 0.1125 0.0444444
8 0.4375 0.0444444 0.1125 0.0444444
6 0.7375 0.0555556 0.0625 0.0222222
4 0.74375 0.0666667 0.1 0.0444444
6 0.78125 0.0666667 0.075 0.0444444
4 0.80625 0.0666667 0.075 0.0444444
13 0.81875 0.0666667 0.075 0.0444444
13 0.85625 0.0666667 0.125 0.0444444
8 0.875 0.0666667 0.1625 0.0444444
8 0.90625 0.0666667 0.125 0.0444444
6 0.89375 0.0666667 0.175 0.0444444
8 0.91875 0.0666667 0.075 0.0444444
8 0.946875 0.0666667 0.10625 0.0444444
4 0.021875 0.0666667 0.04375 0.0888889
2 0.040625 0.0666667 0.08125 0.0888889
4 0.053125 0.0555556 0.10625 0.0666667
2 0.0625 0.0555556 0.0625 0.0666667
4 0.125 0.0666667 0.0875 0.0444444
4 0.1625 0.0666667 0.0625 0.0444444
4 0.14375 0.0666667 0.1 0.0444444
4 0.1625 0.0666667 0.1125 0.0444444
2 0.16875 0.0555556 0.125 0.0666667
2 0.35625 0.0555556 0.075 0.0666667
6 0.74375 0.0666667 0.1 0.0444444
4 0.76875 0.0666667 0.175 0.0444444
4 0.78125 0.0777778 0.175 0.0666667
9 0.85625 0.0666667 0.125 0.0444444
9 0.88125 0.0666667 0.125 0.0444444
10 0.89375 0.0666667 0.075 0.0444444
4 0.91875 0.0777778 0.125 0.0666667
4 0.940625 0.0777778 0.11875 0.0666667
0 0.95 0.0666667 0.0875 0.0888889
15 0.996875 0.0444444 0.00625 0.0444444
4 0.015625 0.0777778 0.03125 0.0666667
2 0.015625 0.0777778 0.03125 0.0666667
2 0.040625 0.1 0.08125 0.111111
2 0.053125 0.0777778 0.10625 0.111111
2 0.034375 0.0888889 0.06875 0.0444444
1 0.075 0.1 0.0375 0.0222222
1 0.10625 0.1 0.075 0.0222222
1 0.15 0.1 0.1125 0.0222222
22 0.14375 0.1 0.025 0.0222222
2 0.14375 0.1 0.025 0.0222222
2 0.1375 0.0888889 0.0625 0.0444444
2 0.18125 0.0888889 0.05 0.0444444
2 0.2 0.0888889 0.0375 0.0444444
2 0.2125 0.0555556 0.0625 0.111111
9 0.25625 0.0444444 0.05 0.0888889
9 0.26875 0.0444444 0.05 0.0888889
9 0.28125 0.0444444 0.05 0.0888889
12 0.29375 0.0444444 0.05 0.0888889
2 0.31875 0.0666667 0.025 0.0444444
2 0.34375 0.0666667 0.05 0.0888889
2 0.35625 0.0555556 0.05 0.0666667
14 0.36875 0.0555556 0.05 0.0666667
12 0.38125 0.0555556 0.05 0.0666667
12 0.4 0.0555556 0.0375 0.0666667
9 0.40625 0.0555556 0.05 0.0666667
9 0.41875 0.0555556 0.025 0.0666667
9 0.43125 0.0555556 0.025 0.0666667
10 0.45 0.0666667 0.0375 0.0444444
12 0.45625 0.0666667 0.05 0.0444444
14 0.4625 0.0555556 0.0375 0.0666667
12 0.55 0.0555556 0.0625 0.0666667
43 0.6625 0.0777778 0.1125 0.0666667
8 0.7375 0.0888889 0.0875 0.0444444
8 0.75 0.0777778 0.0875 0.0666667
6 0.79375 0.0888889 0.175 0.0888889
6 0.80625 0.1 0.175 0.0666667
8 0.89375 0.0888889 0.075 0.0444444
8 0.88125 0.111111 0.125 0.0444444
4 0.89375 0.1 0.125 0.0666667
4 0.95625 0.0888889 0.075 0.0444444
4 0.940625 0.1 0.11875 0.0666667
4 0.946875 0.1 0.10625 0.0666667
3 0.959375 0.1 0.08125 0.0666667
2 0.015625 0.122222 0.03125 0.0666667
2 0.01875 0.111111 0.025 0.0444444
2 0.021875 0.111111 0.04375 0.133333
1 0.075 0.111111 0.0375 0.0444444
1 0.0875 0.122222 0.0625 0.0222222
3 0.0875 0.133333 0.0625 0.0444444
17 0.125 0.122222 0.0625 0.0222222
19 0.125 0.122222 0.0625 0.0222222
19 0.14375 0.122222 0.05 0.0222222
18 0.15 0.122222 0.0375 0.0222222
2 0.1625 0.122222 0.0375 0.0222222
2 0.175 0.111111 0.0125 0.0444444
2 0.20625 0.111111 0.075 0.0444444
2 0.21875 0.133333 0.075 0.0444444
20 0.225 0.111111 0.0875 0.0444444
21 0.23125 0.111111 0.1 0.0444444
21 0.25625 0.111111 0.075 0.0444444
21 0.2875 0.111111 0.0875 0.0444444
2 0.3125 0.111111 0.0625 0.0444444
2 0.31875 0.122222 0.075 0.0222222
2 0.35 0.122222 0.0625 0.0222222
2 0.35625 0.111111 0.075 0.0444444
2 0.38125 0.122222 0.075 0.0222222
47 0.3875 0.111111 0.0625 0.0444444
9 0.4 0.111111 0.0625 0.0444444
9 0.4125 0.0888889 0.0625 0.0888889
9 0.425 0.0888889 0.0625 0.0444444
2 0.4375 0.1 0.0625 0.0666667
2 0.45 0.111111 0.0625 0.0444444
2 0.48125 0.111111 0.05 0.0444444
18 0.4875 0.111111 0.0625 0.0444444
18 0.5 0.122222 0.0625 0.0222222
20 0.5125 0.122222 0.0625 0.0222222
20 0.54375 0.122222 0.1 0.0222222
20 0.55625 0.122222 0.05 0.0222222
47 0.58125 0.122222 0.1 0.0222222
21 0.60625 0.111111 0.075 0.0444444
4 0.6125 0.111111 0.0625 0.0444444
4 0.64375 0.1 0.075 0.0666667
5 0.65625 0.0888889 0.125 0.0888889
4 0.66875 0.1 0.125 0.0666667
8 0.74375 0.1 0.075 0.0666667
8 0.75625 0.111111 0.075 0.0444444
8 0.7375 0.111111 0.1125 0.0888889
6 0.78125 0.111111 0.175 0.0888889
8 0.79375 0.122222 0.125 0.0666667
4 0.80625 0.122222 0.125 0.0666667
8 0.825 0.122222 0.1125 0.0666667
4 0.875 0.122222 0.1375 0.0666667
8 0.88125 0.122222 0.125 0.0666667
4 0.915625 0.122222 0.16875 0.0666667
4 0.946875 0.111111 0.10625 0.0888889
0 0.953125 0.122222 0.09375 0.0666667
3 0.984375 0.133333 0.03125 0.0444444
4 0.015625 0.144444 0.03125 0.0666667
2 0.01875 0.122222 0.025 0.0666667
2 0.015625 0.133333 0.03125 0.0888889
53 0.05625 0.133333 0.05 0.0444444
3 0.08125 0.144444 0.075 0.0222222
18 0.0875 0.144444 0.0625 0.0222222
17 0.0875 0.155556 0.0625 0.0444444
17 0.1125 0.155556 0.0875 0.0444444
17 0.13125 0.155556 0.075 0.0444444
17 0.13125 0.155556 0.05 0.0444444
17 0.14375 0.155556 0.05 0.0444444
4 0.15625 0.155556 0.025 0.0444444
17 0.175 0.155556 0.0125 0.0444444
18 0.21875 0.144444 0.075 0.0222222
21 0.21875 0.144444 0.075 0.0222222
74 0.24375 0.155556 0.125 0.0444444
74 0.26875 0.155556 0.125 0.0444444
54 0.30625 0.144444 0.075 0.0222222
54 0.3125 0.155556 0.0875 0.0444444
21 0.33125 0.144444 0.075 0.0222222
21 0.35 0.144444 0.0875 0.0222222
21 0.3625 0.133333 0.0875 0.0444444
55 0.38125 0.144444 0.075 0.0222222
21 0.45 0.133333 0.0625 0.0444444
20 0.45625 0.133333 0.025 0.0444444
20 0.475 0.133333 0.0375 0.0444444
20 0.4875 0.133333 0.0375 0.0444444
20 0.5 0.133333 0.0375 0.0444444
20 0.525 0.133333 0.0625 0.0444444
18 0.55 0.133333 0.0625 0.0444444
18 0.55 0.144444 0.0625 0.0222222
18 0.59375 0.144444 0.075 0.0222222
20 0.59375 0.144444 0.05 0.0222222
21 0.60625 0.144444 0.1 0.0222222
4 0.6875 0.133333 0.0625 0.0444444
4 0.7 0.133333 0.0625 0.0444444
8 0.71875 0.144444 0.075 0.0666667
8 0.725 0.133333 0.0625 0.0444444
8 0.74375 0.133333 0.075 0.0444444
8 0.75 0.144444 0.0625 0.0666667
8 0.7375 0.144444 0.1125 0.0666667
8 0.81875 0.133333 0.075 0.0444444
8 0.84375 0.133333 0.075 0.0444444
8 0.8375 0.144444 0.1125 0.0666667
8 0.86875 0.144444 0.175 0.0666667
8 0.85625 0.133333 0.125 0.0444444
8 0.915625 0.144444 0.16875 0.0666667
4 0.940625 0.144444 0.11875 0.0666667
6 0.946875 0.133333 0.10625 0.0888889
3 0.953125 0.122222 0.09375 0.0666667
9 0.984375 0.133333 0.03125 0.0444444
2 0.015625 0.166667 0.03125 0.0666667
2 0.015625 0.155556 0.03125 0.0444444
22 0.06875 0.166667 0.075 0.0222222
18 0.1 0.177778 0.1375 0.0444444
17 0.06875 0.177778 0.1 0.0444444
17 0.0875 0.166667 0.0625 0.0222222
17 0.1125 0.155556 0.0375 0.0444444
2 0.1375 0.155556 0.0375 0.0444444
7 0.1375 0.155556 0.0375 0.0444444
7 0.15625 0.155556 0.025 0.0444444
17 0.1625 0.155556 0.0125 0.0444444
4 0.21875 0.166667 0.075 0.0222222
4 0.2375 0.177778 0.1125 0.0444444
4 0.25625 0.166667 0.125 0.0222222
4 0.28125 0.177778 0.125 0.0444444
4 0.35 0.177778 0.1125 0.0444444
4 0.36875 0.166667 0.1 0.0222222
4 0.40625 0.166667 0.075 0.0222222
4 0.4 0.166667 0.1125 0.0222222
4 0.4125 0.177778 0.1125 0.0444444
4 0.44375 0.166667 0.175 0.0666667
4 0.45625 0.155556 0.175 0.0444444
74 0.44375 0.166667 0.125 0.0222222
74 0.475 0.155556 0.0875 0.0444444
74 0.5 0.155556 0.0875 0.0444444
53 0.54375 0.155556 0.075 0.0444444
1 0.54375 0.155556 0.075 0.0444444
22 0.59375 0.155556 0.15 0.0444444
22 0.60625 0.166667 0.15 0.0666667
53 0.61875 0.177778 0.175 0.0444444
8 0.675 0.155556 0.0875 0.0444444
4 0.6875 0.155556 0.0875 0.0444444
4 0.69375 0.166667 0.1 0.0666667
4 0.7125 0.166667 0.1625 0.0666667
8 0.73125 0.166667 0.075 0.0666667
4 0.74375 0.155556 0.075 0.0444444
4 0.76875 0.155556 0.175 0.0444444
4 0.78125 0.155556 0.175 0.0888889
4 0.80625 0.155556 0.175 0.0444444
8 0.81875 0.155556 0.075 0.0444444
8 0.84375 0.155556 0.075 0.0444444
4 0.8375 0.155556 0.1125 0.0444444
8 0.84375 0.155556 0.125 0.0444444
4 0.88125 0.155556 0.125 0.0444444
8 0.90625 0.166667 0.125 0.0666667
8 0.928125 0.166667 0.14375 0.0666667
4 0.946875 0.155556 0.10625 0.0888889
4 0.946875 0.155556 0.10625 0.0888889
2 0.953125 0.155556 0.09375 0.0888889
0 0.990625 0.155556 0.01875 0.0444444
2 0.053125 0.166667 0.10625 0.0666667
2 0.05 0.188889 0.0375 0.0222222
18 0.10625 0.188889 0.125 0.0222222
18 0.05 0.188889 0.0875 0.0222222
17 0.0625 0.188889 0.0875 0.0222222
17 0.09375 0.177778 0.05 0.0444444
17 0.1125 0.177778 0.0375 0.0444444
2 0.13125 0.177778 0.025 0.0444444
17 0.14375 0.177778 0.025 0.0444444
17 0.15625 0.166667 0.025 0.0666667
18 0.1875 0.177778 0.0625 0.0444444
18 0.2 0.177778 0.0625 0.0444444
4 0.21875 0.177778 0.075 0.0444444
2 0.2375 0.177778 0.1125 0.0444444
2 0.28125 0.177778 0.125 0.0444444
