49 0.59375 0 0.05 0
49 0.60625 0.0111111 0.075 0.0222222
25 0.625 0 0.0125 0
11 0.65 0.0222222 0.0875 0.0444444
8 0.6625 0.0222222 0.0875 0.0444444
11 0.5875 0.0222222 0.1625 0.0444444
8 0.965625 0.0222222 0.06875 0.0444444
8 0.4 0.0111111 0.0625 0.0222222
8 0.028125 0.0555556 0.05625 0.111111
8 0.034375 0.0444444 0.06875 0.0888889
6 0.071875 0.0444444 0.14375 0.0888889
2 0.075 0.0555556 0.0375 0.0666667
4 0.075 0.0666667 0.0375 0.0444444
2 0.09375 0.0444444 0.025 0.0888889
5 0.1 0.0444444 0.0375 0.0888889
9 0.1125 0.0444444 0.0375 0.0888889
8 0.034375 0.0555556 0.06875 0.0666667
8 0.040625 0.0666667 0.08125 0.0888889
6 0.071875 0.0666667 0.14375 0.0888889
2 0.0625 0.0666667 0.0375 0.0888889
2 0.075 0.0444444 0.0375 0.0444444
5 0.08125 0.0555556 0.025 0.0666667
5 0.10625 0.0555556 0.025 0.0666667
21 0.1375 0.0888889 0.0875 0.0888889
8 0.5 0.0777778 0.0875 0.0666667
12 0.7125 0.0666667 0.1375 0.0444444
8 0.71875 0.0777778 0.15 0.0666667
53 0.75625 0.0777778 0.125 0.0666667
53 0.775 0.0666667 0.1125 0.0444444
8 0.75 0.0666667 0.0375 0.0444444
8 0.7625 0.0666667 0.0375 0.0444444
39 0.775 0.0666667 0.0125 0.0444444
39 0.7875 0.0666667 0.0125 0.0444444
10 0.83125 0.0666667 0.05 0.0444444
9 0.8375 0.0666667 0.0625 0.0444444
10 0.88125 0.0555556 0.1 0.0666667
8 0.965625 0.0444444 0.06875 0.0444444
8 0.028125 0.0777778 0.05625 0.0666667
6 0.034375 0.0777778 0.06875 0.0666667
5 0.05 0.0888889 0.0375 0.0888889
4 0.21875 0.122222 0.075 0.0666667
34 0.24375 0.122222 0.1 0.0666667
34 0.28125 0.122222 0.075 0.0666667
44 0.73125 0.0888889 0.125 0.0444444
8 0.059375 0.1 0.11875 0.0666667
8 0.05625 0.1 0.025 0.0666667
8 0.16875 0.122222 0.125 0.0666667
4 0.2375 0.122222 0.1125 0.0666667
4 0.24375 0.144444 0.125 0.0666667
4 0.21875 0.144444 0.05 0.0666667
4 0.225 0.133333 0.0625 0.0888889
19 0.21875 0.133333 0.075 0.0888889
19 0.21875 0.133333 0.125 0.0888889
8 0.26875 0.133333 0.175 0.0888889
8 0.28125 0.122222 0.1 0.0666667
8 0.3 0.122222 0.1125 0.0666667
9 0.325 0.122222 0.0375 0.0666667
10 0.5 0.111111 0.0625 0.0444444
10 0.5125 0.111111 0.0625 0.0444444
11 0.059375 0.122222 0.11875 0.0666667
11 0.015625 0.122222 0.03125 0.0666667
8 0.16875 0.133333 0.15 0.0888889
14 0.16875 0.166667 0.175 0.0666667
21 0.175 0.166667 0.0875 0.0666667
4 0.21875 0.166667 0.125 0.0666667
4 0.2375 0.255556 0.1125 0.244444
4 0.24375 0.166667 0.125 0.0666667
19 0.2125 0.166667 0.0375 0.0666667
19 0.225 0.166667 0.0375 0.0666667
29 0.2625 0.144444 0.0375 0.0666667
8 0.3125 0.144444 0.1125 0.0666667
8 0.2875 0.144444 0.0375 0.0666667
44 0.3 0.144444 0.0375 0.0666667
12 0.984375 0.0777778 0.03125 0.155556
29 0.059375 0.144444 0.11875 0.0666667
8 0.16875 0.144444 0.125 0.0666667
21 0.175 0.144444 0.1375 0.0666667
4 0.1875 0.177778 0.1625 0.0888889
10 0.984375 0.133333 0.03125 0.0888889
8 0.1125 0.2 0.0375 0.0444444
8 0.16875 0.188889 0.125 0.0666667
29 0.20625 0.2 0.025 0.0444444
25 0.225 0.188889 0.0375 0.0666667
29 0.2375 0.188889 0.0375 0.0666667
8 0.11875 0.211111 0.125 0.0666667
8 0.14375 0.2 0.125 0.0444444
8 0.15625 0.2 0.125 0.0888889
47 0.16875 0.211111 0.125 0.0666667
55 0.18125 0.211111 0.125 0.0666667
60 0.19375 0.2 0.025 0.0444444
60 0.20625 0.2 0.025 0.0444444
12 0.25625 0.2 0.025 0.0444444
32 0.28125 0.2 0 0.0444444
32 0.24375 0.2 0.1 0.0444444
12 0.26875 0.222222 0.1 0.0444444
10 0.2875 0.222222 0.0875 0.0444444
12 0.66875 0.2 0.1 0.0888889
8 0.021875 0.211111 0.04375 0.111111
10 0.075 0.233333 0.0625 0.0666667
14 0.125 0.233333 0.0875 0.0666667
10 0.15625 0.211111 0.075 0.0666667
10 0.1625 0.211111 0.0375 0.0222222
12 0.225 0.211111 0.0375 0.0222222
12 0.2375 0.222222 0.0125 0.0444444
12 0.25 0.222222 0.0125 0.0444444
12 0.2125 0.222222 0.1125 0.0444444
12 0.2375 0.222222 0.1125 0.0444444
12 0.30625 0.222222 0.025 0.0444444
12 0.3125 0.233333 0.0375 0.0222222
12 0.33125 0.244444 0.025 0.0444444
8 0.34375 0.244444 0.025 0.0444444
8 0.35625 0.244444 0.025 0.0444444
8 0.36875 0.244444 0.025 0.0444444
29 0.35625 0.244444 0.075 0.0444444
29 0.38125 0.244444 0.025 0.0444444
8 0.41875 0.244444 0.125 0.0444444
44 0.45 0.233333 0.0875 0.0666667
21 0.69375 0.211111 0.125 0.111111
10 0.984375 0.211111 0.03125 0.0666667
10 0.990625 0.211111 0.01875 0.111111
21 0.053125 0.222222 0.10625 0.133333
4 0.0625 0.255556 0.0625 0.0666667
4 0.10625 0.255556 0.1 0.0666667
9 0.10625 0.266667 0.125 0.0888889
10 0.0875 0.255556 0.1125 0.111111
79 0.1875 0.233333 0.0375 0.0222222
79 0.20625 0.233333 0.025 0.0222222
29 0.2125 0.233333 0.0125 0.0222222
29 0.225 0.244444 0.0375 0.0444444
60 0.34375 0.244444 0.025 0.0444444
29 0.35 0.244444 0.0375 0.0444444
29 0.36875 0.244444 0.025 0.0444444
19 0.38125 0.244444 0.025 0.0444444
19 0.3875 0.244444 0.0375 0.0444444
11 0.80625 0.222222 0.125 0.133333
21 0.83125 0.211111 0.125 0.0666667
21 0.85 0.222222 0.1125 0.0888889
8 0.88125 0.222222 0.075 0.0888889
8 0.953125 0.233333 0.09375 0.111111
8 0.959375 0.244444 0.08125 0.0888889
8 0.965625 0.233333 0.06875 0.0666667
10 0.990625 0.255556 0.01875 0.0222222
10 0.990625 0.255556 0.01875 0.0222222
11 0.225 0.255556 0.0375 0.0222222
12 0.24375 0.255556 0.025 0.0666667
12 0.2875 0.266667 0.0375 0.0444444
12 0.3125 0.255556 0.0375 0.0222222
12 0.325 0.255556 0.0375 0.0222222
12 0.3375 0.277778 0.0375 0.0666667
12 0.35 0.255556 0.0375 0.0222222
60 0.3625 0.277778 0.0375 0.0666667
12 0.375 0.255556 0.0375 0.0222222
25 0.3875 0.277778 0.0375 0.0666667
8 0.56875 0.288889 0.125 0.0888889
11 0.65625 0.266667 0.075 0.133333
11 0.6625 0.222222 0.0625 0.222222
46 0.66875 0.266667 0.05 0.133333
51 0.80625 0.288889 0.15 0.0444444
11 0.875 0.255556 0.0875 0.111111
11 0.9 0.244444 0.1375 0.0888889
9 0.9875 0.277778 0.0125 0.0666667
10 0.990625 0.277778 0.01875 0.0666667
6 0.06875 0.3 0.075 0.0666667
21 0.1375 0.277778 0.0875 0.111111
11 0.1625 0.3 0.0875 0.0666667
8 0.175 0.266667 0.0625 0.0888889
10 0.175 0.277778 0.0875 0.111111
4 0.20625 0.277778 0.05 0.111111
2 0.20625 0.277778 0.05 0.111111
4 0.2125 0.277778 0.0875 0.111111
10 0.2625 0.277778 0.1625 0.155556
11 0.24375 0.277778 0.075 0.155556
11 0.2625 0.277778 0.0625 0.155556
11 0.275 0.288889 0.0625 0.133333
11 0.2875 0.288889 0.0625 0.133333
11 0.3 0.288889 0.0625 0.133333
11 0.325 0.288889 0.0625 0.133333
4 0.33125 0.288889 0.05 0.133333
4 0.34375 0.288889 0.05 0.133333
4 0.3625 0.288889 0.0625 0.133333
11 0.36875 0.311111 0.05 0.0888889
11 0.38125 0.3 0.05 0.0666667
4 0.375 0.288889 0.0625 0.0888889
4 0.54375 0.288889 0.175 0.0888889
8 0.5375 0.3 0.1375 0.111111
8 0.5625 0.3 0.0875 0.111111
8 0.61875 0.277778 0.05 0.111111
8 0.60625 0.277778 0.075 0.111111
11 0.6 0.277778 0.1125 0.111111
11 0.6125 0.277778 0.1125 0.155556
11 0.65625 0.277778 0.05 0.155556
21 0.78125 0.277778 0.125 0.111111
25 0.80625 0.3 0.15 0.0666667
8 0.80625 0.3 0.175 0.0666667
8 0.775 0.3 0.1125 0.0666667
55 0.8375 0.322222 0.1125 0.0666667
8 0.8375 0.311111 0.1375 0.0888889
6 0.86875 0.288889 0.075 0.0444444
10 0.9875 0.288889 0.0125 0.0444444
4 0.08125 0.311111 0 0.0444444
29 0.20625 0.333333 0.025 0.0444444
29 0.21875 0.333333 0.025 0.0444444
29 0.23125 0.333333 0.025 0.0444444
29 0.24375 0.333333 0.025 0.0444444
29 0.25625 0.333333 0.025 0.0444444
29 0.26875 0.333333 0.025 0.0444444
29 0.28125 0.333333 0.025 0.0444444
29 0.29375 0.333333 0.025 0.0444444
29 0.30625 0.333333 0.025 0.0444444
29 0.31875 0.333333 0.025 0.0444444
29 0.33125 0.333333 0.025 0.0444444
29 0.3375 0.333333 0.0375 0.0444444
29 0.33125 0.333333 0.075 0.0444444
29 0.3625 0.333333 0.0375 0.0444444
29 0.375 0.333333 0.0375 0.0444444
8 0.56875 0.322222 0.075 0.0666667
8 0.575 0.322222 0.0625 0.0222222
8 0.575 0.333333 0.0375 0.0444444
5 0.575 0.322222 0.0625 0.0666667
2 0.59375 0.288889 0.05 0.0888889
29 0.63125 0.333333 0.025 0.0444444
8 0.6625 0.333333 0.0375 0.0888889
8 0.73125 0.333333 0.125 0.0444444
44 0.73125 0.333333 0.1 0.0444444
8 0.78125 0.311111 0.125 0.0444444
11 0.79375 0.311111 0.125 0.0444444
21 0.80625 0.3 0.175 0.0666667
0 0.990625 0.333333 0.01875 0.0888889
21 0.1375 0.311111 0.0875 0.0888889
60 0.4 0.333333 0.0375 0.0444444
19 0.56875 0.344444 0.05 0.0666667
2 0.575 0.344444 0.0375 0.0666667
2 0.575 0.344444 0.0625 0.0666667
17 0.58125 0.344444 0.075 0.111111
7 0.64375 0.344444 0.025 0.0666667
19 0.65625 0.333333 0.025 0.0444444
25 0.6625 0.333333 0.0375 0.0444444
10 0.990625 0.322222 0.01875 0.111111
10 0.9875 0.322222 0.0125 0.111111
11 0.01875 0.344444 0.025 0.0666667
47 0.14375 0.344444 0.075 0.0666667
60 0.225 0.355556 0.0375 0.0444444
60 0.2375 0.355556 0.0375 0.0444444
60 0.25 0.355556 0.0375 0.0444444
60 0.2625 0.355556 0.0375 0.0444444
60 0.275 0.355556 0.0375 0.0444444
60 0.2875 0.355556 0.0375 0.0444444
60 0.3 0.355556 0.0375 0.0444444
60 0.3125 0.355556 0.0375 0.0444444
60 0.325 0.355556 0.0375 0.0444444
60 0.3375 0.355556 0.0375 0.0444444
60 0.35 0.355556 0.0375 0.0444444
60 0.3625 0.355556 0.0375 0.0444444
78 0.375 0.355556 0.0375 0.0444444
25 0.39375 0.355556 0.025 0.0444444
60 0.4 0.355556 0.0375 0.0444444
29 0.575 0.355556 0.0375 0.0444444
19 0.56875 0.366667 0.075 0.0666667
8 0.58125 0.366667 0.075 0.0666667
60 0.63125 0.355556 0.025 0.0444444
60 0.6375 0.366667 0.0375 0.0666667
12 0.65 0.322222 0.0375 0.0666667
47 0.6625 0.355556 0.0375 0.0444444
11 0.9625 0.377778 0.0625 0.0444444
5 0.978125 0.377778 0.04375 0.0444444
0 0.9875 0.322222 0.0125 0.111111
60 0.225 0.366667 0.0375 0.0222222
60 0.3375 0.377778 0.0375 0.0444444
78 0.3625 0.377778 0.0375 0.0444444
12 0.375 0.366667 0.0375 0.0222222
29 0.59375 0.377778 0.025 0.0444444
21 0.60625 0.377778 0.025 0.0444444
34 0.63125 0.377778 0.025 0.0444444
12 0.65625 0.377778 0.025 0.0444444
19 0.9625 0.388889 0.0625 0.0666667
2 0.978125 0.388889 0.04375 0.0222222
4 0.9875 0.4 0.0125 0.0444444
78 0.2625 0.4 0.0375 0.0444444
78 0.31875 0.4 0.025 0.0444444
78 0.3375 0.4 0.0375 0.0444444
12 0.35 0.4 0.0375 0.0444444
12 0.3625 0.388889 0.0375 0.0222222
78 0.375 0.388889 0.0375 0.0222222
79 0.3875 0.388889 0.0375 0.0222222
12 0.6375 0.4 0.0375 0.0444444
78 0.65 0.4 0.0375 0.0444444
44 0.8375 0.411111 0.0375 0.0666667
44 0.8625 0.411111 0.0125 0.0666667
44 0.88125 0.411111 0.025 0.0666667
44 0.89375 0.411111 0.025 0.0666667
6 0.95625 0.411111 0.075 0.0666667
6 0.971875 0.411111 0.05625 0.0666667
2 0.971875 0.4 0.05625 0.0444444
10 0.9625 0.411111 0.0375 0.0666667
5 0.98125 0.411111 0.025 0.0666667
78 0.36875 0.422222 0.025 0.0444444
78 0.38125 0.422222 0.025 0.0444444
78 0.4 0.422222 0.0125 0.0444444
5 0.95625 0.411111 0.075 0.0666667
5 0.9625 0.422222 0.0375 0.0888889
