26 0.8125 0.0333333 0.0875 0.0666667
26 0.940625 0.0111111 0.11875 0.0222222
28 0.965625 0.0444444 0.06875 0.0888889
67 0.946875 0.0444444 0.10625 0.0888889
28 0.40625 0.0444444 0.325 0.0888889
67 0.6125 0.0444444 0.1875 0.0888889
43 0.775 0.0444444 0.1875 0.0888889
43 0.8125 0.0444444 0.1875 0.0888889
43 0.81875 0.0555556 0.175 0.0666667
43 0.8 0.0666667 0.0875 0.0888889
60 0.825 0.0444444 0.0625 0.0444444
48 0.8375 0.0444444 0.0625 0.0444444
48 0.85 0.0444444 0.0625 0.0444444
15 0.8625 0.0444444 0.0625 0.0444444
15 0.875 0.0444444 0.0625 0.0444444
16 0.8875 0.0444444 0.0625 0.0444444
15 0.9 0.0555556 0.0625 0.0666667
15 0.9125 0.0555556 0.0625 0.0666667
15 0.93125 0.0444444 0.075 0.0444444
15 0.971875 0.0333333 0.05625 0.0222222
15 0.965625 0.0333333 0.06875 0.0666667
15 0.965625 0.0333333 0.06875 0.0666667
13 0.971875 0.0555556 0.05625 0.111111
2 0.953125 0.0555556 0.09375 0.111111
43 0.009375 0.0888889 0.01875 0.177778
28 0.55 0.0666667 0.0375 0.0444444
59 0.6125 0.0555556 0.1375 0.0666667
59 0.55625 0.0555556 0.1 0.0666667
67 0.56875 0.0666667 0.1 0.0888889
67 0.76875 0.0555556 0.125 0.0666667
67 0.79375 0.0555556 0.125 0.0666667
67 0.81875 0.0555556 0.125 0.0666667
54 0.825 0.0555556 0.1125 0.0666667
54 0.80625 0.0555556 0.05 0.0666667
54 0.81875 0.0555556 0.05 0.0666667
48 0.83125 0.0666667 0.05 0.0444444
45 0.83125 0.0666667 0.05 0.0444444
45 0.84375 0.0666667 0.05 0.0444444
19 0.85 0.0666667 0.0625 0.0444444
15 0.85625 0.0666667 0.05 0.0444444
15 0.875 0.0555556 0.0375 0.0222222
15 0.89375 0.0555556 0.025 0.0222222
15 0.90625 0.0555556 0.025 0.0222222
15 0.91875 0.0666667 0.025 0.0444444
15 0.94375 0.0666667 0.05 0.0444444
15 0.9625 0.0666667 0.0375 0.0444444
28 0.971875 0.0666667 0.05625 0.0444444
13 0.95625 0.0666667 0.05 0.0444444
2 0.95625 0.0777778 0.05 0.0666667
2 0.953125 0.0555556 0.09375 0.111111
27 0.009375 0.111111 0.01875 0.177778
16 0.015625 0.133333 0.03125 0.133333
13 0.034375 0.1 0.06875 0.0666667
59 0.19375 0.0666667 0.225 0.133333
26 0.28125 0.0666667 0.2 0.133333
2 0.5375 0.0777778 0.0125 0.0222222
2 0.5625 0.0777778 0.0375 0.0222222
2 0.58125 0.0666667 0.05 0.0444444
2 0.59375 0.0777778 0.05 0.0666667
2 0.60625 0.0777778 0.025 0.0666667
28 0.6125 0.0888889 0.0125 0.0444444
15 0.6375 0.0666667 0.0375 0.0444444
15 0.65 0.0666667 0.0375 0.0888889
57 0.65625 0.0888889 0.025 0.0444444
59 0.65625 0.0777778 0.05 0.0666667
57 0.7 0.0666667 0.0375 0.0444444
57 0.7125 0.0666667 0.0375 0.0444444
15 0.725 0.0666667 0.0375 0.0444444
59 0.73125 0.0666667 0.025 0.0444444
59 0.75 0.0777778 0.0375 0.0666667
59 0.7625 0.0777778 0.0375 0.0666667
57 0.775 0.0777778 0.0375 0.0666667
57 0.7875 0.0777778 0.0375 0.0666667
57 0.8 0.0666667 0.0375 0.0444444
48 0.80625 0.0666667 0.05 0.0444444
48 0.81875 0.0666667 0.05 0.0444444
4 0.83125 0.0666667 0.05 0.0444444
4 0.84375 0.0666667 0.05 0.0444444
2 0.85 0.0666667 0.0625 0.0444444
15 0.875 0.0666667 0.0625 0.0444444
15 0.8875 0.0666667 0.0625 0.0444444
15 0.9125 0.0666667 0.0375 0.0444444
15 0.91875 0.0777778 0.025 0.0222222
15 0.93125 0.0888889 0.025 0.0444444
15 0.95625 0.0777778 0.025 0.0222222
15 0.95625 0.0888889 0.025 0
2 0.98125 0.1 0.025 0.0222222
2 0.921875 0.1 0.15625 0.111111
1 0.959375 0.0666667 0.08125 0.133333
44 0.009375 0.122222 0.01875 0.2
13 0.028125 0.122222 0.05625 0.0666667
59 0.0875 0.122222 0.1625 0.0666667
57 0.109375 0.1 0.21875 0.111111
59 0.23125 0.1 0.325 0.0666667
57 0.24375 0.1 0.325 0.0666667
59 0.18125 0.111111 0.15 0.0888889
59 0.29375 0.1 0.325 0.0666667
59 0.24375 0.1 0.2 0.0666667
26 0.275 0.1 0.2125 0.0666667
26 0.2875 0.111111 0.2125 0.0888889
57 0.34375 0.1 0.325 0.0666667
26 0.35625 0.1 0.2 0.0666667
28 0.4375 0.1 0.1875 0.0666667
16 0.5125 0.1 0.0875 0.0666667
1 0.475 0.0888889 0.1625 0.0444444
18 0.60625 0.111111 0.05 0.0444444
2 0.6 0.111111 0.0375 0.0444444
16 0.625 0.111111 0.0625 0.0444444
18 0.64375 0.122222 0.05 0.0222222
15 0.65 0.122222 0.0375 0.0222222
15 0.65625 0.122222 0.05 0.0666667
15 0.68125 0.122222 0 0.0666667
15 0.7 0.122222 0.0375 0.0666667
15 0.71875 0.122222 0.025 0.0666667
15 0.73125 0.122222 0.025 0.0666667
15 0.7375 0.122222 0.0125 0.0666667
15 0.75 0.111111 0.0125 0.0444444
57 0.825 0.1 0.1375 0.0666667
57 0.7875 0.111111 0.0375 0.0888889
57 0.7875 0.111111 0.0625 0.0888889
57 0.80625 0.111111 0.1 0.0888889
57 0.8125 0.122222 0.0625 0.0222222
13 0.8125 0.122222 0.0625 0.0222222
13 0.825 0.1 0.0625 0.0666667
13 0.88125 0.122222 0.15 0.0222222
13 0.928125 0.0888889 0.14375 0.0444444
59 0.909375 0.122222 0.18125 0.0222222
57 0.946875 0.122222 0.10625 0.0666667
2 0.971875 0.111111 0.05625 0.0888889
13 0.028125 0.155556 0.05625 0.0444444
59 0.0375 0.144444 0.0625 0.0666667
59 0.20625 0.133333 0.075 0.0888889
57 0.2875 0.133333 0.0875 0.0888889
26 0.29375 0.133333 0.075 0.0888889
57 0.29375 0.122222 0.2 0.111111
25 0.5125 0.111111 0.0875 0.0888889
17 0.5875 0.122222 0.0875 0.0666667
2 0.6125 0.133333 0.0625 0.0444444
18 0.6125 0.133333 0.0375 0.0444444
2 0.63125 0.133333 0.025 0.0444444
2 0.64375 0.133333 0.05 0.0444444
2 0.6625 0.133333 0.0125 0.0444444
2 0.675 0.133333 0.0375 0.0444444
57 0.69375 0.144444 0.05 0.0666667
16 0.7 0.133333 0.0375 0.0444444
16 0.71875 0.133333 0.025 0.0444444
16 0.725 0.133333 0.0375 0.0444444
13 0.74375 0.133333 0.025 0.0444444
13 0.7625 0.133333 0.0375 0.0444444
2 0.7875 0.133333 0.0375 0.0444444
13 0.79375 0.133333 0.05 0.0444444
13 0.825 0.133333 0.0375 0.0444444
13 0.8375 0.133333 0.0625 0.0444444
13 0.85 0.133333 0.0625 0.0444444
59 0.928125 0.144444 0.14375 0.0222222
59 0.946875 0.144444 0.10625 0.0666667
2 0.959375 0.133333 0.08125 0.0888889
2 0.965625 0.1 0.06875 0.111111
13 0.04375 0.155556 0.05 0.0444444
13 0.065625 0.155556 0.13125 0.0444444
59 0.078125 0.144444 0.15625 0.0666667
26 0.3625 0.155556 0.0375 0.0444444
17 0.4125 0.166667 0.0875 0.111111
26 0.425 0.188889 0.0875 0.155556
17 0.5625 0.166667 0.1875 0.111111
13 0.5375 0.166667 0.1625 0.111111
13 0.55625 0.155556 0.15 0.133333
13 0.58125 0.133333 0.175 0.0888889
18 0.6375 0.133333 0.0875 0.0888889
20 0.64375 0.133333 0.05 0.0444444
2 0.65 0.144444 0.0375 0.0666667
2 0.6625 0.144444 0.0625 0.0666667
2 0.675 0.133333 0.0625 0.0444444
2 0.69375 0.144444 0.05 0.0666667
13 0.6875 0.144444 0.0625 0.0666667
17 0.7125 0.155556 0.0375 0.0444444
20 0.725 0.144444 0.0375 0.0666667
13 0.7375 0.155556 0.0375 0.0444444
13 0.75 0.155556 0.0375 0.0444444
6 0.75625 0.144444 0.025 0.0666667
2 0.7625 0.144444 0.0375 0.0666667
2 0.775 0.144444 0.0375 0.0666667
2 0.7875 0.144444 0.0625 0.0666667
2 0.8125 0.144444 0.0375 0.0666667
2 0.825 0.144444 0.0375 0.0666667
2 0.83125 0.144444 0.025 0.0666667
2 0.85 0.144444 0.0125 0.0666667
13 0.86875 0.144444 0.025 0.0666667
13 0.88125 0.144444 0.025 0.0666667
59 0.959375 0.166667 0.08125 0.0222222
57 0.953125 0.144444 0.09375 0.0666667
2 0.965625 0.144444 0.06875 0.0666667
13 0.0375 0.177778 0.0375 0.0444444
13 0.065625 0.166667 0.13125 0.0666667
13 0.11875 0.166667 0.05 0.0666667
13 0.13125 0.177778 0.05 0.0888889
26 0.24375 0.144444 0.075 0.0666667
26 0.35625 0.211111 0.15 0.155556
1 0.3375 0.2 0.0875 0.133333
26 0.35625 0.211111 0.075 0.155556
24 0.36875 0.2 0.075 0.133333
1 0.38125 0.2 0.075 0.133333
1 0.4125 0.2 0.0375 0.133333
1 0.425 0.188889 0.0625 0.111111
26 0.425 0.2 0.0625 0.133333
9 0.4375 0.2 0.0625 0.133333
9 0.45 0.222222 0.0625 0.133333
13 0.5125 0.177778 0.0625 0.0888889
13 0.71875 0.166667 0.1 0.0666667
13 0.73125 0.155556 0.1 0.0444444
13 0.75625 0.144444 0.1 0.0666667
13 0.7625 0.155556 0.1125 0.0888889
13 0.79375 0.155556 0.075 0.0888889
13 0.825 0.155556 0.0375 0.0888889
12 0.8375 0.155556 0.0125 0.0888889
12 0.85 0.155556 0.0125 0.0444444
20 0.8375 0.144444 0.0625 0.0666667
57 0.85 0.144444 0.0875 0.0666667
7 0.8875 0.177778 0.0375 0.0444444
59 0.959375 0.155556 0.08125 0.0444444
2 0.959375 0.166667 0.08125 0.0666667
13 0.021875 0.188889 0.04375 0.0666667
59 0.021875 0.2 0.04375 0.0888889
2 0.084375 0.222222 0.16875 0.177778
13 0.084375 0.2 0.16875 0.0888889
1 0.10625 0.2 0.025 0.0888889
0 0.1125 0.211111 0.0125 0.0666667
0 0.125 0.211111 0.0125 0.0666667
0 0.1375 0.211111 0.0125 0.0666667
1 0.14375 0.211111 0.025 0.0666667
1 0.15 0.211111 0.0375 0.0666667
10 0.1625 0.188889 0.0125 0.111111
1 0.175 0.188889 0.0375 0.111111
63 0.2 0.2 0.0625 0.133333
66 0.21875 0.2 0.05 0.133333
26 0.23125 0.2 0.05 0.133333
11 0.25625 0.222222 0.075 0.177778
1 0.26875 0.222222 0.2 0.177778
1 0.3125 0.222222 0.1125 0.177778
28 0.35 0.222222 0.1125 0.177778
13 0.36875 0.188889 0.1 0.111111
1 0.35625 0.188889 0.15 0.111111
2 0.35625 0.188889 0.075 0.111111
2 0.375 0.2 0.0625 0.0888889
2 0.39375 0.2 0.075 0.0888889
2 0.4 0.188889 0.0625 0.111111
3 0.4125 0.188889 0.0875 0.111111
2 0.4375 0.2 0.0625 0.0888889
5 0.45625 0.2 0.075 0.0888889
13 0.4875 0.188889 0.1125 0.111111
59 0.4875 0.177778 0.1375 0.0888889
28 0.5125 0.177778 0.1375 0.0888889
13 0.53125 0.211111 0.125 0.0666667
8 0.5625 0.2 0.1875 0.0888889
65 0.55625 0.211111 0.125 0.0666667
65 0.59375 0.244444 0.125 0.133333
28 0.5875 0.222222 0.2375 0.0888889
28 0.63125 0.211111 0.2 0.111111
57 0.725 0.2 0.1125 0.0444444
7 0.75625 0.2 0.125 0.0444444
57 0.75625 0.2 0.125 0.0444444
12 0.81875 0.2 0 0.0444444
9 0.83125 0.2 0 0.0444444
12 0.84375 0.2 0 0.0444444
12 0.8625 0.2 0.0125 0.0444444
12 0.86875 0.2 0 0.0444444
6 0.88125 0.2 0 0.0444444
12 0.89375 0.188889 0 0.0222222
12 0.925 0.2 0.0375 0.0444444
59 0.95625 0.2 0.075 0.0444444
2 0.959375 0.188889 0.08125 0.0666667
2 0.946875 0.2 0.10625 0.0888889
66 0.021875 0.211111 0.04375 0.0666667
13 0.021875 0.233333 0.04375 0.155556
1 0.084375 0.233333 0.16875 0.155556
1 0.059375 0.211111 0.11875 0.0666667
0 0.11875 0.211111 0.025 0.0666667
0 0.1375 0.211111 0.0375 0.0666667
0 0.14375 0.211111 0.025 0.0666667
23 0.15 0.244444 0.0375 0.133333
3 0.18125 0.244444 0.05 0.133333
1 0.19375 0.222222 0.025 0.0888889
0 0.19375 0.233333 0.025 0.0666667
15 0.2 0.233333 0.0125 0.0666667
15 0.21875 0.233333 0.025 0.111111
15 0.23125 0.222222 0.025 0.0888889
15 0.2625 0.222222 0.0625 0.0888889
1 0.26875 0.233333 0.075 0.111111
1 0.2875 0.222222 0.0625 0.0888889
1 0.3 0.222222 0.0875 0.133333
1 0.3375 0.211111 0.1125 0.111111
2 0.3375 0.211111 0.1125 0.111111
28 0.3625 0.2 0.0875 0.0888889
2 0.35625 0.2 0.125 0.0888889
1 0.36875 0.211111 0.05 0.0666667
2 0.3875 0.211111 0.0875 0.0666667
2 0.40625 0.211111 0.05 0.0666667
29 0.425 0.222222 0.0625 0.0888889
2 0.45625 0.222222 0.05 0.0444444
2 0.45625 0.211111 0.05 0.0222222
