6 0.028125 0.0111111 0.05625 0.0222222
8 0.19375 0.0111111 0.175 0.0222222
6 0.2125 0.0111111 0.1625 0.0222222
4 0.225 0.0222222 0.1625 0.0444444
3 0.2 0.0222222 0.0875 0.0444444
4 0.3625 0.0222222 0.1625 0.0444444
4 0.4 0.0111111 0.1125 0.0222222
4 0.65 0.0111111 0.1875 0.0222222
25 0.675 0.0111111 0.1125 0.0222222
9 0.94375 0 0.05 0
6 0.021875 0.0222222 0.04375 0.0444444
11 0.015625 0.0222222 0.03125 0.0444444
4 0.40625 0.0222222 0.075 0.0444444
5 0.54375 0.0111111 0.125 0.0222222
8 0.59375 0.0111111 0.125 0.0222222
11 0.6375 0.0222222 0.1375 0.0444444
8 0.70625 0.0111111 0.075 0.0222222
11 0.73125 0.0111111 0.05 0.0222222
6 0.021875 0.0333333 0.04375 0.0666667
11 0.015625 0.0222222 0.03125 0.0444444
11 0.94375 0.0333333 0.075 0.0666667
9 0.015625 0.0444444 0.03125 0.0444444
11 0.8875 0.0666667 0.0125 0.0444444
21 0.94375 0.0444444 0.05 0.0888889
6 0.021875 0.0666667 0.04375 0.0888889
9 0.015625 0.0666667 0.03125 0.0444444
23 0.75625 0.0555556 0.05 0.0666667
21 0.7625 0.0777778 0.0375 0.0666667
9 0.78125 0.0888889 0.025 0.0444444
11 0.94375 0.0666667 0.05 0.0444444
6 0.021875 0.1 0.04375 0.0666667
9 0.015625 0.0888889 0.03125 0.0444444
25 0.7625 0.1 0.0375 0.0222222
21 0.76875 0.0888889 0.025 0.0444444
11 0.9375 0.0888889 0.0375 0.0444444
11 0.015625 0.111111 0.03125 0.0444444
4 0.64375 0.122222 0.125 0.0666667
8 0.7 0.111111 0.0875 0.0444444
6 0.7625 0.122222 0.0375 0.0666667
8 0.9375 0.1 0.0375 0.0666667
11 0.9375 0.1 0.0375 0.0666667
6 0.021875 0.133333 0.04375 0.0888889
0 0.7375 0.122222 0.0125 0.0666667
8 0.9375 0.0777778 0.0375 0.155556
8 0.9375 0.122222 0.0375 0.0666667
6 0.021875 0.155556 0.04375 0.0888889
8 0.9375 0.0888889 0.0625 0.177778
8 0.94375 0.144444 0.05 0.0666667
12 0.725 0.166667 0.0375 0.0666667
4 0.85625 0.166667 0.075 0.0666667
8 0.94375 0.177778 0.05 0.0888889
6 0.021875 0.2 0.04375 0.0888889
10 0.75 0.2 0.0625 0.0888889
21 0.75625 0.2 0.05 0.0888889
8 0.94375 0.2 0.05 0.0444444
6 0.021875 0.233333 0.04375 0.0666667
10 0.7625 0.233333 0.0375 0.0666667
6 0.021875 0.255556 0.04375 0.0666667
21 0.75 0.244444 0.0625 0.0888889
11 0.015625 0.266667 0.03125 0.0444444
21 0.7375 0.266667 0.0875 0.0888889
8 0.75625 0.255556 0.05 0.0666667
11 0.015625 0.277778 0.03125 0.0666667
8 0.015625 0.455556 0.03125 0.0666667
6 0.4625 0.466667 0.1625 0.0444444
4 0.45625 0.466667 0.125 0.0444444
8 0.015625 0.477778 0.03125 0.0666667
8 0.946875 0.388889 0.10625 0.244444
8 0.959375 0.411111 0.08125 0.244444
6 0.015625 0.511111 0.03125 0.0888889
11 0.015625 0.511111 0.03125 0.0444444
8 0.9375 0.533333 0.0875 0.266667
8 0.93125 0.588889 0.1 0.244444
8 0.7875 0.722222 0.0875 0.111111
8 0.015625 0.744444 0.03125 0.111111
8 0.7875 0.766667 0.0625 0.0666667
8 0.015625 0.788889 0.03125 0.0666667
8 0.015625 0.811111 0.03125 0.0666667
8 0.015625 0.833333 0.03125 0.0666667
11 0.8 0.766667 0.0625 0.2
10 0.8375 0.855556 0.0625 0.111111
10 0.84375 0.844444 0.075 0.0888889
21 0.85 0.844444 0.0625 0.0888889
8 0.8 0.844444 0.0625 0.222222
8 0.021875 0.9 0.04375 0.0666667
78 0.125 0.0611111 0.225 0.122222
35 0.14375 0.0611111 0.2875 0.122222
65 0.15 0.0166667 0.275 0.0333333
51 0.15 0.0166667 0.225 0.0333333
35 0.175 0.0166667 0.225 0.0333333
27 0.2625 0.0611111 0.4 0.122222
9 0.325 0.0388889 0.475 0.0777778
65 0.325 0.0388889 0.425 0.0777778
9 0.45 0.0611111 0.475 0.122222
9 0.2875 0.0388889 0.2 0.0777778
9 0.425 0.172222 0.425 0.344444
9 0.4125 0.0833333 0.35 0.166667
9 0.525 0.0833333 0.375 0.166667
9 0.4875 0.0833333 0.25 0.166667
9 0.6 0.0833333 0.425 0.166667
11 0.575 0.0388889 0.325 0.0777778
27 0.5625 0.0611111 0.25 0.122222
35 0.5875 0.0833333 0.25 0.166667
35 0.625 0.0611111 0.225 0.122222
65 0.65 0.0611111 0.225 0.122222
68 0.19375 0.0611111 0.3875 0.122222
6 0.20625 0.0388889 0.4125 0.0777778
65 0.2625 0.0611111 0.3 0.122222
9 0.2625 0.0611111 0.4 0.122222
78 0.3 0.0611111 0.425 0.122222
9 0.45 0.0833333 0.175 0.166667
78 0.45 0.127778 0.225 0.255556
78 0.4875 0.0833333 0.25 0.166667
12 0.5 0.0611111 0.225 0.122222
65 0.6625 0.0611111 0.5 0.122222
65 0.5625 0.0611111 0.25 0.122222
54 0.5875 0.0611111 0.25 0.122222
9 0.6 0.0611111 0.225 0.122222
38 0.6625 0.0833333 0.25 0.166667
38 0.79375 0.0833333 0.4125 0.166667
28 0.8875 0.0611111 0.15 0.122222
65 0.9125 0.0833333 0.15 0.166667
54 0.9375 0.0833333 0.1 0.166667
6 0.19375 0.1 0.3875 0.133333
6 0.20625 0.122222 0.4125 0.0888889
9 0.075 0.122222 0.075 0.0888889
9 0.0875 0.122222 0.15 0.177778
11 0.1 0.144444 0.175 0.133333
57 0.25 0.144444 0.275 0.222222
5 0.425 0.166667 0.525 0.177778
9 0.35 0.122222 0.125 0.177778
9 0.3625 0.105556 0.15 0.211111
26 0.6125 0.1 0.1 0.133333
26 0.7375 0.0777778 0.45 0.0888889
26 0.6125 0.0777778 0.2 0.0888889
11 0.6 0.0777778 0.225 0.0888889
38 0.7375 0.144444 0.4 0.222222
9 0.79375 0.1 0.4125 0.133333
78 0.83125 0.122222 0.3375 0.177778
38 0.88125 0.144444 0.2375 0.222222
9 0.85 0.127778 0.175 0.255556
27 0.89375 0.105556 0.2125 0.211111
65 0.875 0.0833333 0.175 0.166667
52 0.925 0.0833333 0.125 0.166667
9 0.94375 0.127778 0.1125 0.255556
18 0.19375 0.122222 0.3875 0
5 0.1875 0.144444 0.3 0.0444444
57 0.1 0.166667 0.125 0.177778
65 0.1 0.188889 0.125 0.133333
28 0.1125 0.188889 0.15 0.133333
36 0.2875 0.166667 0.5 0.177778
36 0.275 0.166667 0.325 0.177778
65 0.3125 0.211111 0.4 0.266667
28 0.375 0.166667 0.475 0.177778
57 0.3875 0.144444 0.5 0.133333
28 0.425 0.144444 0.475 0.133333
11 0.4625 0.166667 0.5 0.177778
65 0.375 0.166667 0.175 0.177778
28 0.5625 0.166667 0.45 0.177778
78 0.725 0.188889 0.475 0.222222
78 0.6375 0.188889 0.25 0.222222
5 0.5625 0.166667 0.3 0.177778
28 0.70625 0.166667 0.5875 0.177778
27 0.675 0.166667 0.175 0.177778
11 0.7875 0.166667 0.35 0.177778
65 0.79375 0.144444 0.4125 0.133333
5 0.83125 0.3 0.3375 0.444444
5 0.83125 0.144444 0.3375 0.133333
5 0.85625 0.188889 0.2875 0.133333
12 0.88125 0.211111 0.2375 0.266667
11 0.89375 0.127778 0.2125 0.255556
5 0.925 0.105556 0.125 0.211111
11 0.9375 0.105556 0.1 0.211111
0 0.94375 0.127778 0.1125 0.255556
6 0.225 0.477778 0.375 0.711111
34 0.2375 0.166667 0.4 0.177778
36 0.1125 0.166667 0.15 0.177778
11 0.125 0.233333 0.175 0.222222
11 0.225 0.211111 0.375 0.266667
28 0.275 0.166667 0.475 0.177778
20 0.3875 0.188889 0.5 0.133333
19 0.45 0.188889 0.475 0.133333
28 0.475 0.188889 0.475 0.133333
16 0.3875 0.233333 0.2 0.222222
36 0.375 0.188889 0.175 0.133333
36 0.4125 0.188889 0.15 0.133333
54 0.5625 0.188889 0.55 0.133333
36 0.6375 0.188889 0.45 0.133333
28 0.65 0.211111 0.475 0.177778
28 0.5 0.211111 0.175 0.177778
12 0.525 0.188889 0.175 0.133333
11 0.7 0.188889 0.525 0.133333
5 0.65 0.188889 0.425 0.133333
9 0.675 0.211111 0.375 0.0888889
9 0.78125 0.188889 0.4375 0.133333
5 0.6625 0.188889 0.2 0.133333
28 0.79375 0.211111 0.4125 0.266667
6 0.88125 0.233333 0.2375 0.222222
9 0.89375 0.211111 0.2125 0.177778
12 0.85 0.233333 0.125 0.222222
12 0.89375 0.255556 0.2125 0.177778
26 0.89375 0.188889 0.2125 0.311111
11 0.94375 0.188889 0.1125 0.311111
29 0.225 0.166667 0.375 0.0888889
9 0.075 0.188889 0.075 0.133333
29 0.3875 0.166667 0.5 0.0888889
29 0.4125 0.233333 0.5 0.222222
11 0.2875 0.233333 0.15 0.222222
16 0.35 0.211111 0.125 0.266667
36 0.3875 0.188889 0.2 0.222222
51 0.45 0.211111 0.175 0.177778
51 0.4875 0.188889 0.15 0.133333
51 0.5 0.211111 0.175 0.177778
9 0.5125 0.211111 0.2 0.177778
9 0.5375 0.188889 0.15 0.133333
9 0.5625 0.233333 0.15 0.133333
11 0.5875 0.233333 0.15 0.133333
11 0.6 0.211111 0.175 0.0888889
11 0.78125 0.211111 0.4375 0.0888889
9 0.7125 0.211111 0.15 0.266667
36 0.88125 0.255556 0.2375 0.177778
11 0.90625 0.255556 0.1875 0.177778
5 0.90625 0.277778 0.1875 0.222222
10 0.9 0.277778 0.175 0.222222
11 0.94375 0.277778 0.1125 0.222222
0 0.19375 0.255556 0.3875 0.0888889
5 0.225 0.277778 0.375 0.0444444
9 0.2 0.277778 0.075 0.133333
11 0.2 0.277778 0.125 0.133333
12 0.2125 0.277778 0.15 0.133333
10 0.25 0.277778 0.125 0.133333
29 0.275 0.277778 0.125 0.0444444
9 0.5 0.188889 0.125 0.222222
9 0.525 0.211111 0.125 0.177778
9 0.5375 0.211111 0.15 0.0888889
9 0.55 0.233333 0.125 0.0444444
11 0.7375 0.3 0.4 0.0888889
13 0.6625 0.277778 0.2 0.133333
9 0.7 0.211111 0.125 0.355556
9 0.7375 0.3 0.15 0.177778
9 0.7875 0.255556 0.15 0.177778
9 0.86875 0.211111 0.2625 0.266667
67 0.825 0.255556 0.125 0.177778
11 0.875 0.255556 0.175 0.266667
11 0.9125 0.277778 0.15 0.133333
10 0.925 0.255556 0.125 0.177778
10 0.95625 0.277778 0.0875 0.133333
9 0.0875 0.3 0.05 0
9 0.1125 0.277778 0.05 0.0444444
9 0.125 0.277778 0.075 0.0444444
11 0.15 0.277778 0.075 0.0444444
9 0.2 0.277778 0.075 0.0444444
9 0.2 0.277778 0.125 0.133333
9 0.225 0.3 0.075 0.0888889
9 0.325 0.322222 0.275 0.133333
2 0.3875 0.322222 0.2 0.133333
9 0.3625 0.322222 0.1 0.133333
9 0.3875 0.322222 0.1 0.133333
9 0.3875 0.3 0.15 0.0888889
9 0.425 0.322222 0.125 0.133333
9 0.45 0.322222 0.125 0.133333
52 0.475 0.322222 0.125 0.133333
9 0.5125 0.322222 0.15 0.133333
47 0.525 0.322222 0.175 0.133333
5 0.575 0.322222 0.075 0.133333
11 0.7625 0.322222 0.3 0.133333
11 0.81875 0.322222 0.3625 0.133333
20 0.6875 0.322222 0.15 0.133333
29 0.7 0.255556 0.125 0.266667
27 0.7 0.388889 0.125 0.622222
12 0.7375 0.433333 0.2 0.533333
9 0.7625 0.277778 0.15 0.222222
9 0.8125 0.3 0.15 0.266667
9 0.825 0.277778 0.125 0.133333
9 0.85 0.322222 0.175 0.222222
29 0.8875 0.255556 0.15 0.266667
49 0.95625 0.277778 0.0875 0.133333
10 0.95625 0.322222 0.0875 0.222222
11 0.15625 0.344444 0.3125 0.0888889
2 0.11875 0.322222 0.2375 0.0444444
9 0.175 0.366667 0.225 0.0444444
11 0.2 0.344444 0.275 0.0888889
9 0.1875 0.344444 0.1 0.0888889
9 0.2 0.322222 0.125 0.133333
2 0.4 0.344444 0.225 0.0888889
5 0.3875 0.322222 0.1 0.133333
5 0.4375 0.322222 0.1 0.133333
9 0.475 0.322222 0.125 0.133333
9 0.5375 0.322222 0.1 0.133333
9 0.575 0.322222 0.075 0.133333
9 0.6375 0.322222 0.05 0.133333
9 0.675 0.3 0.075 0.0888889
9 0.7 0.3 0.075 0.0888889
29 0.725 0.255556 0.125 0.177778
27 0.7375 0.277778 0.1 0.222222
57 0.8375 0.277778 0.25 0.222222
12 0.825 0.3 0.275 0.266667
12 0.91875 0.322222 0.1625 0.4
5 0.9125 0.344444 0.15 0.266667
11 0.13125 0.544444 0.2625 0.488889
