43 0.028125 0.0111111 0.05625 0.0222222
44 0.028125 0.0444444 0.05625 0.0888889
2 0.046875 0.0222222 0.09375 0.0444444
6 0.04375 0.0222222 0.075 0.0444444
28 0.1375 0.0111111 0.2625 0.0222222
13 0.15 0 0.2625 0
29 0.08125 0 0.1 0
13 0.10625 0.0111111 0.125 0.0222222
26 0.14375 0.0222222 0.1 0.0444444
3 0.15 0.0111111 0.0875 0.0222222
1 0.1625 0.0111111 0.0875 0.0222222
26 0.175 0.0111111 0.0875 0.0222222
29 0.1875 0.0111111 0.0875 0.0222222
43 0.21875 0.0111111 0.125 0.0222222
16 0.2375 0.0111111 0.1375 0.0222222
2 0.28125 0.0111111 0.05 0.0222222
2 0.26875 0 0.025 0
2 0.275 0 0.0375 0
63 0.29375 0 0.125 0
67 0.30625 0.0111111 0.1 0.0222222
64 0.33125 0.0111111 0.025 0.0222222
35 0.33125 0.0222222 0.05 0.0444444
64 0.375 0.0111111 0.0625 0.0222222
4 0.35625 0.0111111 0.3 0.0222222
2 0.3625 0.0111111 0.2125 0.0222222
4 0.41875 0.0111111 0.1 0.0222222
1 0.43125 0.0111111 0.125 0.0222222
13 0.4375 0.0111111 0.1375 0.0222222
30 0.46875 0.0111111 0.15 0.0222222
13 0.5 0.0111111 0.1875 0.0222222
4 0.48125 0.0111111 0.225 0.0222222
4 0.55 0.0111111 0.1625 0.0222222
4 0.525 0.0111111 0.2375 0.0222222
13 0.575 0 0.1625 0
13 0.6 0.0111111 0.1875 0.0222222
53 0.625 0.0111111 0.1875 0.0222222
30 0.6375 0.0111111 0.1625 0.0222222
30 0.675 0.0111111 0.1625 0.0222222
4 0.6875 0.0111111 0.1625 0.0222222
4 0.7375 0.0111111 0.0875 0.0222222
4 0.75625 0 0.075 0
8 0.7625 0 0.0625 0
8 0.75625 0 0.1 0
8 0.75 0 0.0625 0
67 0.74375 0.0111111 0.075 0.0222222
35 0.75 0.0111111 0.0875 0.0222222
35 0.75625 0.0111111 0.125 0.0222222
35 0.80625 0.0111111 0.025 0.0222222
35 0.81875 0.0111111 0.025 0.0222222
35 0.83125 0.0111111 0.025 0.0222222
35 0.8375 0.0111111 0.0375 0.0222222
35 0.85625 0 0.025 0
13 0.86875 0.0111111 0.025 0.0222222
26 0.85 0.0222222 0.0875 0.0444444
26 0.89375 0 0.025 0
26 0.9 0.0111111 0.0125 0.0222222
26 0.94375 0.0222222 0.075 0.0444444
53 0.953125 0.0222222 0.09375 0.0444444
8 0.953125 0.0222222 0.09375 0.0444444
29 0.95 0.0222222 0.0875 0.0444444
8 0.95 0.0222222 0.0875 0.0444444
67 0.01875 0.0222222 0.025 0.0444444
7 0.028125 0.0333333 0.05625 0.0666667
1 0.046875 0.0222222 0.09375 0.0444444
2 0.05625 0.0333333 0.075 0.0666667
2 0.05625 0.0333333 0.075 0.0666667
2 0.1375 0.0222222 0.2625 0.0444444
2 0.075 0.0333333 0.1125 0.0666667
2 0.09375 0.0222222 0.1 0.0444444
2 0.11875 0.0333333 0.125 0.0666667
2 0.1375 0.0333333 0.1125 0.0666667
2 0.15625 0.0333333 0.1 0.0666667
2 0.18125 0.0333333 0.1 0.0666667
7 0.225 0.0333333 0.1625 0.0666667
2 0.2375 0.0333333 0.1625 0.0666667
2 0.2375 0.0111111 0.0625 0.0222222
2 0.25625 0.0111111 0.025 0.0222222
2 0.26875 0.0111111 0.025 0.0222222
2 0.28125 0.0111111 0.025 0.0222222
2 0.2625 0.0222222 0.0875 0.0444444
2 0.31875 0.0222222 0.025 0.0444444
2 0.33125 0.0222222 0.025 0.0444444
2 0.35 0.0222222 0.0125 0.0444444
2 0.375 0.0222222 0.0625 0.0444444
2 0.3875 0.0111111 0.0375 0.0222222
2 0.38125 0.0222222 0.1 0.0444444
2 0.39375 0.0111111 0.125 0.0222222
2 0.41875 0.0111111 0.1 0.0222222
43 0.43125 0.0111111 0.1 0.0222222
47 0.44375 0.0111111 0.1 0.0222222
64 0.45625 0.0222222 0.1 0.0444444
47 0.46875 0.0222222 0.1 0.0444444
64 0.48125 0.0222222 0.1 0.0444444
47 0.49375 0.0222222 0.1 0.0444444
2 0.5 0.0111111 0.0875 0.0222222
13 0.525 0.0222222 0.1125 0.0444444
13 0.53125 0.0111111 0.1 0.0222222
13 0.5625 0.0111111 0.1375 0.0222222
13 0.5875 0.0111111 0.1125 0.0222222
13 0.61875 0.0111111 0.125 0.0222222
29 0.6375 0.0222222 0.1375 0.0444444
29 0.6625 0.0111111 0.1625 0.0222222
13 0.68125 0.0111111 0.15 0.0222222
13 0.71875 0.0111111 0.075 0.0222222
53 0.73125 0.0111111 0.075 0.0222222
2 0.725 0.0111111 0.1125 0.0222222
45 0.725 0.0111111 0.1375 0.0222222
2 0.7375 0.0222222 0.1125 0.0444444
2 0.7375 0.0333333 0.0875 0.0666667
2 0.7875 0.0222222 0.0375 0.0444444
2 0.8 0.0333333 0.0375 0.0666667
2 0.8125 0.0333333 0.0375 0.0666667
2 0.825 0.0111111 0.0375 0.0222222
2 0.83125 0.0333333 0.05 0.0666667
2 0.85625 0.0333333 0.05 0.0666667
13 0.88125 0.0333333 0.025 0.0666667
67 0.89375 0.0333333 0.05 0.0666667
13 0.934375 0.0333333 0.13125 0.0666667
43 0.953125 0.0333333 0.09375 0.0666667
29 0.953125 0.0333333 0.09375 0.0666667
13 0.95 0.0333333 0.0875 0.0666667
8 0.95 0.0333333 0.0875 0.0666667
8 0.94375 0.0222222 0.075 0.0444444
7 0.98125 0.0111111 0 0.0222222
7 0.996875 0.0222222 0.00625 0.0444444
67 0.053125 0.0333333 0.10625 0.0666667
67 0.015625 0.0333333 0.03125 0.0666667
7 0.03125 0.0333333 0.025 0.0666667
2 0.04375 0.0333333 0.025 0.0222222
2 0.06875 0.0444444 0.05 0.0444444
2 0.05625 0.0555556 0.075 0.0666667
6 0.1375 0.0444444 0.2625 0.0444444
6 0.06875 0.0444444 0.1 0.0444444
6 0.09375 0.0444444 0.1 0.0444444
6 0.1125 0.0444444 0.1125 0.0444444
6 0.1375 0.0444444 0.1125 0.0444444
2 0.14375 0.0444444 0.1 0.0444444
2 0.16875 0.0444444 0.1 0.0444444
6 0.2625 0.0444444 0.2625 0.0444444
43 0.275 0.0444444 0.2625 0.0444444
43 0.21875 0.0444444 0.125 0.0444444
71 0.23125 0.0333333 0.125 0.0222222
45 0.275 0.0222222 0.0625 0.0444444
29 0.275 0.0222222 0.1625 0.0444444
2 0.25625 0.0555556 0.1 0.111111
2 0.26875 0.0333333 0.1 0.0666667
2 0.29375 0.0333333 0.075 0.0666667
2 0.34375 0.0222222 0.025 0.0444444
2 0.38125 0.0333333 0.05 0.0222222
13 0.38125 0.0333333 0.05 0.0222222
13 0.375 0.0444444 0.0875 0.0444444
13 0.3875 0.0333333 0.1125 0.0666667
6 0.3875 0.0333333 0.1125 0.0666667
2 0.4125 0.0333333 0.1125 0.0666667
1 0.425 0.0333333 0.1125 0.0666667
6 0.45 0.0333333 0.1125 0.0666667
13 0.4625 0.0333333 0.1125 0.0666667
13 0.5125 0.0444444 0.1625 0.0444444
13 0.54375 0.0444444 0.175 0.0444444
45 0.55 0.0444444 0.1375 0.0444444
2 0.5625 0.0333333 0.1375 0.0222222
2 0.56875 0.0444444 0.125 0.0444444
2 0.59375 0.0444444 0.1 0.0444444
2 0.625 0.0444444 0.1375 0.0444444
2 0.63125 0.0333333 0.125 0.0666667
2 0.6625 0.0333333 0.1625 0.0666667
2 0.675 0.0555556 0.1625 0.0666667
2 0.68125 0.0444444 0.15 0.0444444
6 0.6875 0.0333333 0.1375 0.0222222
6 0.7125 0.0333333 0.1125 0.0222222
2 0.71875 0.0444444 0.125 0.0444444
2 0.75 0.0444444 0.0875 0.0444444
2 0.8 0.0444444 0.0125 0.0444444
2 0.79375 0.0444444 0.025 0.0444444
2 0.81875 0.0444444 0.025 0.0444444
2 0.825 0.0444444 0.0375 0.0444444
13 0.85 0.0444444 0.0375 0.0444444
2 0.86875 0.0444444 0.025 0.0444444
2 0.88125 0.0444444 0.025 0.0444444
64 0.8875 0.0333333 0.0375 0.0666667
29 0.959375 0.0444444 0.08125 0.0888889
29 0.94375 0.0555556 0.075 0.0666667
53 0.94375 0.0444444 0.075 0.0444444
13 0.94375 0.0444444 0.075 0.0444444
6 0.953125 0.0444444 0.09375 0.0888889
29 0.059375 0.0444444 0.11875 0.0888889
29 0.015625 0.0555556 0.03125 0.0666667
26 0.03125 0.0666667 0.025 0.0444444
6 0.0625 0.0666667 0.0375 0.0444444
2 0.05 0.0666667 0.0875 0.0444444
2 0.05625 0.0555556 0.075 0.111111
2 0.1375 0.0555556 0.2625 0.111111
2 0.08125 0.0666667 0.1 0.0888889
2 0.1125 0.0777778 0.1125 0.0666667
2 0.1375 0.0777778 0.1125 0.0666667
2 0.1625 0.0777778 0.1125 0.0666667
2 0.225 0.0777778 0.1875 0.0666667
6 0.23125 0.0777778 0.175 0.0666667
6 0.21875 0.0666667 0.125 0.0444444
43 0.23125 0.0666667 0.125 0.0444444
13 0.28125 0.0333333 0.175 0.0666667
1 0.25625 0.0444444 0.1 0.0888889
2 0.26875 0.0444444 0.1 0.0888889
2 0.3 0.0444444 0.0625 0.0888889
53 0.36875 0.0666667 0.05 0.0444444
29 0.3625 0.0666667 0.0875 0.0444444
13 0.3625 0.0555556 0.0875 0.0222222
43 0.36875 0.0666667 0.1 0.0444444
13 0.3875 0.0666667 0.1125 0.0444444
6 0.4125 0.0666667 0.1125 0.0444444
2 0.41875 0.0555556 0.125 0.0222222
2 0.45 0.0555556 0.1125 0.0222222
13 0.46875 0.0444444 0.1 0.0444444
13 0.5625 0.0444444 0.2625 0.0444444
6 0.575 0.0444444 0.2625 0.0444444
6 0.55 0.0666667 0.1375 0.0444444
43 0.55625 0.0666667 0.125 0.0444444
43 0.5875 0.0666667 0.1125 0.0444444
6 0.5875 0.0666667 0.1125 0.0444444
2 0.59375 0.0555556 0.1 0.0222222
2 0.625 0.0666667 0.1375 0.0444444
43 0.66875 0.0777778 0.15 0.0666667
6 0.7 0.0444444 0.1375 0.0444444
2 0.775 0.0555556 0.1125 0.0666667
2 0.775 0.0666667 0.0875 0.0444444
2 0.8375 0.0666667 0.0125 0.0444444
2 0.85 0.0666667 0.0125 0.0444444
2 0.85625 0.0555556 0.05 0.0222222
2 0.86875 0.0666667 0.025 0.0444444
2 0.9 0.0555556 0.0625 0.0222222
2 0.9125 0.0666667 0.0875 0.0444444
2 0.93125 0.0666667 0.075 0.0444444
43 0.95 0.0555556 0.0625 0.0666667
29 0.9625 0.0777778 0.0625 0.0666667
2 0.9125 0.0666667 0.1375 0.0444444
6 0.95 0.0666667 0.0875 0.0444444
8 0.953125 0.0666667 0.09375 0.0444444
29 0.065625 0.0555556 0.13125 0.111111
29 0.015625 0.0777778 0.03125 0.0666667
67 0.03125 0.0777778 0.025 0.0666667
6 0.05 0.0777778 0.0625 0.0666667
6 0.05 0.0666667 0.0875 0.0888889
2 0.05 0.0777778 0.0875 0.111111
6 0.05625 0.0666667 0.1 0.133333
6 0.075 0.0666667 0.1125 0.133333
2 0.09375 0.0777778 0.1 0.111111
2 0.1125 0.0777778 0.1125 0.111111
2 0.1375 0.0777778 0.1125 0.111111
2 0.15625 0.0777778 0.1 0.111111
2 0.18125 0.0777778 0.125 0.111111
2 0.225 0.0777778 0.1875 0.111111
6 0.23125 0.0777778 0.125 0.111111
4 0.24375 0.0777778 0.125 0.111111
1 0.275 0.0666667 0.0625 0.0444444
1 0.29375 0.0666667 0.025 0.0444444
2 0.3 0.0555556 0.0375 0.0666667
2 0.3 0.0555556 0.0625 0.0666667
29 0.3 0.0555556 0.0625 0.0666667
2 0.3875 0.0555556 0.2625 0.0666667
64 0.36875 0.0666667 0.05 0.0444444
13 0.36875 0.0777778 0.05 0.0222222
13 0.3625 0.0777778 0.0875 0.0222222
13 0.36875 0.0666667 0.1 0.0444444
2 0.41875 0.0888889 0.125 0.0444444
6 0.4375 0.0888889 0.1375 0.0444444
6 0.45 0.0777778 0.1125 0.0222222
13 0.4625 0.0555556 0.1125 0.0666667
6 0.46875 0.0555556 0.1 0.0666667
2 0.48125 0.0555556 0.1 0.0666667
2 0.575 0.0555556 0.2625 0.0666667
2 0.5375 0.0666667 0.1375 0.0444444
2 0.56875 0.0666667 0.125 0.0444444
6 0.625 0.0666667 0.1375 0.0444444
2 0.6375 0.0777778 0.1375 0.0666667
13 0.6625 0.0777778 0.1375 0.0666667
43 0.675 0.0666667 0.1375 0.0444444
13 0.69375 0.0666667 0.125 0.0444444
6 0.70625 0.0666667 0.125 0.0444444
6 0.73125 0.0666667 0.125 0.0444444
43 0.7375 0.0666667 0.1125 0.0444444
43 0.7625 0.0666667 0.1125 0.0444444
6 0.775 0.0666667 0.1125 0.0444444
2 0.79375 0.0555556 0.1 0.0666667
2 0.825 0.0555556 0.1125 0.0666667
2 0.8375 0.0666667 0.1125 0.0888889
2 0.8375 0.0777778 0.0875 0.0666667
2 0.8875 0.0777778 0.1625 0.0666667
2 0.925 0.0777778 0.0875 0.0222222
2 0.95 0.0888889 0.0625 0.0444444
6 0.95 0.0777778 0.0875 0.0222222
6 0.953125 0.0666667 0.09375 0.0888889
27 0.996875 0.0666667 0.00625 0.0444444
67 0.015625 0.1 0.03125 0.0666667
67 0.03125 0.1 0.025 0.0666667
6 0.0625 0.1 0.0375 0.0666667
6 0.04375 0.111111 0.075 0.0444444
2 0.075 0.111111 0.1125 0.0444444
2 0.09375 0.111111 0.1 0.0444444
2 0.11875 0.111111 0.1 0.0444444
2 0.14375 0.111111 0.1 0.0444444
