10 0.021875 0 0.04375 0
4 0.028125 0.0222222 0.05625 0.0444444
7 0.040625 0 0.08125 0
1 0.046875 0 0.09375 0
7 0.05625 0.0222222 0.1 0.0444444
1 0.06875 0 0.1 0
7 0.08125 0 0.1 0
7 0.09375 0 0.1 0
8 0.125 0 0.1125 0
8 0.1375 0.0111111 0.1125 0.0222222
8 0.175 0.0222222 0.1625 0.0444444
1 0.1875 0.0222222 0.1625 0.0444444
1 0.18125 0.0222222 0.1 0.0444444
8 0.18125 0.0111111 0.1 0.0222222
8 0.24375 0.0222222 0.175 0.0444444
10 0.26875 0.0222222 0.175 0.0444444
8 0.28125 0.0111111 0.175 0.0222222
62 0.41875 0 0.375 0
67 0.50625 0 0 0
26 0.51875 0 0 0
10 0.8625 0.0111111 0.1375 0.0222222
10 0.915625 0.0222222 0.16875 0.0444444
1 0.921875 0.0222222 0.15625 0.0444444
11 0.925 0.0222222 0.1375 0.0444444
0 0.959375 0 0.08125 0
10 0.040625 0.0333333 0.08125 0.0666667
2 0.040625 0.0111111 0.08125 0.0222222
45 0.05625 0.0222222 0.075 0.0444444
71 0.08125 0.0111111 0.1 0.0222222
71 0.10625 0.0222222 0.125 0.0444444
71 0.24375 0.0222222 0.175 0.0444444
71 0.2125 0.0111111 0.0875 0.0222222
64 0.2875 0.0111111 0.0125 0.0222222
74 0.40625 0.0111111 0.125 0.0222222
67 0.39375 0.0111111 0.075 0.0222222
74 0.5625 0.0111111 0.1125 0.0222222
39 0.56875 0.0111111 0.1 0.0222222
10 0.8 0.0222222 0.1625 0.0444444
10 0.7875 0.0111111 0.1375 0.0222222
10 0.81875 0.0222222 0.1 0.0444444
10 0.8625 0.0222222 0.1875 0.0444444
4 0.875 0.0333333 0.0875 0.0666667
10 0.921875 0.0333333 0.15625 0.0666667
67 0.925 0.0222222 0.1375 0.0444444
2 0.925 0.0111111 0.1375 0.0222222
8 0.95 0.0333333 0.0875 0.0666667
0 0.95 0.0111111 0.0875 0.0222222
53 0.053125 0.0333333 0.10625 0.0666667
6 0.040625 0.0444444 0.08125 0.0444444
4 0.05625 0.0444444 0.075 0.0444444
6 0.1375 0.0444444 0.2625 0.0444444
6 0.11875 0.0333333 0.175 0.0222222
4 0.13125 0.0444444 0.175 0.0444444
6 0.14375 0.0444444 0.175 0.0444444
2 0.19375 0.0444444 0.175 0.0444444
4 0.20625 0.0444444 0.175 0.0444444
6 0.1875 0.0444444 0.1125 0.0444444
6 0.24375 0.0444444 0.175 0.0444444
2 0.26875 0.0444444 0.175 0.0444444
2 0.24375 0.0444444 0.1 0.0444444
2 0.28125 0.0444444 0.1 0.0444444
58 0.2875 0.0444444 0.0875 0.0444444
60 0.6625 0.0333333 0.0625 0.0666667
6 0.85 0.0444444 0.1625 0.0444444
8 0.85 0.0444444 0.1875 0.0444444
6 0.9 0.0333333 0.0875 0.0666667
8 0.95 0.0444444 0.0875 0.0888889
29 0.053125 0.0555556 0.10625 0.0666667
6 0.040625 0.0333333 0.08125 0.0666667
6 0.040625 0.0444444 0.08125 0.0888889
4 0.0875 0.0444444 0.1625 0.0888889
2 0.1 0.0333333 0.1875 0.0666667
2 0.11875 0.0444444 0.175 0.0888889
4 0.14375 0.0444444 0.175 0.0888889
4 0.1625 0.0333333 0.1875 0.0666667
2 0.1875 0.0333333 0.1875 0.0666667
4 0.20625 0.0333333 0.175 0.0666667
4 0.24375 0.0555556 0.175 0.0666667
2 0.26875 0.0555556 0.175 0.0666667
2 0.24375 0.0555556 0.1 0.0666667
6 0.35 0.0444444 0.2625 0.0444444
7 0.28125 0.0555556 0.1 0.0666667
2 0.325 0.0444444 0.1375 0.0888889
60 0.35625 0.0666667 0.1 0.0444444
3 0.38125 0.0444444 0.025 0.0444444
26 0.4875 0.0555556 0.1125 0.111111
3 0.5 0.0444444 0.1375 0.0888889
1 0.50625 0.0444444 0.15 0.0888889
1 0.54375 0.0444444 0.175 0.0888889
3 0.54375 0.0444444 0.175 0.0888889
54 0.53125 0.0444444 0.2 0.0888889
8 0.54375 0.0444444 0.2 0.0888889
1 0.58125 0.0333333 0.15 0.0666667
53 0.6375 0.0555556 0.1625 0.0666667
2 0.6375 0.0555556 0.1625 0.0666667
18 0.66875 0.0444444 0.075 0.0888889
2 0.66875 0.0666667 0.075 0.0444444
60 0.69375 0.0555556 0.15 0.0666667
31 0.64375 0.0333333 0.175 0.0666667
8 0.7625 0.0333333 0.1125 0.0666667
8 0.80625 0.0333333 0.175 0.0666667
6 0.80625 0.0555556 0.2 0.0666667
8 0.85 0.0555556 0.1875 0.0666667
8 0.8375 0.0444444 0.1125 0.0444444
8 0.8625 0.0444444 0.0625 0.0444444
8 0.875 0.0444444 0.0875 0.0888889
8 0.915625 0.0555556 0.16875 0.0666667
6 0.928125 0.0666667 0.14375 0.0888889
8 0.90625 0.0444444 0.1 0.0888889
8 0.93125 0.0444444 0.125 0.0888889
6 0.953125 0.0666667 0.09375 0.0888889
8 0.953125 0.0555556 0.09375 0.111111
1 0.959375 0.0333333 0.08125 0.0666667
14 0.053125 0.0555556 0.10625 0.0666667
14 0.015625 0.0666667 0.03125 0.0444444
2 0.24375 0.0666667 0.1 0.0444444
2 0.28125 0.0777778 0.1 0.0666667
2 0.2875 0.0666667 0.0875 0.0888889
2 0.325 0.0666667 0.1375 0.0888889
2 0.33125 0.0666667 0.125 0.0444444
2 0.3625 0.0555556 0.0875 0.0666667
2 0.35625 0.0666667 0.075 0.0444444
10 0.54375 0.0666667 0.2 0.0888889
10 0.55625 0.0777778 0.2 0.0666667
30 0.5875 0.0666667 0.1625 0.0444444
53 0.6375 0.0666667 0.1625 0.0444444
18 0.6375 0.0666667 0.1375 0.0444444
14 0.675 0.0666667 0.0625 0.0444444
2 0.68125 0.0555556 0.075 0.0666667
36 0.6875 0.0555556 0.0875 0.0666667
67 0.675 0.0555556 0.1125 0.0666667
2 0.74375 0.0555556 0.175 0.0666667
19 0.7375 0.0555556 0.1125 0.0666667
19 0.7375 0.0666667 0.0875 0.0444444
16 0.74375 0.0666667 0.075 0.0444444
2 0.7625 0.0666667 0.0875 0.0444444
10 0.76875 0.0666667 0.1 0.0444444
30 0.825 0.0555556 0.0625 0.0666667
2 0.8125 0.0555556 0.1125 0.0666667
2 0.85 0.0555556 0.1875 0.0666667
2 0.85625 0.0777778 0.175 0.0666667
2 0.86875 0.0888889 0.025 0.0444444
4 0.86875 0.0888889 0.05 0.0444444
10 0.875 0.0888889 0.0875 0.0444444
6 0.88125 0.0555556 0.075 0.0666667
4 0.88125 0.0666667 0.1 0.0888889
4 0.928125 0.0666667 0.14375 0.0888889
10 0.90625 0.0555556 0.1 0.111111
8 0.93125 0.0555556 0.05 0.111111
8 0.9375 0.0666667 0.0625 0.0444444
60 0.95 0.0777778 0.0875 0.0222222
9 0.015625 0.0888889 0.03125 0.0444444
0 0.021875 0.0777778 0.04375 0.0666667
2 0.0375 0.0666667 0.0375 0.0888889
2 0.06875 0.0666667 0.025 0.0888889
2 0.05625 0.0666667 0.075 0.0888889
6 0.05 0.0666667 0.0875 0.0888889
6 0.06875 0.0777778 0.1 0.0666667
6 0.08125 0.0888889 0.1 0.0444444
8 0.0875 0.0777778 0.0875 0.0666667
6 0.10625 0.0888889 0.1 0.0444444
8 0.1125 0.0888889 0.0875 0.0444444
8 0.125 0.0666667 0.0875 0.0888889
30 0.18125 0.0666667 0.175 0.0888889
8 0.15 0.0888889 0.0875 0.0444444
31 0.175 0.0888889 0.0875 0.0444444
8 0.1875 0.0888889 0.0875 0.0444444
8 0.2 0.1 0.0875 0.0222222
8 0.225 0.1 0.0875 0.0222222
2 0.2375 0.0888889 0.0875 0.0444444
6 0.2625 0.0888889 0.0875 0.0444444
8 0.275 0.1 0.0875 0.0222222
8 0.2875 0.0666667 0.0875 0.133333
3 0.3875 0.111111 0.2625 0.0444444
67 0.31875 0.0888889 0.1 0.0444444
3 0.3625 0.1 0.0375 0.0222222
8 0.35625 0.111111 0.075 0.0444444
60 0.55625 0.111111 0.075 0.0444444
60 0.55625 0.1 0.075 0.0222222
29 0.5875 0.1 0.1375 0.0222222
19 0.66875 0.0777778 0.075 0.0666667
18 0.66875 0.0777778 0.075 0.0666667
2 0.675 0.0777778 0.0625 0.0666667
6 0.68125 0.0777778 0.075 0.0666667
5 0.7375 0.0777778 0.1625 0.0666667
19 0.7625 0.0777778 0.1625 0.0666667
19 0.74375 0.0777778 0.075 0.0666667
21 0.75625 0.0777778 0.05 0.0666667
7 0.7625 0.0888889 0.0875 0.0444444
39 0.8 0.1 0.0375 0.0222222
2 0.81875 0.0666667 0.125 0.0888889
0 0.89375 0.0777778 0.1 0.0666667
2 0.875 0.0888889 0.0375 0.0444444
2 0.88125 0.0888889 0.025 0.0444444
2 0.875 0.0888889 0.0875 0.0444444
6 0.88125 0.1 0.075 0.0222222
2 0.88125 0.1 0.1 0.0666667
4 0.928125 0.1 0.14375 0.0666667
7 0.90625 0.0555556 0.1 0.111111
8 0.953125 0.0777778 0.09375 0.0666667
0 0.021875 0.111111 0.04375 0.0444444
0 0.021875 0.1 0.04375 0.111111
2 0.0375 0.0888889 0.0375 0.0888889
2 0.05 0.111111 0.0625 0.0888889
6 0.05 0.1 0.0875 0.0666667
8 0.0875 0.1 0.0875 0.0666667
8 0.14375 0.111111 0.175 0.0444444
8 0.2 0.122222 0.2625 0.0222222
8 0.2125 0.111111 0.2625 0.0444444
8 0.18125 0.111111 0.175 0.0444444
8 0.15625 0.111111 0.1 0.0444444
8 0.18125 0.1 0.1 0.0666667
8 0.275 0.111111 0.2625 0.0444444
8 0.2 0.111111 0.0875 0.0444444
8 0.21875 0.111111 0.1 0.0444444
2 0.2375 0.111111 0.0875 0.0444444
8 0.25625 0.111111 0.1 0.0444444
8 0.28125 0.111111 0.1 0.0444444
6 0.2875 0.111111 0.0875 0.0444444
7 0.3875 0.1 0.2625 0.0666667
9 0.44375 0.111111 0.15 0.0888889
4 0.51875 0.122222 0.15 0.0666667
2 0.55 0.133333 0.0875 0.0444444
2 0.55625 0.111111 0.075 0.0444444
16 0.55 0.111111 0.0875 0.0444444
19 0.5625 0.111111 0.0875 0.0444444
67 0.5875 0.1 0.0625 0.0666667
2 0.64375 0.1 0.15 0.0666667
2 0.64375 0.0888889 0.175 0.0888889
4 0.66875 0.0888889 0.075 0.0888889
2 0.6875 0.111111 0.0375 0.0444444
2 0.68125 0.1 0.075 0.0666667
4 0.68125 0.111111 0.075 0.0888889
4 0.7125 0.1 0.1625 0.111111
4 0.73125 0.111111 0.15 0.133333
6 0.81875 0.122222 0.125 0.0666667
4 0.84375 0.133333 0.175 0.0444444
6 0.875 0.122222 0.0625 0.0666667
4 0.875 0.122222 0.0875 0.0666667
6 0.88125 0.122222 0.1 0.0666667
6 0.921875 0.111111 0.15625 0.133333
4 0.053125 0.133333 0.10625 0.0444444
0 0.021875 0.133333 0.04375 0.0444444
2 0.0375 0.133333 0.0375 0.0444444
2 0.05 0.133333 0.0625 0.0444444
2 0.05625 0.122222 0.075 0.0666667
6 0.10625 0.122222 0.1 0.0666667
8 0.125 0.133333 0.0875 0.0444444
45 0.16875 0.133333 0.1 0.0444444
45 0.18125 0.111111 0.1 0.0888889
2 0.2125 0.122222 0.0875 0.0666667
2 0.225 0.133333 0.0875 0.0444444
2 0.25 0.133333 0.0875 0.0444444
4 0.275 0.133333 0.0875 0.0444444
6 0.2875 0.122222 0.0875 0.0666667
45 0.3 0.111111 0.0875 0.0888889
29 0.55625 0.133333 0.075 0.0444444
2 0.51875 0.144444 0.15 0.0666667
2 0.55625 0.144444 0.1 0.0666667
2 0.6125 0.133333 0.0125 0.0444444
15 0.64375 0.111111 0.175 0.0888889
19 0.6875 0.111111 0.0875 0.0888889
2 0.675 0.111111 0.0625 0.0888889
4 0.725 0.111111 0.1625 0.0888889
2 0.7125 0.133333 0.1625 0.0444444
2 0.73125 0.144444 0.15 0.0666667
4 0.74375 0.133333 0.175 0.0444444
6 0.74375 0.133333 0.1 0.0444444
6 0.78125 0.133333 0.1 0.0444444
4 0.80625 0.133333 0.125 0.0888889
2 0.85 0.122222 0.1875 0.0666667
6 0.84375 0.122222 0.125 0.0666667
6 0.85 0.133333 0.1125 0.0444444
8 0.928125 0.155556 0.14375 0.0888889
8 0.925 0.133333 0.1125 0.0444444
6 0.94375 0.133333 0.1 0.0444444
4 0.94375 0.133333 0.1 0.133333
2 0.053125 0.166667 0.10625 0.111111
0 0.021875 0.144444 0.04375 0.0666667
0 0.04375 0.144444 0.025 0.0666667
2 0.05 0.144444 0.0125 0.0666667
2 0.05625 0.133333 0.1 0.0888889
6 0.0875 0.133333 0.1125 0.0888889
6 0.14375 0.144444 0.175 0.111111
6 0.1625 0.133333 0.1875 0.0888889
45 0.15625 0.133333 0.1 0.0888889
71 0.16875 0.133333 0.1 0.0888889
6 0.275 0.133333 0.1875 0.0888889
45 0.24375 0.133333 0.1 0.0888889
2 0.25 0.133333 0.0875 0.0888889
6 0.26875 0.133333 0.1 0.0888889
2 0.275 0.133333 0.0875 0.0888889
4 0.2875 0.133333 0.0875 0.0888889
8 0.3 0.133333 0.0875 0.0888889
2 0.41875 0.144444 0.125 0.111111
4 0.44375 0.133333 0.175 0.177778
8 0.5125 0.155556 0.1625 0.0444444
8 0.51875 0.166667 0.175 0.0222222
4 0.5375 0.166667 0.1875 0.0666667
2 0.55625 0.155556 0.075 0.0888889
