8 0.028125 0.111111 0.05625 0.222222
8 0.028125 0.0222222 0.05625 0.0444444
8 0.065625 0.0222222 0.13125 0.0444444
6 0.078125 0.0444444 0.15625 0.0888889
6 0.096875 0.0444444 0.19375 0.0888889
8 0.1125 0.0444444 0.2125 0.0888889
8 0.15625 0.0444444 0.2 0.0888889
8 0.19375 0.0444444 0.2 0.0888889
8 0.225 0.0444444 0.1875 0.0888889
8 0.2625 0.0222222 0.2375 0.0444444
8 0.28125 0.0444444 0.225 0.0888889
8 0.325 0.0444444 0.2375 0.0888889
8 0.3375 0.0222222 0.2375 0.0444444
8 0.3875 0.0222222 0.2375 0.0444444
3 0.40625 0.0222222 0.25 0.0444444
8 0.4125 0.0444444 0.2375 0.0888889
8 0.44375 0.0333333 0.25 0.0666667
8 0.475 0.0444444 0.2375 0.0888889
8 0.4875 0.0222222 0.2375 0.0444444
3 0.5125 0.0444444 0.2375 0.0888889
8 0.55 0.0444444 0.2375 0.0888889
8 0.59375 0.0444444 0.225 0.0888889
8 0.66875 0.0444444 0.325 0.0888889
8 0.65 0.0333333 0.2125 0.0666667
8 0.6625 0.0111111 0.2125 0.0222222
8 0.6875 0.0222222 0.2125 0.0444444
8 0.75 0.0222222 0.3125 0.0444444
32 0.70625 0.0111111 0.2 0.0222222
8 0.7125 0.0111111 0.1875 0.0222222
8 0.75 0.0111111 0.1875 0.0222222
8 0.7875 0.0111111 0.2125 0.0222222
8 0.846875 0.0111111 0.30625 0.0222222
8 0.83125 0.0111111 0.225 0.0222222
8 0.85 0.0333333 0.2125 0.0666667
3 0.8625 0.0333333 0.2125 0.0666667
8 0.875 0.0444444 0.2125 0.0888889
8 0.890625 0.0222222 0.21875 0.0444444
8 0.903125 0.0333333 0.19375 0.0666667
8 0.909375 0.0222222 0.18125 0.0444444
8 0.921875 0.0111111 0.15625 0.0222222
12 0.059375 0.0333333 0.11875 0.0666667
2 0.034375 0.0333333 0.06875 0.0666667
6 0.040625 0.0333333 0.08125 0.0666667
10 0.1 0.0555556 0.1875 0.111111
10 0.125 0.0444444 0.1875 0.0888889
21 0.1375 0.0444444 0.1875 0.0888889
21 0.175 0.0444444 0.1875 0.0888889
14 0.1875 0.0333333 0.1875 0.0666667
14 0.23125 0.0333333 0.175 0.0666667
12 0.24375 0.0333333 0.175 0.0666667
8 0.29375 0.0333333 0.225 0.0666667
8 0.3375 0.0333333 0.2375 0.0666667
8 0.36875 0.0333333 0.225 0.0666667
8 0.43125 0.0333333 0.125 0.0666667
8 0.50625 0.0333333 0.175 0.0666667
8 0.55625 0.0333333 0.15 0.0666667
8 0.6375 0.0333333 0.1375 0.0666667
0 0.6625 0.0333333 0.1125 0.0666667
39 0.68125 0.0444444 0.1 0.0888889
12 0.7 0.0333333 0.0625 0.0666667
12 0.70625 0.0333333 0.025 0.0666667
12 0.71875 0.0333333 0.025 0.0666667
12 0.74375 0.0111111 0.025 0.0222222
12 0.76875 0.0111111 0.075 0.0222222
12 0.8 0.0111111 0.0625 0.0222222
32 0.8125 0.0111111 0.0875 0.0222222
14 0.8375 0.0111111 0.0875 0.0222222
8 0.85 0.0111111 0.1125 0.0222222
8 0.86875 0.0333333 0.125 0.0666667
8 0.90625 0.0333333 0.125 0.0666667
14 0.934375 0.0333333 0.13125 0.0666667
21 0.959375 0.0333333 0.08125 0.0666667
46 0.965625 0.0333333 0.06875 0.0666667
10 0.021875 0.0555556 0.04375 0.111111
10 0.059375 0.0444444 0.11875 0.0888889
6 0.059375 0.0444444 0.11875 0.0888889
6 0.071875 0.0444444 0.14375 0.0888889
21 0.078125 0.0444444 0.15625 0.0888889
21 0.1 0.0444444 0.1875 0.0888889
14 0.1625 0.0444444 0.1375 0.0888889
14 0.2125 0.0444444 0.1875 0.0888889
4 0.225 0.0444444 0.1875 0.0888889
9 0.2375 0.0444444 0.1875 0.0888889
9 0.2625 0.0444444 0.0875 0.0888889
12 0.2875 0.0444444 0.1125 0.0888889
14 0.30625 0.0444444 0.1 0.0888889
8 0.31875 0.0444444 0.1 0.0888889
8 0.28125 0.0444444 0.2 0.0888889
8 0.35 0.0444444 0.1125 0.0888889
8 0.375 0.0444444 0.1125 0.0888889
0 0.39375 0.0444444 0.1 0.0888889
8 0.40625 0.0444444 0.1 0.0888889
8 0.41875 0.0444444 0.1 0.0888889
0 0.45 0.0444444 0.1125 0.0888889
8 0.46875 0.0444444 0.1 0.0888889
8 0.5 0.0444444 0.1375 0.0888889
3 0.48125 0.0444444 0.225 0.0888889
3 0.55 0.0444444 0.1375 0.0888889
0 0.55 0.0444444 0.1375 0.0888889
0 0.53125 0.0444444 0.225 0.0888889
0 0.58125 0.0444444 0.225 0.0888889
0 0.6375 0.0444444 0.1375 0.0888889
0 0.6625 0.0444444 0.1375 0.0888889
8 0.675 0.0444444 0.1375 0.0888889
0 0.6875 0.0555556 0.1375 0.111111
0 0.7 0.0666667 0.1375 0.133333
12 0.70625 0.0444444 0.15 0.0888889
11 0.70625 0.0444444 0.075 0.0888889
10 0.70625 0.0444444 0.05 0.0888889
10 0.725 0.0444444 0.0625 0.0888889
10 0.7375 0.0444444 0.0375 0.0888889
10 0.71875 0.0444444 0.15 0.0888889
10 0.7375 0.0555556 0.2125 0.111111
10 0.8125 0.0666667 0.1125 0.133333
10 0.7875 0.0666667 0.1875 0.133333
21 0.78125 0.0666667 0.225 0.133333
8 0.79375 0.0666667 0.225 0.133333
8 0.83125 0.0666667 0.2 0.133333
8 0.896875 0.0555556 0.20625 0.111111
17 0.915625 0.0444444 0.16875 0.0888889
19 0.928125 0.0444444 0.14375 0.0888889
21 0.946875 0.0444444 0.10625 0.0888889
21 0.021875 0.0777778 0.04375 0.155556
10 0.053125 0.0777778 0.10625 0.155556
10 0.065625 0.0888889 0.13125 0.177778
10 0.046875 0.0888889 0.09375 0.177778
10 0.053125 0.0444444 0.10625 0.0888889
18 0.065625 0.0444444 0.13125 0.0888889
14 0.075 0.0444444 0.1375 0.0888889
20 0.08125 0.0444444 0.125 0.0888889
21 0.1 0.0444444 0.1375 0.0888889
14 0.11875 0.0444444 0.125 0.0888889
14 0.225 0.0444444 0.1375 0.0888889
4 0.21875 0.0555556 0.15 0.111111
4 0.24375 0.0555556 0.075 0.111111
14 0.25625 0.0555556 0.075 0.111111
14 0.3 0.0555556 0.1125 0.111111
14 0.3125 0.0555556 0.0875 0.111111
14 0.31875 0.0555556 0.1 0.111111
12 0.33125 0.0555556 0.1 0.111111
0 0.36875 0.0555556 0.1 0.111111
8 0.3875 0.0555556 0.1125 0.111111
8 0.4125 0.0555556 0.1125 0.111111
8 0.425 0.0555556 0.1125 0.111111
8 0.45 0.0555556 0.1125 0.111111
12 0.475 0.0555556 0.1125 0.111111
8 0.5 0.0555556 0.1125 0.111111
8 0.525 0.0555556 0.1125 0.111111
0 0.5625 0.0555556 0.1125 0.111111
0 0.5875 0.0555556 0.1125 0.111111
3 0.61875 0.0555556 0.15 0.111111
3 0.65 0.0555556 0.1375 0.111111
0 0.65625 0.0555556 0.1 0.111111
0 0.68125 0.0555556 0.1 0.111111
8 0.69375 0.0555556 0.1 0.111111
11 0.7125 0.0555556 0.0875 0.111111
10 0.7125 0.0555556 0.0875 0.111111
10 0.73125 0.0555556 0.025 0.111111
10 0.75625 0.0555556 0.075 0.111111
0 0.76875 0.0555556 0.075 0.111111
19 0.76875 0.0555556 0.225 0.111111
14 0.83125 0.0555556 0.15 0.111111
8 0.84375 0.0555556 0.15 0.111111
2 0.85 0.0555556 0.1375 0.111111
2 0.875 0.0555556 0.1375 0.111111
8 0.91875 0.0555556 0.125 0.111111
14 0.953125 0.0555556 0.09375 0.111111
17 0.915625 0.0555556 0.16875 0.0666667
18 0.928125 0.0555556 0.14375 0.111111
18 0.940625 0.0555556 0.11875 0.111111
21 0.053125 0.0888889 0.10625 0.177778
8 0.059375 0.0888889 0.11875 0.177778
3 0.059375 0.0777778 0.11875 0.155556
17 0.065625 0.0777778 0.13125 0.155556
18 0.078125 0.0888889 0.15625 0.177778
20 0.084375 0.1 0.16875 0.155556
21 0.08125 0.111111 0.125 0.133333
21 0.1625 0.111111 0.1875 0.133333
14 0.175 0.111111 0.1875 0.133333
14 0.21875 0.111111 0.125 0.133333
4 0.2375 0.0888889 0.1375 0.133333
4 0.21875 0.1 0.175 0.155556
14 0.25 0.111111 0.0625 0.133333
4 0.28125 0.0888889 0.2 0.177778
8 0.29375 0.0888889 0.175 0.177778
12 0.325 0.1 0.1125 0.155556
12 0.3375 0.0666667 0.1125 0.133333
8 0.34375 0.0777778 0.1 0.111111
0 0.3625 0.0888889 0.1125 0.177778
8 0.38125 0.0888889 0.125 0.177778
8 0.4 0.0666667 0.1125 0.133333
8 0.425 0.0777778 0.1125 0.155556
12 0.43125 0.0888889 0.1 0.177778
12 0.4625 0.0888889 0.1125 0.177778
12 0.475 0.1 0.1125 0.155556
12 0.4875 0.0666667 0.1125 0.133333
12 0.5125 0.0666667 0.1125 0.133333
8 0.525 0.0666667 0.1125 0.133333
8 0.5625 0.0666667 0.1125 0.133333
8 0.5875 0.0666667 0.1125 0.133333
8 0.56875 0.0888889 0.225 0.177778
3 0.60625 0.0888889 0.25 0.177778
8 0.6625 0.0666667 0.1625 0.133333
3 0.60625 0.0666667 0.2 0.133333
3 0.66875 0.0666667 0.125 0.133333
0 0.65625 0.0666667 0.15 0.133333
3 0.68125 0.0888889 0.125 0.177778
3 0.7125 0.0777778 0.0625 0.0666667
10 0.725 0.0777778 0.0625 0.0666667
0 0.74375 0.0888889 0.075 0.0888889
0 0.75625 0.0666667 0.075 0.133333
2 0.79375 0.0666667 0.125 0.133333
0 0.825 0.0888889 0.1125 0.177778
0 0.85 0.0666667 0.0875 0.133333
0 0.875 0.0666667 0.0875 0.133333
0 0.88125 0.0888889 0.125 0.177778
8 0.90625 0.0666667 0.125 0.133333
11 0.93125 0.0777778 0.075 0.0666667
12 0.946875 0.0777778 0.10625 0.0666667
8 0.915625 0.0777778 0.16875 0.0666667
2 0.909375 0.0888889 0.18125 0.0888889
2 0.915625 0.0888889 0.16875 0.133333
9 0.925 0.0777778 0.1125 0.111111
14 0.965625 0.0666667 0.06875 0.133333
8 0.065625 0.0888889 0.13125 0.133333
14 0.065625 0.1 0.13125 0.111111
14 0.040625 0.111111 0.08125 0.0444444
14 0.05 0.1 0.0875 0.0222222
18 0.0625 0.1 0.0875 0.0222222
14 0.075 0.122222 0.0875 0.0666667
18 0.06875 0.122222 0.1 0.0666667
14 0.09375 0.111111 0.075 0.0888889
14 0.0875 0.1 0.1125 0.111111
14 0.1125 0.111111 0.1375 0.133333
4 0.23125 0.122222 0.125 0.155556
4 0.25 0.122222 0.0875 0.155556
19 0.275 0.122222 0.1125 0.155556
4 0.3 0.122222 0.1125 0.155556
8 0.325 0.122222 0.1125 0.155556
11 0.3375 0.122222 0.1125 0.155556
10 0.35 0.122222 0.1125 0.155556
8 0.3375 0.0777778 0.1625 0.155556
8 0.3875 0.0888889 0.1375 0.133333
8 0.40625 0.1 0.125 0.111111
8 0.41875 0.0888889 0.125 0.133333
11 0.425 0.0888889 0.1125 0.133333
11 0.44375 0.111111 0.1 0.177778
12 0.45625 0.0888889 0.125 0.133333
10 0.4875 0.111111 0.1125 0.177778
11 0.5125 0.0777778 0.1125 0.155556
11 0.525 0.0777778 0.2125 0.155556
11 0.56875 0.0777778 0.175 0.155556
11 0.5875 0.1 0.1125 0.2
14 0.61875 0.1 0.175 0.2
8 0.6125 0.1 0.2125 0.2
8 0.63125 0.0777778 0.225 0.155556
8 0.675 0.0777778 0.1375 0.155556
8 0.66875 0.1 0.125 0.111111
8 0.6875 0.1 0.0875 0.111111
8 0.70625 0.1 0.075 0.111111
2 0.725 0.122222 0.0625 0.155556
0 0.75 0.122222 0.0875 0.155556
0 0.775 0.122222 0.1125 0.155556
2 0.7875 0.1 0.1125 0.2
0 0.825 0.122222 0.1125 0.155556
0 0.84375 0.1 0.1 0.2
0 0.8625 0.1 0.1125 0.2
8 0.89375 0.1 0.125 0.2
8 0.90625 0.133333 0.125 0.133333
11 0.93125 0.155556 0.1 0.133333
11 0.940625 0.133333 0.11875 0.177778
12 0.946875 0.122222 0.10625 0.155556
8 0.953125 0.1 0.09375 0.111111
9 0.915625 0.1 0.16875 0.111111
14 0.95625 0.122222 0.075 0.155556
14 0.965625 0.1 0.06875 0.2
8 0.065625 0.111111 0.13125 0.133333
14 0.071875 0.133333 0.14375 0.0888889
17 0.071875 0.122222 0.14375 0.0666667
14 0.08125 0.122222 0.15 0.0666667
17 0.06875 0.122222 0.1 0.0666667
7 0.075 0.122222 0.0875 0.0666667
14 0.1 0.122222 0.0875 0.0666667
14 0.125 0.122222 0.0875 0.0666667
14 0.1125 0.122222 0.1375 0.0666667
14 0.15 0.133333 0.0875 0.0888889
14 0.1375 0.122222 0.1375 0.111111
14 0.1875 0.133333 0.1125 0.133333
14 0.2125 0.144444 0.1125 0.155556
4 0.2 0.144444 0.1625 0.155556
18 0.225 0.133333 0.1375 0.177778
18 0.2875 0.133333 0.1125 0.177778
19 0.3 0.133333 0.1125 0.177778
9 0.3125 0.133333 0.1375 0.177778
8 0.31875 0.133333 0.225 0.177778
8 0.325 0.122222 0.2125 0.111111
9 0.3375 0.111111 0.2125 0.133333
9 0.375 0.111111 0.1625 0.133333
10 0.36875 0.111111 0.125 0.133333
12 0.39375 0.1 0.125 0.155556
