6 0.3375 0.0222222 0.1875 0.0444444
4 0.35 0.0222222 0.1875 0.0444444
5 0.36875 0.0222222 0.125 0.0444444
11 0.959375 0.0111111 0.08125 0.0222222
8 0.034375 0.0222222 0.06875 0.0444444
11 0.028125 0.0222222 0.05625 0.0444444
6 0.10625 0.0222222 0.1 0.0444444
6 0.15 0.0222222 0.1125 0.0444444
6 0.16875 0.0222222 0.1 0.0444444
6 0.19375 0.0222222 0.1 0.0444444
5 0.20625 0.0222222 0.1 0.0444444
2 0.21875 0.0222222 0.1 0.0444444
2 0.23125 0.0222222 0.1 0.0444444
4 0.24375 0.0222222 0.1 0.0444444
4 0.25625 0.0333333 0.1 0.0666667
6 0.26875 0.0333333 0.1 0.0666667
2 0.28125 0.0333333 0.1 0.0666667
6 0.30625 0.0333333 0.1 0.0666667
6 0.3375 0.0222222 0.0625 0.0444444
4 0.35 0.0333333 0.0625 0.0666667
2 0.35 0.0333333 0.0875 0.0666667
6 0.3625 0.0222222 0.0875 0.0444444
6 0.375 0.0222222 0.1125 0.0444444
6 0.39375 0.0222222 0.1 0.0444444
5 0.4 0.0333333 0.1125 0.0666667
6 0.4125 0.0333333 0.1125 0.0666667
5 0.425 0.0222222 0.1125 0.0444444
6 0.45625 0.0222222 0.1 0.0444444
5 0.46875 0.0222222 0.1 0.0444444
6 0.4875 0.0222222 0.1125 0.0444444
6 0.5 0.0333333 0.1125 0.0666667
5 0.5125 0.0222222 0.1125 0.0444444
6 0.53125 0.0222222 0.1 0.0444444
5 0.54375 0.0333333 0.1 0.0666667
6 0.5625 0.0222222 0.1125 0.0444444
6 0.59375 0.0222222 0.1 0.0444444
5 0.60625 0.0222222 0.1 0.0444444
5 0.625 0.0222222 0.1125 0.0444444
6 0.65 0.0222222 0.1125 0.0444444
5 0.6625 0.0222222 0.1125 0.0444444
6 0.2875 0.0555556 0.0875 0.0666667
6 0.3125 0.0555556 0.0875 0.0666667
6 0.3375 0.0555556 0.0875 0.0666667
2 0.01875 0.0444444 0.025 0.0888889
2 0.025 0.0555556 0.0375 0.0666667
6 0.04375 0.0444444 0.025 0.0888889
6 0.0375 0.0555556 0.0625 0.111111
2 0.10625 0.0444444 0.025 0.0888889
2 0.1125 0.0444444 0.0375 0.0888889
2 0.18125 0.0333333 0.025 0.0666667
4 0.1875 0.0333333 0.0375 0.0666667
6 0.18125 0.0444444 0.075 0.0888889
6 0.21875 0.0555556 0.1 0.0666667
4 0.23125 0.0555556 0.1 0.0666667
6 0.24375 0.0666667 0.1 0.0888889
6 0.26875 0.0666667 0.1 0.0888889
6 0.3 0.0777778 0.0875 0.0666667
6 0.35625 0.0555556 0.1 0.0666667
6 0.38125 0.0555556 0.1 0.0666667
6 0.40625 0.0555556 0.1 0.0666667
6 0.43125 0.0555556 0.1 0.0666667
2 0.45625 0.0555556 0.1 0.0666667
2 0.48125 0.0444444 0.075 0.0888889
4 0.49375 0.0444444 0.1 0.0888889
6 0.50625 0.0444444 0.1 0.0888889
4 0.51875 0.0444444 0.1 0.0888889
2 0.54375 0.0444444 0.1 0.0888889
4 0.56875 0.0444444 0.1 0.0888889
4 0.59375 0.0444444 0.1 0.0888889
6 0.60625 0.0444444 0.1 0.0888889
6 0.63125 0.0444444 0.1 0.0888889
4 0.64375 0.0444444 0.1 0.0888889
4 0.66875 0.0333333 0.1 0.0666667
21 0.053125 0.0444444 0.10625 0.0888889
2 0.021875 0.0444444 0.04375 0.0888889
2 0.0375 0.0666667 0.0625 0.0444444
6 0.03125 0.0666667 0.05 0.0444444
2 0.18125 0.0444444 0.05 0.0888889
6 0.19375 0.0444444 0.05 0.0888889
6 0.3375 0.0888889 0.0875 0.0444444
6 0.36875 0.0777778 0.1 0.0666667
6 0.4375 0.0777778 0.0875 0.0666667
4 0.45625 0.0777778 0.1 0.0666667
6 0.46875 0.0777778 0.1 0.0666667
6 0.48125 0.0555556 0.075 0.111111
6 0.54375 0.0555556 0.05 0.111111
6 0.53125 0.0555556 0.1 0.111111
2 0.021875 0.0777778 0.04375 0.155556
6 0.03125 0.0777778 0.05 0.111111
21 0.009375 0.0777778 0.01875 0.155556
11 0.03125 0.1 0.025 0.111111
8 0.18125 0.1 0.05 0.111111
21 0.015625 0.0888889 0.03125 0.177778
3 0.015625 0.122222 0.03125 0.111111
4 0.175 0.111111 0.0625 0.0888889
11 0.325 0.155556 0.0875 0.0444444
6 0.4625 0.133333 0.0875 0.133333
12 0.015625 0.133333 0.03125 0.133333
10 0.01875 0.122222 0.025 0.111111
10 0.0875 0.177778 0.0375 0.0444444
10 0.1125 0.166667 0.0375 0.0666667
2 0.14375 0.177778 0.1 0.0888889
2 0.175 0.177778 0.0625 0.0444444
6 0.28125 0.188889 0.1 0.0666667
6 0.45625 0.177778 0.075 0.0888889
12 0.0875 0.211111 0.0375 0.0666667
2 0.0875 0.2 0.0375 0.0888889
2 0.10625 0.177778 0.025 0.0888889
4 0.13125 0.166667 0.1 0.155556
2 0.175 0.188889 0.0625 0.0666667
6 0.19375 0.2 0.05 0.0444444
6 0.225 0.2 0.0875 0.0888889
6 0.2375 0.211111 0.0875 0.0666667
6 0.25625 0.211111 0.1 0.0666667
4 0.26875 0.211111 0.1 0.0666667
4 0.28125 0.2 0.1 0.0444444
6 0.29375 0.2 0.1 0.0444444
6 0.3125 0.211111 0.0875 0.0666667
6 0.3375 0.188889 0.0875 0.0666667
6 0.35625 0.2 0.1 0.0444444
6 0.375 0.2 0.0875 0.0444444
6 0.4375 0.188889 0.0875 0.111111
4 0.45625 0.177778 0.075 0.0888889
6 0.475 0.177778 0.0875 0.0888889
6 0.58125 0.177778 0.1 0.0888889
12 0.015625 0.188889 0.03125 0.111111
2 0.125 0.188889 0.0375 0.111111
2 0.1375 0.2 0.0375 0.0888889
6 0.13125 0.2 0.1 0.0888889
2 0.14375 0.2 0.1 0.0888889
2 0.19375 0.2 0.05 0.0444444
6 0.18125 0.177778 0.075 0.133333
6 0.48125 0.2 0.05 0.0888889
6 0.49375 0.2 0.05 0.0888889
4 0.56875 0.2 0.1 0.0888889
6 0.69375 0.177778 0.1 0.133333
2 0.075 0.211111 0.0375 0.111111
2 0.10625 0.2 0.025 0.0888889
2 0.13125 0.222222 0.05 0.0888889
2 0.19375 0.2 0.05 0.0888889
4 0.18125 0.2 0.075 0.133333
2 0.1875 0.2 0.0875 0.133333
6 0.2 0.2 0.0875 0.0888889
6 0.2125 0.211111 0.0875 0.111111
4 0.225 0.211111 0.0875 0.111111
6 0.2375 0.244444 0.0875 0.0444444
6 0.25625 0.244444 0.1 0.0444444
6 0.425 0.211111 0.0875 0.111111
2 0.55625 0.211111 0.1 0.111111
4 0.63125 0.211111 0.05 0.0666667
4 0.7125 0.2 0.0375 0.133333
11 0.034375 0.222222 0.06875 0.0888889
11 0.034375 0.244444 0.06875 0.133333
2 0.08125 0.222222 0.025 0.133333
18 0.08125 0.222222 0.025 0.133333
19 0.0875 0.222222 0.0375 0.133333
2 0.10625 0.222222 0.025 0.133333
2 0.125 0.233333 0.0375 0.0666667
4 0.125 0.222222 0.0625 0.0888889
8 0.13125 0.211111 0.1 0.111111
6 0.18125 0.222222 0.05 0.0888889
2 0.19375 0.233333 0.05 0.111111
4 0.19375 0.211111 0.075 0.111111
2 0.56875 0.255556 0.05 0.0666667
2 0.5625 0.233333 0.0875 0.111111
25 0.58125 0.233333 0.1 0.111111
4 0.70625 0.222222 0.05 0.0888889
4 0.7 0.211111 0.0875 0.111111
2 0.009375 0.177778 0.01875 0.266667
2 0.034375 0.255556 0.06875 0.111111
2 0.0375 0.288889 0.0625 0.0444444
11 0.05 0.288889 0.0375 0.0444444
2 0.08125 0.266667 0.025 0.0888889
2 0.0875 0.266667 0.0375 0.0888889
2 0.1125 0.266667 0.0125 0.0888889
2 0.13125 0.244444 0.025 0.0888889
4 0.11875 0.233333 0.075 0.111111
8 0.16875 0.233333 0.175 0.111111
8 0.15 0.255556 0.1125 0.111111
6 0.18125 0.244444 0.05 0.0888889
4 0.175 0.244444 0.0875 0.0888889
6 0.18125 0.233333 0.075 0.111111
6 0.2 0.233333 0.0875 0.111111
25 0.56875 0.266667 0.025 0.0888889
2 0.5625 0.266667 0.0625 0.0888889
2 0.009375 0.277778 0.01875 0.111111
2 0.034375 0.277778 0.06875 0.111111
8 0.05 0.288889 0.0625 0.0444444
8 0.05 0.288889 0.0375 0.0444444
0 0.0625 0.288889 0.0125 0.0444444
2 0.075 0.266667 0.0125 0.0888889
2 0.08125 0.3 0.025 0.0666667
2 0.0875 0.311111 0.0375 0.0444444
19 0.10625 0.266667 0.025 0.133333
2 0.06875 0.277778 0.125 0.111111
8 0.1875 0.266667 0.0375 0.0888889
6 0.1875 0.266667 0.0375 0.0888889
8 0.015625 0.3 0.03125 0.111111
8 0.021875 0.311111 0.04375 0.0888889
3 0.0625 0.3 0.0125 0.0666667
2 0.075 0.311111 0.0125 0.0444444
2 0.0875 0.3 0.0375 0.0666667
2 0.0875 0.333333 0.0375 0.0888889
2 0.21875 0.3 0.125 0.111111
2 0.19375 0.3 0.025 0.111111
2 0.20625 0.277778 0.05 0.111111
2 0.21875 0.288889 0.025 0.0888889
4 0.33125 0.333333 0.075 0.0444444
6 0.38125 0.322222 0.025 0.0222222
8 0.3875 0.322222 0.0375 0.0222222
4 0.70625 0.288889 0.05 0.133333
6 0.93125 0.322222 0.125 0.0666667
12 0.015625 0.311111 0.03125 0.0888889
11 0.0625 0.311111 0.0125 0.0888889
2 0.06875 0.266667 0.025 0.222222
2 0.0875 0.277778 0.0375 0.2
2 0.09375 0.355556 0.05 0.0888889
25 0.225 0.366667 0.1375 0.2
8 0.225 0.322222 0.1125 0.111111
2 0.1875 0.322222 0.0375 0.111111
5 0.21875 0.311111 0.05 0.0888889
6 0.55 0.333333 0.0625 0.133333
6 0.5625 0.322222 0.0625 0.155556
6 0.6875 0.311111 0.0375 0.0888889
4 0.7125 0.311111 0.0375 0.0888889
6 0.7125 0.333333 0.0375 0.0444444
6 0.88125 0.322222 0.1 0.155556
4 0.93125 0.333333 0.125 0.0888889
6 0.9375 0.355556 0.1125 0.0444444
3 0.015625 0.333333 0.03125 0.133333
9 0.015625 0.344444 0.03125 0.111111
21 0.075 0.277778 0.0375 0.2
2 0.0875 0.344444 0.0375 0.288889
25 0.09375 0.355556 0.05 0.0888889
2 0.2 0.344444 0.0375 0.111111
6 0.20625 0.333333 0.05 0.133333
8 0.21875 0.344444 0.05 0.111111
6 0.55625 0.344444 0.05 0.111111
6 0.6875 0.344444 0.0375 0.111111
4 0.70625 0.355556 0.05 0.0888889
4 0.71875 0.344444 0.05 0.0666667
6 0.85625 0.344444 0.1 0.111111
6 0.86875 0.388889 0.1 0.0666667
6 0.88125 0.377778 0.1 0.0888889
6 0.89375 0.344444 0.1 0.155556
6 0.928125 0.355556 0.14375 0.133333
6 0.93125 0.366667 0.125 0.0666667
6 0.9375 0.377778 0.1125 0.0444444
11 0.009375 0.355556 0.01875 0.0888889
2 0.10625 0.377778 0.025 0.0444444
2 0.11875 0.388889 0.025 0.0666667
2 0.13125 0.388889 0.025 0.0666667
0 0.14375 0.4 0.025 0.0888889
8 0.15625 0.366667 0.025 0.111111
21 0.21875 0.366667 0.125 0.111111
2 0.19375 0.355556 0.05 0.0888889
6 0.45625 0.388889 0.1 0.0666667
6 0.46875 0.366667 0.1 0.111111
6 0.49375 0.366667 0.075 0.111111
4 0.54375 0.377778 0.075 0.133333
6 0.55625 0.366667 0.075 0.111111
4 0.66875 0.388889 0.1 0.0666667
4 0.6875 0.366667 0.0875 0.111111
6 0.7 0.366667 0.0875 0.111111
6 0.775 0.366667 0.0875 0.111111
6 0.79375 0.366667 0.1 0.111111
11 0.015625 0.377778 0.03125 0.0888889
21 0.0625 0.344444 0.0375 0.2
2 0.08125 0.344444 0.05 0.244444
2 0.09375 0.377778 0.05 0.0888889
2 0.1125 0.4 0.0375 0.133333
18 0.14375 0.4 0.025 0.0888889
19 0.1625 0.388889 0.0125 0.111111
6 0.19375 0.377778 0.05 0.133333
6 0.86875 0.388889 0.1 0.111111
6 0.88125 0.4 0.1 0.133333
9 0.009375 0.388889 0.01875 0.111111
21 0.06875 0.355556 0.025 0.177778
2 0.075 0.366667 0.0375 0.2
2 0.0875 0.4 0.0375 0.133333
25 0.09375 0.411111 0.075 0.155556
2 0.09375 0.411111 0.075 0.155556
19 0.125 0.422222 0.0375 0.133333
19 0.125 0.422222 0.0625 0.133333
21 0.225 0.411111 0.1375 0.111111
6 0.1875 0.4 0.0625 0.0888889
8 0.2 0.4 0.0625 0.0888889
0 0.05625 0.422222 0.025 0.0888889
10 0.06875 0.422222 0.025 0.0888889
21 0.08125 0.422222 0.025 0.0888889
2 0.09375 0.411111 0.025 0.111111
2 0.0875 0.433333 0.0625 0.155556
2 0.1125 0.433333 0.0375 0.155556
25 0.10625 0.433333 0.075 0.155556
25 0.11875 0.477778 0.075 0.0666667
25 0.1625 0.433333 0.0125 0.111111
25 0.23125 0.411111 0.15 0.111111
4 0.23125 0.411111 0.1 0.111111
8 0.1875 0.411111 0.0375 0.111111
18 0.08125 0.466667 0.05 0.133333
