29 0.053125 0.0111111 0.10625 0.0222222
6 0.23125 0.0222222 0.15 0.0444444
2 0.2375 0.0222222 0.1625 0.0444444
6 0.23125 0.0222222 0.05 0.0444444
9 0.2875 0.0222222 0.1375 0.0444444
21 0.275 0.0222222 0.1625 0.0444444
6 0.2875 0.0111111 0.1625 0.0222222
32 0.325 0.0111111 0.1125 0.0222222
7 0.3375 0.0111111 0.1125 0.0222222
7 0.35 0.0222222 0.1125 0.0444444
4 0.35 0 0.0875 0
4 0.375 0 0.1125 0
4 0.39375 0 0.1 0
11 0.40625 0 0.075 0
0 0.425 0 0.0875 0
1 0.4375 0 0.0625 0
11 0.58125 0 0.025 0
11 0.60625 0.0111111 0 0.0222222
25 0.56875 0.0222222 0.125 0.0444444
25 0.60625 0.0222222 0.075 0.0444444
9 0.6 0.0222222 0.1125 0.0444444
9 0.625 0.0222222 0.1125 0.0444444
20 0.675 0.0222222 0.1125 0.0444444
18 0.6875 0.0222222 0.1125 0.0444444
2 0.69375 0.0222222 0.1 0.0444444
9 0.73125 0.0111111 0.05 0.0222222
6 0.75 0.0111111 0.0625 0.0222222
6 0.75625 0.0222222 0.1 0.0444444
6 0.7625 0.0222222 0.1125 0.0444444
6 0.8125 0.0222222 0.1625 0.0444444
6 0.85625 0.0222222 0.175 0.0444444
6 0.925 0.0222222 0.1375 0.0444444
2 0.940625 0.0111111 0.11875 0.0222222
6 0.946875 0.0111111 0.10625 0.0222222
29 0.015625 0.0111111 0.03125 0.0222222
29 0.028125 0.0111111 0.05625 0.0222222
29 0.078125 0.0111111 0.15625 0.0222222
29 0.075 0.0111111 0.0375 0.0222222
29 0.1 0.0111111 0.0125 0.0222222
29 0.1125 0.0111111 0.0125 0.0222222
29 0.075 0.0111111 0.1125 0.0222222
29 0.1 0.0222222 0.1125 0.0444444
29 0.15625 0.0222222 0.075 0.0444444
29 0.18125 0.0222222 0.05 0.0444444
21 0.2 0.0222222 0.1125 0.0444444
6 0.2125 0.0222222 0.1125 0.0444444
9 0.24375 0.0222222 0.075 0.0444444
9 0.2625 0.0222222 0.0625 0.0444444
19 0.275 0.0222222 0.0625 0.0444444
11 0.59375 0.0333333 0.125 0.0666667
11 0.5875 0.0222222 0.0375 0.0444444
9 0.6125 0.0111111 0.0125 0.0222222
12 0.63125 0.0222222 0.025 0.0444444
12 0.64375 0.0222222 0.025 0.0444444
12 0.65 0.0222222 0.0375 0.0444444
9 0.66875 0.0222222 0.025 0.0444444
21 0.66875 0.0222222 0.025 0.0444444
20 0.6875 0.0222222 0.0875 0.0444444
19 0.68125 0.0222222 0.1 0.0444444
18 0.71875 0.0222222 0.05 0.0444444
9 0.725 0.0222222 0.0375 0.0444444
9 0.7375 0.0222222 0.0375 0.0444444
9 0.74375 0.0222222 0.075 0.0444444
6 0.775 0.0222222 0.0625 0.0444444
6 0.81875 0.0333333 0.15 0.0666667
6 0.928125 0.0222222 0.14375 0.0444444
2 0.940625 0.0222222 0.11875 0.0444444
9 0.959375 0.0111111 0.08125 0.0222222
65 0.05625 0.0222222 0.1 0.0444444
39 0.01875 0.0222222 0 0.0444444
12 0.03125 0.0222222 0 0.0444444
10 0.04375 0.0222222 0 0.0444444
12 0.05625 0.0333333 0 0.0222222
39 0.034375 0.0222222 0.06875 0.0444444
12 0.046875 0.0222222 0.09375 0.0444444
12 0.10625 0.0222222 0 0.0444444
12 0.0625 0.0222222 0.1125 0.0444444
12 0.13125 0.0222222 0 0.0444444
12 0.14375 0.0222222 0 0.0444444
12 0.15625 0.0222222 0 0.0444444
12 0.16875 0.0222222 0 0.0444444
12 0.18125 0.0333333 0 0.0222222
12 0.19375 0.0333333 0 0.0222222
10 0.125 0.0222222 0.1625 0.0444444
6 0.24375 0.0222222 0.05 0.0444444
20 0.24375 0.0222222 0.075 0.0444444
19 0.25 0.0333333 0.0625 0.0666667
11 0.25625 0.0333333 0.1 0.0666667
6 0.28125 0.0444444 0.125 0.0444444
6 0.3125 0.0333333 0.1625 0.0666667
6 0.35 0.0444444 0.1625 0.0888889
11 0.58125 0.0111111 0.05 0.0222222
25 0.65 0.0333333 0.0375 0.0666667
25 0.6625 0.0222222 0.0125 0.0444444
25 0.675 0.0333333 0.0375 0.0666667
25 0.6875 0.0333333 0.0375 0.0666667
19 0.7 0.0333333 0.0375 0.0666667
19 0.71875 0.0333333 0.05 0.0666667
19 0.73125 0.0333333 0.025 0.0666667
19 0.7375 0.0333333 0.0375 0.0666667
20 0.75625 0.0333333 0.025 0.0666667
6 0.80625 0.0333333 0.125 0.0666667
41 0.00625 0.0444444 0 0.0444444
41 0.01875 0.0444444 0 0.0444444
16 0.025 0.0444444 0.0125 0.0444444
10 0.0375 0.0444444 0.0125 0.0444444
10 0.05625 0.0444444 0 0.0444444
10 0.06875 0.0444444 0 0.0444444
39 0.08125 0.0444444 0 0.0444444
32 0.09375 0.0444444 0 0.0444444
10 0.10625 0.0333333 0 0.0222222
12 0.11875 0.0333333 0 0.0222222
12 0.13125 0.0333333 0 0.0222222
12 0.14375 0.0333333 0 0.0222222
10 0.15625 0.0444444 0 0.0444444
10 0.175 0.0444444 0.0125 0.0444444
39 0.18125 0.0444444 0 0.0444444
32 0.19375 0.0333333 0 0.0222222
10 0.2 0.0333333 0.0125 0.0222222
0 0.24375 0.0444444 0.05 0.0444444
17 0.25 0.0444444 0.0625 0.0444444
20 0.25625 0.0444444 0.075 0.0888889
23 0.26875 0.0555556 0.075 0.0666667
6 0.28125 0.0555556 0.1 0.0666667
6 0.2875 0.0444444 0.1125 0.0888889
11 0.33125 0.0444444 0.125 0.0888889
11 0.35625 0.0444444 0.125 0.0888889
11 0.58125 0.0555556 0.05 0.111111
25 0.65 0.0333333 0.0375 0.0666667
21 0.7 0.0444444 0.0375 0.0444444
20 0.7375 0.0444444 0.0375 0.0444444
21 0.75625 0.0555556 0.025 0.0666667
21 0.80625 0.0555556 0.125 0.0666667
6 0.81875 0.0555556 0.125 0.0666667
25 0.81875 0.0555556 0.15 0.0666667
23 0.81875 0.0555556 0.175 0.0666667
25 0.85625 0.0555556 0.125 0.0666667
21 0.8375 0.0444444 0.0375 0.0444444
6 0.85 0.0444444 0.0375 0.0444444
6 0.90625 0.0555556 0.125 0.0666667
23 0.91875 0.0555556 0.125 0.0666667
23 0.90625 0.0555556 0.075 0.0666667
11 0.94375 0.0444444 0.075 0.0444444
19 0.95625 0.0333333 0.05 0.0666667
2 0.95 0.0555556 0.0625 0.111111
2 0.96875 0.0666667 0.05 0.0888889
2 0.96875 0.0333333 0.05 0.0666667
10 0.10625 0.0555556 0 0.0222222
10 0.1125 0.0555556 0.0125 0.0222222
10 0.125 0.0555556 0.0125 0.0222222
10 0.1375 0.0555556 0.0125 0.0222222
10 0.175 0.0555556 0.0625 0.0222222
10 0.19375 0.0555556 0.025 0.0666667
1 0.23125 0.0666667 0.075 0.0444444
3 0.25625 0.0666667 0.1 0.0444444
3 0.24375 0.0777778 0.075 0.111111
21 0.26875 0.0666667 0.175 0.0888889
11 0.2875 0.0555556 0.1375 0.0666667
21 0.4 0.0777778 0.0875 0.0666667
21 0.4375 0.0777778 0.0375 0.0666667
25 0.45625 0.0777778 0.025 0.0666667
25 0.7 0.0666667 0.0375 0.0888889
21 0.71875 0.0666667 0.05 0.0888889
19 0.725 0.0666667 0.0375 0.0888889
21 0.7375 0.0666667 0.0375 0.0444444
21 0.80625 0.0777778 0.1 0.0666667
21 0.8375 0.0666667 0.0375 0.0444444
21 0.85625 0.0666667 0.025 0.0444444
25 0.85 0.0666667 0.0625 0.0444444
25 0.9125 0.0666667 0.1375 0.0444444
25 0.91875 0.0777778 0.125 0.0666667
21 0.93125 0.0666667 0.1 0.0888889
18 0.94375 0.0777778 0.075 0.0666667
2 0.98125 0.0666667 0.025 0.133333
25 0.3375 0.111111 0.1125 0.0444444
25 0.3625 0.111111 0.1125 0.0444444
25 0.3 0.111111 0.0625 0.0444444
21 0.34375 0.111111 0 0.0444444
25 0.35 0.111111 0.0125 0.0444444
25 0.36875 0.1 0 0.0666667
25 0.38125 0.1 0.075 0.0666667
25 0.43125 0.1 0.025 0.0666667
25 0.4375 0.1 0.0375 0.0666667
21 0.45625 0.111111 0.025 0.0888889
25 0.475 0.1 0.0625 0.0666667
25 0.525 0.111111 0.0875 0.0888889
25 0.5625 0.0666667 0.0375 0.133333
21 0.56875 0.111111 0.05 0.0888889
21 0.5875 0.0666667 0.0375 0.133333
21 0.59375 0.0777778 0.05 0.155556
25 0.675 0.0777778 0.0875 0.155556
21 0.7125 0.0888889 0.1625 0.0888889
21 0.75 0.0888889 0.1125 0.0444444
21 0.75625 0.0888889 0.125 0.0888889
8 0.7375 0.0777778 0.0375 0.0666667
21 0.7375 0.0777778 0.0375 0.0666667
25 0.80625 0.1 0.1 0.0666667
25 0.8375 0.0777778 0.0375 0.0666667
25 0.85625 0.0777778 0.025 0.0666667
25 0.85 0.0888889 0.0625 0.0888889
25 0.925 0.1 0.1125 0.0666667
21 0.95625 0.1 0.05 0.0666667
25 0.9625 0.1 0.0375 0.0666667
2 0.975 0.0888889 0.0375 0.133333
2 0.98125 0.0888889 0.025 0.133333
1 0.10625 0.111111 0 0.0444444
1 0.11875 0.111111 0 0.0444444
1 0.13125 0.111111 0 0.0444444
1 0.1125 0.111111 0.0625 0.0444444
6 0.1875 0.122222 0.0625 0.0666667
6 0.175 0.122222 0.0625 0.0666667
9 0.20625 0.111111 0.075 0.0888889
12 0.25625 0.122222 0.125 0.111111
25 0.28125 0.111111 0 0.0444444
21 0.2875 0.111111 0.0125 0.0444444
21 0.3 0.111111 0.0125 0.0444444
25 0.31875 0.111111 0.025 0.0444444
21 0.33125 0.111111 0.025 0.0444444
21 0.34375 0.111111 0 0.0444444
21 0.35625 0.111111 0 0.0444444
21 0.36875 0.111111 0 0.0444444
25 0.41875 0.111111 0.025 0.0444444
21 0.43125 0.111111 0.025 0.0444444
21 0.4375 0.111111 0.0125 0.0444444
21 0.45 0.111111 0.0125 0.0888889
21 0.48125 0.111111 0.075 0.0888889
8 0.48125 0.122222 0.05 0.0666667
25 0.56875 0.122222 0.025 0.0666667
21 0.58125 0.133333 0.025 0.0888889
20 0.5875 0.1 0.0375 0.155556
19 0.59375 0.0888889 0.05 0.133333
21 0.64375 0.111111 0.05 0.0888889
21 0.65 0.111111 0.0375 0.133333
21 0.73125 0.1 0.125 0.111111
21 0.725 0.1 0.0625 0.0666667
21 0.7625 0.111111 0.1375 0.0888889
8 0.74375 0.111111 0.05 0.0888889
11 0.7375 0.1 0.0375 0.0666667
11 0.76875 0.111111 0.05 0.0888889
25 0.8 0.122222 0.0875 0.0666667
21 0.8375 0.111111 0.0375 0.0444444
25 0.83125 0.1 0.075 0.0666667
23 0.84375 0.122222 0.05 0.0666667
2 0.9625 0.111111 0.0125 0.0444444
25 0.96875 0.122222 0.025 0.0666667
12 0.08125 0.133333 0 0.0444444
12 0.09375 0.133333 0 0.0444444
12 0.10625 0.133333 0 0.0444444
12 0.11875 0.122222 0 0.0222222
3 0.14375 0.133333 0.025 0.0444444
25 0.2375 0.144444 0.0375 0.0666667
25 0.2375 0.144444 0.0625 0.0666667
21 0.275 0.144444 0.0375 0.0666667
21 0.29375 0.133333 0.025 0.0444444
25 0.30625 0.133333 0.025 0.0444444
25 0.325 0.133333 0.0125 0.0444444
21 0.33125 0.133333 0.025 0.0444444
9 0.34375 0.133333 0 0.0444444
10 0.43125 0.133333 0.025 0.0444444
21 0.4375 0.133333 0.0125 0.0444444
25 0.5125 0.144444 0.0625 0.0666667
25 0.56875 0.155556 0.025 0.0888889
21 0.58125 0.155556 0.025 0.0888889
25 0.5875 0.155556 0.0375 0.0888889
21 0.65 0.144444 0.0375 0.0666667
21 0.6625 0.155556 0.0375 0.0888889
11 0.6875 0.133333 0.0375 0.0444444
21 0.725 0.133333 0.0625 0.0444444
25 0.76875 0.144444 0.125 0.0666667
25 0.7375 0.133333 0.0625 0.0444444
25 0.8 0.133333 0.0875 0.0444444
21 0.85 0.133333 0.0125 0.0444444
25 0.85625 0.144444 0.025 0.0666667
11 0.94375 0.133333 0.025 0.0444444
10 0.95625 0.133333 0.025 0.0444444
11 0.975 0.1 0.0375 0.155556
9 0.978125 0.133333 0.04375 0.222222
11 0.0375 0.155556 0.0375 0.0444444
25 0.30625 0.166667 0.075 0.0666667
9 0.3375 0.144444 0.0375 0.0666667
25 0.54375 0.144444 0 0.0666667
11 0.5625 0.155556 0.0125 0.0444444
0 0.58125 0.155556 0.025 0.0444444
25 0.5875 0.177778 0.0375 0.0888889
25 0.59375 0.144444 0.05 0.155556
21 0.60625 0.133333 0.075 0.133333
21 0.625 0.155556 0.0375 0.0888889
21 0.65 0.166667 0.0375 0.0666667
19 0.6625 0.166667 0.0375 0.0666667
21 0.66875 0.177778 0.05 0.0888889
25 0.75 0.155556 0.1625 0.0888889
11 0.75 0.155556 0.0875 0.0888889
21 0.8375 0.144444 0.0375 0.0666667
11 0.975 0.133333 0.0375 0.133333
17 0.978125 0.133333 0.04375 0.177778
11 0.059375 0.188889 0.11875 0.0666667
12 0.028125 0.155556 0.05625 0.0444444
11 0.04375 0.166667 0 0.0666667
25 0.24375 0.177778 0.05 0.133333
9 0.3375 0.177778 0.0375 0.0444444
