40 0.034375 0.0111111 0.06875 0.0222222
32 0.025 0.0111111 0.0375 0.0222222
32 0.09375 0.0111111 0.15 0.0222222
32 0.090625 0.0111111 0.18125 0.0222222
48 0.103125 0.0111111 0.20625 0.0222222
48 0.125 0.0222222 0.1375 0.0444444
48 0.15625 0.0222222 0.125 0.0444444
32 0.16875 0.0111111 0.125 0.0222222
48 0.175 0.0111111 0.1375 0.0222222
48 0.2 0.0111111 0.1375 0.0222222
48 0.2125 0.0222222 0.1375 0.0444444
32 0.225 0.0222222 0.1375 0.0444444
48 0.2375 0.0222222 0.1375 0.0444444
32 0.25 0.0222222 0.1375 0.0444444
27 0.275 0.0222222 0.1625 0.0444444
27 0.325 0.0222222 0.0875 0.0444444
15 0.35625 0.0222222 0.15 0.0444444
27 0.3625 0.0222222 0.1375 0.0444444
27 0.39375 0.0222222 0.1 0.0444444
15 0.43125 0.0333333 0.175 0.0666667
15 0.425 0.0222222 0.0125 0.0444444
15 0.4375 0.0222222 0.0125 0.0444444
15 0.49375 0.0222222 0.125 0.0444444
15 0.48125 0.0222222 0.05 0.0444444
15 0.5375 0.0222222 0.1125 0.0444444
27 0.50625 0.0222222 0.125 0.0444444
16 0.49375 0.0222222 0.1 0.0444444
48 0.5375 0.0222222 0.0375 0.0444444
48 0.55 0.0222222 0.0375 0.0444444
48 0.51875 0.0222222 0.125 0.0444444
48 0.5875 0.0222222 0.2375 0.0444444
15 0.54375 0.0111111 0.125 0.0222222
15 0.55625 0.0111111 0.125 0.0222222
21 0.625 0.0111111 0.2375 0.0222222
21 0.6375 0.0222222 0.2375 0.0444444
15 0.6375 0 0.2125 0
15 0.725 0 0.2125 0
15 0.6875 0.0111111 0.2125 0.0222222
15 0.73125 0.0111111 0.225 0.0222222
15 0.76875 0 0.225 0
15 0.8 0.0111111 0.2125 0.0222222
15 0.825 0.0222222 0.2125 0.0444444
15 0.85 0.0111111 0.2125 0.0222222
15 0.875 0 0.2125 0
15 0.890625 0.0111111 0.21875 0.0222222
15 0.86875 0.0111111 0.125 0.0222222
21 0.90625 0.0111111 0.125 0.0222222
32 0.91875 0.0111111 0.15 0.0222222
21 0.925 0.0111111 0.1375 0.0222222
15 0.028125 0.0111111 0.05625 0.0222222
15 0.025 0.0222222 0.0375 0.0444444
15 0.0375 0.0222222 0.0375 0.0444444
0 0.05 0.0111111 0.0375 0.0222222
15 0.0625 0.0111111 0.0375 0.0222222
15 0.06875 0.0111111 0.05 0.0222222
15 0.08125 0.0111111 0.05 0.0222222
15 0.09375 0.0111111 0.05 0.0222222
15 0.10625 0.0111111 0.05 0.0222222
15 0.11875 0.0111111 0.05 0.0222222
15 0.13125 0.0111111 0.05 0.0222222
14 0.14375 0.0111111 0.05 0.0222222
14 0.15625 0.0111111 0.05 0.0222222
14 0.16875 0.0222222 0.05 0.0444444
14 0.18125 0.0222222 0.05 0.0444444
15 0.19375 0.0222222 0.05 0.0444444
15 0.20625 0.0222222 0.05 0.0444444
15 0.21875 0.0222222 0.05 0.0444444
15 0.23125 0.0222222 0.05 0.0444444
15 0.24375 0.0222222 0.05 0.0444444
15 0.25625 0.0222222 0.05 0.0444444
15 0.26875 0.0222222 0.05 0.0444444
27 0.26875 0.0222222 0.075 0.0444444
27 0.30625 0.0222222 0.05 0.0444444
27 0.31875 0.0222222 0.05 0.0444444
27 0.36875 0.0222222 0.025 0.0444444
27 0.51875 0.0222222 0.125 0.0444444
27 0.5 0.0222222 0.0375 0.0444444
27 0.5125 0.0222222 0.0375 0.0444444
16 0.525 0.0222222 0.0375 0.0444444
15 0.5375 0.0111111 0.0375 0.0222222
15 0.55 0.0111111 0.0375 0.0222222
27 0.55625 0.0111111 0.05 0.0222222
15 0.56875 0.0222222 0.05 0.0444444
15 0.58125 0.0222222 0.05 0.0444444
15 0.6 0.0222222 0.0375 0.0444444
15 0.60625 0.0111111 0.05 0.0222222
15 0.6625 0.0222222 0.1375 0.0444444
15 0.63125 0.0222222 0.05 0.0444444
15 0.64375 0.0222222 0.05 0.0444444
15 0.65625 0.0222222 0.05 0.0444444
15 0.65625 0.0222222 0.075 0.0444444
15 0.68125 0.0111111 0.05 0.0222222
15 0.75625 0.0222222 0.15 0.0444444
15 0.71875 0.0222222 0.05 0.0444444
21 0.7625 0.0222222 0.1625 0.0444444
15 0.7875 0.0222222 0.1375 0.0444444
15 0.7625 0.0222222 0.0625 0.0444444
27 0.83125 0.0222222 0.125 0.0444444
21 0.80625 0.0222222 0.05 0.0444444
15 0.81875 0.0222222 0.05 0.0444444
15 0.83125 0.0222222 0.05 0.0444444
15 0.84375 0.0222222 0.05 0.0444444
15 0.85625 0.0222222 0.05 0.0444444
15 0.925 0.0222222 0.1375 0.0444444
15 0.8875 0.0222222 0.0375 0.0444444
15 0.90625 0.0222222 0.05 0.0444444
15 0.925 0.0222222 0.0375 0.0444444
15 0.9375 0.0222222 0.0375 0.0444444
15 0.965625 0.0111111 0.06875 0.0222222
15 0.971875 0.0111111 0.05625 0.0222222
15 0.9625 0.0111111 0.0375 0.0222222
15 0.021875 0.0555556 0.04375 0.0666667
21 0.0375 0.0222222 0.0375 0.0444444
21 0.0875 0.0222222 0.1125 0.0444444
21 0.0625 0.0222222 0.0375 0.0444444
21 0.10625 0.0222222 0.1 0.0444444
15 0.08125 0.0222222 0.05 0.0444444
15 0.1 0.0222222 0.0375 0.0444444
15 0.1125 0.0222222 0.0375 0.0444444
15 0.125 0.0222222 0.0375 0.0444444
15 0.15 0.0222222 0.0375 0.0444444
15 0.1625 0.0111111 0.0375 0.0222222
15 0.175 0.0111111 0.0375 0.0222222
15 0.1875 0.0111111 0.0375 0.0222222
15 0.2 0.0111111 0.0375 0.0222222
15 0.2125 0.0111111 0.0375 0.0222222
21 0.23125 0.0111111 0.05 0.0222222
21 0.24375 0.0111111 0.05 0.0222222
21 0.25625 0.0111111 0.05 0.0222222
21 0.26875 0.0111111 0.05 0.0222222
21 0.28125 0.0111111 0.05 0.0222222
27 0.30625 0.0222222 0.05 0.0444444
21 0.4 0.0111111 0.1125 0.0222222
27 0.44375 0.0222222 0.1 0.0444444
27 0.4625 0.0222222 0.1125 0.0444444
21 0.5 0.0222222 0.0875 0.0444444
21 0.53125 0.0222222 0.05 0.0444444
21 0.58125 0.0111111 0.1 0.0222222
21 0.5875 0.0221571 0.1125 0.0443141
15 0.59375 0.0222222 0.025 0.0444444
21 0.6125 0.0222222 0.0375 0.0444444
15 0.61875 0.0222222 0.075 0.0444444
15 0.65625 0.0222222 0.05 0.0444444
15 0.68125 0.0111111 0.05 0.0222222
15 0.69375 0.0111111 0.05 0.0222222
15 0.70625 0.0222222 0.05 0.0444444
15 0.71875 0.0222222 0.05 0.0444444
15 0.73125 0.0222222 0.05 0.0444444
15 0.75 0.0222222 0.0625 0.0444444
15 0.7625 0.0111111 0.0625 0.0222222
21 0.78125 0.0222222 0.05 0.0444444
21 0.81875 0.0222222 0.125 0.0444444
21 0.81875 0.0222222 0.05 0.0444444
21 0.83125 0.0222222 0.05 0.0444444
21 0.84375 0.0222222 0.05 0.0444444
15 0.8875 0.0222222 0.1125 0.0444444
15 0.925 0.0222222 0.1125 0.0444444
15 0.89375 0.0222222 0.05 0.0444444
15 0.90625 0.0222222 0.05 0.0444444
15 0.925 0.0222222 0.0375 0.0444444
15 0.953125 0.0222222 0.09375 0.0444444
27 0.965625 0.0222222 0.06875 0.0444444
21 0.965625 0.0222222 0.06875 0.0444444
15 0.9625 0.0222222 0.0375 0.0444444
21 0.9625 0.0222222 0.0375 0.0444444
14 0.059375 0.0333333 0.11875 0.0666667
14 0.03125 0.0222224 0.025 0.0444447
15 0.075 0.0222222 0.1125 0.0444444
15 0.0875 0.0333333 0.1125 0.0222222
15 0.05625 0.0333333 0.025 0.0222222
21 0.06875 0.0333333 0.025 0.0222222
21 0.08125 0.0333333 0.025 0.0222222
21 0.09375 0.0333333 0.025 0.0222222
21 0.10625 0.0333333 0.025 0.0222222
21 0.11875 0.0333333 0.025 0.0222222
21 0.13125 0.0333333 0.025 0.0222222
15 0.14375 0.0333333 0.025 0.0222222
21 0.15625 0.0333333 0.025 0.0222222
21 0.16875 0.0333333 0.025 0.0222222
21 0.65625 0.0444444 0.05 0.0444444
21 0.675 0.0333333 0.0625 0.0666667
43 0.7 0.0333333 0.0375 0.0222222
63 0.965625 0.0222222 0.06875 0.0444444
27 0.95625 0.0333333 0.05 0.0222222
11 0.959375 0.0333333 0.08125 0.0666667
15 0.071875 0.0444444 0.14375 0.0888889
15 0.059375 0.0555556 0.11875 0.111111
25 0.0375 0.0444444 0.0375 0.0444444
25 0.1 0.0555556 0.1375 0.0222222
25 0.59375 0.0333333 0.075 0.0666667
25 0.61875 0.0333333 0.1 0.0666667
25 0.63125 0.0555556 0.05 0.0222222
25 0.65625 0.0333333 0.1 0.0666667
25 0.68125 0.0555556 0.125 0.0222222
25 0.675 0.0555556 0.0625 0.0222222
25 0.70625 0.0555556 0.1 0.0222222
25 0.74375 0.0555556 0.125 0.0222222
25 0.75625 0.0666667 0.125 0
25 0.775 0.0555556 0.1125 0.0222222
25 0.76875 0.0666667 0.1 0.0444444
25 0.80625 0.0666667 0.1 0.0444444
25 0.89375 0.0333333 0.05 0.0666667
25 0.93125 0.0333333 0.125 0.0666667
21 0.925 0.0333333 0.0625 0.0666667
43 0.953125 0.0444444 0.09375 0.0444444
11 0.984375 0.0888889 0.03125 0.177778
43 0.065625 0.0888889 0.13125 0.133333
25 0.5875 0.0666667 0.1375 0.0888889
26 0.58125 0.0666667 0.1 0.0888889
25 0.6875 0.0555556 0.1125 0.0666667
25 0.69375 0.0777778 0.125 0.0222222
25 0.7125 0.0888889 0.1375 0.0444444
25 0.71875 0.0777778 0.125 0.0222222
25 0.74375 0.0777778 0.125 0.0222222
25 0.775 0.0777778 0.1125 0.0222222
25 0.88125 0.0555556 0.075 0.0666667
26 0.88125 0.0555556 0.075 0.0666667
25 0.8875 0.0555556 0.0625 0.111111
25 0.925 0.0666667 0.1125 0.0888889
17 0.940625 0.0666667 0.11875 0.133333
0 0.925 0.0777778 0.0625 0.111111
25 0.953125 0.0666667 0.09375 0.0888889
11 0.98125 0.0777778 0.025 0.155556
43 0.075 0.122222 0.1375 0.0666667
43 0.065625 0.122222 0.13125 0.111111
62 0.6625 0.1 0.1375 0.0666667
75 0.66875 0.122222 0.1 0.0666667
25 0.68125 0.133333 0.1 0.0444444
25 0.7125 0.133333 0.1125 0.0444444
25 0.7375 0.133333 0.1125 0.0444444
25 0.74375 0.1 0.125 0.111111
25 0.775 0.111111 0.1125 0
25 0.76875 0.1 0.075 0.0666667
25 0.75625 0.1 0.05 0.0222222
27 0.93125 0.1 0.125 0.155556
23 0.946875 0.100003 0.10625 0.15555
26 0.9625 0.111111 0.0625 0.133333
26 0.98125 0.122222 0.025 0.111111
43 0.075 0.155556 0.1375 0.0444444
70 0.6625 0.144444 0.0625 0.0666667
41 0.6625 0.144444 0.0625 0.0666667
40 0.66875 0.144444 0.075 0.0666667
26 0.69375 0.144444 0.075 0.0666667
25 0.71875 0.133333 0.075 0.0444444
24 0.73125 0.144444 0.075 0.0666667
24 0.7625 0.111111 0.0875 0.133333
24 0.78125 0.111111 0.075 0.133333
27 0.7875 0.122222 0.0875 0.111111
27 0.946875 0.144444 0.10625 0.0666667
43 0.95625 0.1 0.05 0.111111
43 0.975 0.144444 0.0375 0.111111
27 0.98125 0.144444 0.025 0.111111
27 0.071875 0.155556 0.14375 0.0444444
43 0.078125 0.155556 0.15625 0.0444444
27 0.08125 0.166667 0.125 0.0666667
27 0.05 0.155556 0.0375 0.0444444
27 0.0875 0.155556 0.0625 0.0444444
27 0.09375 0.144444 0.05 0.0666667
15 0.08125 0.144444 0.025 0.0666667
43 0.1625 0.166667 0.1375 0.111111
43 0.11875 0.177778 0.025 0.133333
15 0.13125 0.188889 0.025 0.155556
15 0.14375 0.188889 0.025 0.155556
15 0.15 0.188889 0.0125 0.155556
15 0.16875 0.144479 0.025 0.066736
21 0.18125 0.188889 0.025 0.155556
21 0.19375 0.188889 0.025 0.155556
21 0.2125 0.188889 0.0375 0.155556
21 0.2625 0.188889 0.1125 0.155556
15 0.28125 0.166667 0.125 0.111111
15 0.28125 0.133333 0.075 0.133333
15 0.29375 0.166667 0.075 0.0666667
66 0.3 0.144444 0.0875 0.0666667
66 0.31875 0.155556 0.075 0.0444444
15 0.4375 0.188889 0.1125 0.155556
15 0.45625 0.2 0.1 0.177778
21 0.48125 0.2 0.1 0.177778
21 0.49375 0.188889 0.1 0.2
15 0.55625 0.155556 0.05 0.0888889
27 0.56875 0.155556 0.05 0.0888889
64 0.64375 0.166667 0.075 0.0666667
27 0.75 0.177778 0.0875 0.0444444
27 0.76875 0.177778 0.075 0.0444444
27 0.8 0.177778 0.1125 0.0444444
27 0.79375 0.177778 0.075 0.0444444
21 0.80625 0.166667 0.075 0.0222222
21 0.84375 0.177778 0.125 0.0444442
43 0.84375 0.177778 0.125 0.0444444
21 0.85625 0.166667 0.075 0.0222222
27 0.8625 0.155556 0.0625 0.0444444
64 0.86875 0.155556 0.075 0.0444444
64 0.88125 0.166667 0.075 0.0666667
27 0.89375 0.166667 0.05 0.0666667
27 0.9375 0.177778 0.1125 0.0444444
27 0.91875 0.177778 0.05 0.0444444
27 0.959375 0.166667 0.08125 0.111111
43 0.965625 0.166667 0.06875 0.0666667
24 0.98125 0.155556 0.025 0.0888889
43 0.065625 0.166667 0.13125 0.0666667
43 0.071875 0.211111 0.14375 0.155556
