10 0.996875 0.0111111 0.00625 0.0222222
10 0.996875 0.0111111 0.00625 0.0222222
78 0.996875 0.0222222 0.00625 0.0444444
10 0.971875 0.0444444 0.05625 0.0888889
0 0.03125 0.0555556 0.05 0.111111
60 0.175 0.0666667 0.0375 0.0444444
2 0.18125 0.0666667 0.025 0.0444444
2 0.19375 0.0666667 0.025 0.0444444
2 0.20625 0.0666667 0.025 0.0444444
2 0.21875 0.0666667 0.025 0.0444444
2 0.24375 0.0666667 0.025 0.0444444
2 0.25625 0.0666667 0.025 0.0444444
2 0.29375 0.0666667 0.025 0.0444444
2 0.30625 0.0666667 0.025 0.0444444
2 0.31875 0.0666667 0.025 0.0444444
2 0.33125 0.0666667 0.025 0.0444444
2 0.35 0.0666667 0.0375 0.0444444
3 0.7625 0.0444444 0.1375 0.0888889
3 0.85625 0.0555556 0.125 0.0666667
3 0.86875 0.0666667 0.125 0.0444444
3 0.8875 0.0555556 0.1375 0.0666667
53 0.984375 0.0777778 0.03125 0.0666667
10 0.990625 0.0777778 0.01875 0.0222222
12 0.053125 0.0888889 0.10625 0.0888889
67 0.025 0.1 0.0375 0.0666667
0 0.03125 0.0888889 0.05 0.0444444
0 0.0375 0.0777778 0.0375 0.0222222
28 0.04375 0.0888889 0.05 0.0444444
2 0.15 0.0777778 0.0375 0.0222222
2 0.16875 0.0777778 0.025 0.0222222
2 0.175 0.0777778 0.0375 0.0222222
2 0.1875 0.0777778 0.0375 0.0222222
2 0.20625 0.0777778 0.025 0.0222222
2 0.2125 0.0777778 0.0375 0.0222222
2 0.225 0.0777778 0.0375 0.0222222
2 0.24375 0.0777778 0.025 0.0222222
2 0.25 0.0777778 0.0375 0.0222222
2 0.2625 0.0777778 0.0375 0.0222222
2 0.275 0.0777778 0.0375 0.0222222
2 0.2875 0.0777778 0.0375 0.0222222
2 0.30625 0.0777778 0.025 0.0222222
2 0.3125 0.0777778 0.0375 0.0222222
2 0.33125 0.0777778 0.025 0.0222222
2 0.3375 0.0777778 0.0375 0.0222222
2 0.35 0.0777778 0.0375 0.0222222
2 0.35625 0.0888889 0.05 0.0444444
2 0.34375 0.111111 0.1 0.0888889
2 0.34375 0.0888889 0.1 0.0888889
2 0.36875 0.0888889 0.1 0.0888889
2 0.38125 0.0777778 0.1 0.0666667
0 0.3875 0.0777778 0.1125 0.0666667
2 0.4 0.0888889 0.1125 0.0444444
2 0.41875 0.1 0.1 0.0666667
2 0.44375 0.0888889 0.125 0.0444444
2 0.45 0.1 0.1125 0.0666667
0 0.48125 0.0888889 0.1 0.0444444
2 0.4875 0.1 0.0875 0.0666667
20 0.50625 0.111111 0.1 0.0888889
2 0.5125 0.1 0.0875 0.111111
2 0.525 0.0777778 0.1125 0.155556
2 0.54375 0.0666667 0.125 0.133333
2 0.56875 0.0888889 0.075 0.133333
10 0.575 0.0777778 0.0875 0.155556
0 0.625 0.0777778 0.1875 0.111111
3 0.73125 0.0888889 0.15 0.133333
3 0.79375 0.0777778 0.125 0.155556
3 0.84375 0.0888889 0.125 0.133333
53 0.984375 0.1 0.03125 0.0666667
10 0.990625 0.0666667 0.01875 0.133333
0 0.025 0.122222 0.0375 0.0666667
0 0.03125 0.122222 0.025 0.0666667
2 0.04375 0.0888889 0.05 0.0444444
2 0.08125 0.1 0.1 0.0222222
2 0.1 0.166667 0.1375 0.155556
2 0.1125 0.166667 0.0625 0.155556
2 0.13125 0.166667 0.05 0.155556
2 0.14375 0.166667 0.1 0.155556
2 0.1625 0.155556 0.0875 0.177778
2 0.2125 0.155556 0.0375 0.177778
2 0.23125 0.155556 0.05 0.177778
2 0.25 0.155556 0.0375 0.177778
2 0.26875 0.166667 0.05 0.155556
2 0.26875 0.155556 0.075 0.177778
2 0.3125 0.155556 0.0375 0.177778
2 0.3375 0.155556 0.0375 0.177778
2 0.35 0.1 0.0375 0.0222222
2 0.3625 0.1 0.0625 0.0222222
2 0.35 0.0888889 0.0875 0.0444444
2 0.36875 0.111111 0.1 0.0444444
2 0.3875 0.111111 0.0875 0.0444444
2 0.4 0.1 0.0875 0.0222222
2 0.425 0.1 0.0875 0.0222222
2 0.44375 0.1 0.1 0.0222222
2 0.45625 0.111111 0.1 0.0444444
2 0.48125 0.111111 0.1 0.0444444
2 0.5 0.0777778 0.0875 0.0666667
26 0.5125 0.0777778 0.0875 0.0666667
2 0.51875 0.144444 0.1 0.2
2 0.5375 0.144444 0.0875 0.2
2 0.56875 0.155556 0.05 0.177778
2 0.58125 0.1 0.05 0.111111
0 0.58125 0.0888889 0.075 0.0888889
15 0.58125 0.0888889 0.075 0.0888889
8 0.63125 0.122222 0.075 0.0666667
8 0.64375 0.111111 0.1 0.133333
8 0.7875 0.0888889 0.2375 0.133333
8 0.85 0.111111 0.1375 0.0888889
8 0.8625 0.111111 0.1375 0.133333
8 0.940625 0.111111 0.11875 0.0888889
16 0.98125 0.1 0.025 0.0666667
10 0.990625 0.0888889 0.01875 0.133333
0 0.03125 0.133333 0.05 0.133333
0 0.0375 0.155556 0.0375 0.0888889
2 0.05625 0.177778 0.075 0.133333
2 0.08125 0.188889 0.1 0.155556
2 0.09375 0.155556 0.175 0.133333
2 0.125 0.155556 0.1125 0.133333
2 0.14375 0.155556 0.075 0.133333
2 0.175 0.166667 0.0625 0.155556
2 0.1875 0.155556 0.0625 0.177778
2 0.1875 0.155556 0.1125 0.177778
2 0.24375 0.155556 0.075 0.177778
2 0.275 0.177778 0.0625 0.177778
2 0.2875 0.166667 0.0625 0.2
2 0.3 0.166667 0.0625 0.2
2 0.325 0.155556 0.0625 0.177778
2 0.33125 0.177778 0.075 0.177778
2 0.35 0.166667 0.0625 0.155556
2 0.3625 0.177778 0.0625 0.177778
2 0.35625 0.155556 0.1 0.177778
2 0.375 0.155556 0.1125 0.177778
2 0.39375 0.188889 0.1 0.155556
2 0.41875 0.166667 0.1 0.155556
2 0.44375 0.166667 0.1 0.155556
2 0.5 0.166667 0.1625 0.155556
2 0.5 0.144444 0.1375 0.111111
2 0.50625 0.166667 0.1 0.155556
26 0.5125 0.166667 0.0875 0.155556
29 0.525 0.144444 0.0875 0.2
54 0.54375 0.155556 0.1 0.177778
2 0.58125 0.166667 0.075 0.2
21 0.5875 0.155556 0.0625 0.177778
21 0.6125 0.144444 0.1625 0.2
0 0.625 0.155556 0.1625 0.222222
10 0.69375 0.144444 0.175 0.111111
3 0.8375 0.133333 0.1375 0.0888889
8 0.85 0.133333 0.1375 0.0888889
8 0.85625 0.133333 0.15 0.133333
8 0.934375 0.133333 0.13125 0.0888889
44 0.990625 0.1 0.01875 0.111111
29 0.053125 0.155556 0.10625 0.133333
8 0.025 0.155556 0.0375 0.0888889
0 0.05 0.166667 0.0875 0.111111
2 0.0625 0.166667 0.0625 0.111111
2 0.08125 0.177778 0.1 0.0888889
2 0.09375 0.166667 0.125 0.111111
2 0.11875 0.144444 0.075 0.155556
4 0.1625 0.177778 0.0625 0.0888889
4 0.175 0.177778 0.0625 0.0888889
4 0.1875 0.155556 0.0625 0.133333
4 0.2 0.144444 0.0625 0.155556
4 0.225 0.177778 0.0625 0.0888889
4 0.2375 0.177778 0.0625 0.0888889
4 0.2625 0.177778 0.0875 0.0888889
4 0.28125 0.177778 0.05 0.0888889
4 0.29375 0.144444 0.05 0.155556
4 0.30625 0.166667 0.05 0.111111
4 0.3375 0.177778 0.0875 0.0888889
4 0.35625 0.177778 0.075 0.0888889
4 0.3625 0.155556 0.0625 0.133333
4 0.375 0.144444 0.0625 0.111111
4 0.40625 0.166667 0.1 0.0666667
29 0.4125 0.177778 0.0625 0.0888889
2 0.4375 0.166667 0.0625 0.0666667
2 0.45 0.144444 0.0625 0.111111
2 0.45625 0.155556 0.075 0.133333
2 0.4625 0.166667 0.0875 0.0666667
2 0.49375 0.166667 0.125 0.0666667
8 0.51875 0.166667 0.075 0.0666667
8 0.51875 0.166667 0.05 0.0666667
25 0.51875 0.144444 0.075 0.111111
29 0.5375 0.144444 0.0875 0.111111
3 0.5875 0.133333 0.0875 0.133333
45 0.59375 0.133333 0.1 0.133333
10 0.59375 0.144444 0.125 0.155556
2 0.625 0.122222 0.1625 0.155556
66 0.6375 0.133333 0.1625 0.133333
37 0.65625 0.166667 0.125 0.0666667
30 0.6625 0.177778 0.1375 0.0888889
30 0.65 0.166667 0.1125 0.111111
30 0.7 0.155556 0.1625 0.133333
30 0.73125 0.144444 0.15 0.155556
30 0.75625 0.133333 0.15 0.133333
30 0.78125 0.144444 0.175 0.111111
3 0.75 0.155556 0.1125 0.133333
3 0.78125 0.133333 0.075 0.133333
3 0.825 0.133333 0.1375 0.133333
15 0.85 0.155556 0.1375 0.133333
8 0.925 0.122222 0.1375 0.111111
8 0.940625 0.144444 0.11875 0.111111
8 0.946875 0.122222 0.10625 0.111111
44 0.9875 0.144444 0.0125 0.111111
60 0.025 0.188889 0.0375 0.0666667
0 0.025 0.2 0.0375 0.0444444
2 0.0375 0.155556 0.0625 0.133333
1 0.05625 0.177778 0.05 0.0888889
2 0.1125 0.177778 0.1625 0.0888889
2 0.1 0.166667 0.0625 0.111111
2 0.11875 0.166667 0.05 0.111111
2 0.14375 0.177778 0.05 0.0888889
2 0.15625 0.177778 0.05 0.0888889
2 0.16875 0.177778 0.05 0.0888889
2 0.18125 0.177778 0.05 0.0888889
2 0.19375 0.177778 0.05 0.0888889
2 0.20625 0.177778 0.05 0.0888889
2 0.225 0.177778 0.0375 0.0888889
64 0.2625 0.177778 0.0875 0.0888889
64 0.2875 0.177778 0.1125 0.0888889
2 0.3 0.177778 0.1125 0.0888889
2 0.28125 0.177778 0.05 0.0888889
2 0.29375 0.177778 0.05 0.0888889
2 0.30625 0.177778 0.05 0.0888889
2 0.3375 0.166667 0.0875 0.0666667
2 0.3625 0.177778 0.0875 0.0888889
2 0.375 0.177778 0.0375 0.0888889
2 0.38125 0.166667 0.05 0.0666667
2 0.4125 0.166667 0.0875 0.0666667
29 0.425 0.166667 0.0875 0.0666667
29 0.41875 0.166667 0.05 0.0666667
2 0.45625 0.166667 0.05 0.0666667
2 0.475 0.166667 0.0375 0.0666667
8 0.5125 0.177778 0.0375 0.0444444
3 0.525 0.177778 0.0375 0.0444444
2 0.525 0.155556 0.0375 0.0888889
2 0.525 0.177778 0.0875 0.0444444
2 0.5875 0.177778 0.0875 0.0444444
26 0.6 0.166667 0.1125 0.0666667
2 0.6 0.166667 0.1125 0.0666667
2 0.61875 0.144444 0.15 0.111111
1 0.65 0.166667 0.1125 0.0666667
3 0.65625 0.166667 0.1 0.0666667
44 0.6625 0.177778 0.1125 0.0444444
26 0.6625 0.166667 0.1375 0.0666667
16 0.76875 0.166667 0.15 0.0666667
3 0.8 0.166667 0.1375 0.0666667
1 0.8125 0.166667 0.1125 0.111111
3 0.78125 0.177778 0.075 0.0888889
2 0.79375 0.177778 0.075 0.0888889
3 0.80625 0.177778 0.075 0.0888889
3 0.8625 0.166667 0.1375 0.111111
3 0.940625 0.177778 0.11875 0.0444444
15 0.9875 0.166667 0.0125 0.0666667
44 0.99375 0.155556 0 0.133333
8 0.053125 0.177778 0.10625 0.133333
3 0.025 0.2 0.0375 0.0888889
0 0.025 0.2 0.0375 0.0888889
2 0.0375 0.2 0.0375 0.0444444
1 0.05 0.2 0.0375 0.0444444
2 0.075 0.177778 0.0625 0.0888889
2 0.09375 0.177778 0.05 0.0888889
2 0.10625 0.177778 0.05 0.0888889
2 0.13125 0.177778 0.025 0.0888889
2 0.2 0.177778 0.1125 0.0888889
2 0.16875 0.2 0.025 0.0444444
2 0.18125 0.177778 0.025 0.0888889
2 0.19375 0.177778 0.025 0.0888889
2 0.20625 0.177778 0.025 0.0888889
2 0.21875 0.177778 0.025 0.0888889
2 0.33125 0.177778 0.125 0.0888889
2 0.35625 0.177778 0.125 0.0888889
2 0.38125 0.177778 0.125 0.0888889
2 0.40625 0.177778 0.125 0.0888889
2 0.36875 0.177778 0.025 0.0888889
2 0.43125 0.177778 0.125 0.0888889
2 0.44375 0.2 0.125 0.0444444
2 0.45625 0.166667 0.125 0.111111
1 0.4625 0.166667 0.1375 0.111111
1 0.475 0.177778 0.1125 0.0888889
1 0.45625 0.177778 0.05 0.0888889
59 0.51875 0.166667 0.125 0.111111
3 0.5375 0.211111 0.1125 0.0222222
3 0.51875 0.211111 0.05 0.0222222
3 0.525 0.166667 0.0375 0.111111
1 0.5375 0.177778 0.0375 0.0888889
2 0.575 0.166667 0.1125 0.111111
1 0.59375 0.144444 0.125 0.2
3 0.6 0.166667 0.1125 0.111111
15 0.60625 0.188889 0.1 0.155556
28 0.6125 0.155556 0.1125 0.222222
28 0.6625 0.2 0.1375 0.133333
3 0.66875 0.177778 0.125 0.0888889
3 0.64375 0.177778 0.05 0.0888889
3 0.675 0.188889 0.0625 0.111111
3 0.69375 0.2 0.075 0.133333
3 0.8125 0.177778 0.1375 0.0888889
16 0.81875 0.177778 0.15 0.0888889
10 0.8 0.177778 0.0875 0.0888889
3 0.85625 0.2 0.15 0.133333
30 0.9 0.188889 0.1375 0.111111
8 0.946875 0.188889 0.10625 0.0666667
