19 0.021875 0.0111111 0.04375 0.0222222
2 0.034375 0.0222222 0.06875 0.0444444
4 0.046875 0.0222222 0.09375 0.0444444
4 0.078125 0.0222222 0.15625 0.0444444
2 0.084375 0.0222222 0.16875 0.0444444
4 0.071875 0.0222222 0.14375 0.0444444
4 0.1 0.0222222 0.1375 0.0444444
4 0.125 0.0222222 0.1375 0.0444444
4 0.15 0.0111111 0.1375 0.0222222
4 0.175 0.0111111 0.1375 0.0222222
4 0.20625 0.0111111 0.15 0.0222222
2 0.21875 0.0111111 0.15 0.0222222
4 0.2375 0.0111111 0.1375 0.0222222
4 0.29375 0.0222222 0.175 0.0444444
4 0.30625 0.0111111 0.175 0.0222222
2 0.33125 0.0111111 0.175 0.0222222
4 0.3375 0.0111111 0.1375 0.0222222
4 0.36875 0.0111111 0.125 0.0222222
4 0.375 0.0111111 0.1375 0.0222222
4 0.41875 0.0111111 0.175 0.0222222
4 0.4375 0.0222222 0.1875 0.0444444
4 0.45625 0.0111111 0.175 0.0222222
44 0.4625 0.0111111 0.1875 0.0222222
4 0.5 0.0111111 0.1375 0.0222222
4 0.50625 0.0111111 0.175 0.0222222
4 0.5375 0.0111111 0.1625 0.0222222
44 0.5625 0.0111111 0.1625 0.0222222
44 0.55 0.0222222 0.2625 0.0444444
34 0.5625 0.0222222 0.2625 0.0444444
44 0.6125 0.0111111 0.1875 0.0222222
4 0.65 0.0111111 0.1625 0.0222222
44 0.66875 0.0111111 0.175 0.0222222
44 0.7 0.0111111 0.1625 0.0222222
8 0.70625 0.0222222 0.175 0.0444444
10 0.7125 0.0222222 0.1875 0.0444444
9 0.71875 0.0222222 0.175 0.0444444
10 0.7625 0.0111111 0.1125 0.0222222
16 0.8375 0.0111111 0.1125 0.0222222
39 0.934375 0.0444444 0.13125 0.0888889
39 0.865625 0 0.26875 0
4 0.965625 0.0222222 0.06875 0.0444444
4 0.96875 0.0111111 0.05 0.0222222
0 0.98125 0 0.025 0
2 0.9875 0.0222222 0.0125 0.0444444
4 0.021875 0.0222222 0.04375 0.0444444
0 0.046875 0.0222222 0.09375 0.0444444
4 0.053125 0.0111111 0.10625 0.0222222
4 0.059375 0.0111111 0.11875 0.0222222
4 0.090625 0.0111111 0.18125 0.0222222
2 0.11875 0.0222222 0.175 0.0444444
2 0.13125 0.0111111 0.175 0.0222222
2 0.16875 0.0111111 0.175 0.0222222
2 0.175 0 0.1375 0
4 0.3375 0.0111111 0.1875 0.0222222
4 0.4 0.0111111 0.1625 0.0222222
8 0.5125 0.0111111 0.1875 0.0222222
4 0.5125 0.0111111 0.2375 0.0222222
8 0.6625 0.0111111 0.1875 0.0222222
4 0.70625 0.0222222 0.15 0.0444444
4 0.74375 0.0222222 0.1 0.0444444
4 0.75625 0.0111111 0.1 0.0222222
10 0.83125 0.0111111 0.075 0.0222222
8 0.85625 0.0111111 0.075 0.0222222
8 0.89375 0.0111111 0.1 0.0222222
0 0.9 0.0111111 0.1125 0.0222222
4 0.90625 0.0222222 0.1 0.0444444
4 0.928125 0.0222222 0.14375 0.0444444
8 0.921875 0.0333333 0.15625 0.0666667
4 0.921875 0.0222222 0.15625 0.0444444
4 0.959375 0.0222222 0.08125 0.0444444
2 0.959375 0.0222222 0.08125 0.0444444
0 0.96875 0.0111111 0.05 0.0222222
4 0.984375 0.0111111 0.03125 0.0222222
15 0.975 0.0111111 0.0375 0.0222222
4 0.053125 0.0333333 0.10625 0.0666667
4 0.015625 0.0222222 0.03125 0.0444444
4 0.040625 0.0222222 0.08125 0.0444444
4 0.053125 0.0444444 0.10625 0.0444444
64 0.4125 0.0333333 0.1125 0.0222222
0 0.45625 0.0333333 0.025 0.0222222
6 0.4875 0.0222222 0.1375 0.0444444
0 0.4875 0.0111111 0.1125 0.0222222
39 0.53125 0.0222222 0.175 0.0444444
8 0.6125 0.0333333 0.2375 0.0222222
6 0.65625 0.0333333 0.2 0.0222222
8 0.6625 0.0333333 0.1625 0.0222222
6 0.675 0.0444444 0.1625 0.0444444
4 0.69375 0.0333333 0.175 0.0222222
4 0.68125 0.0333333 0.3 0.0222222
4 0.75625 0.0444444 0.175 0.0444444
4 0.79375 0.0555556 0.15 0.0666667
4 0.825 0.0555556 0.1625 0.0666667
4 0.8625 0.0555556 0.1625 0.0666667
4 0.90625 0.0444444 0.15 0.0444444
4 0.921875 0.0444444 0.15625 0.0444444
4 0.95 0.0555556 0.0875 0.0666667
8 0.953125 0.0444444 0.09375 0.0444444
4 0.94375 0.0222222 0.1 0.0444444
44 0.953125 0.0111111 0.09375 0.0222222
32 0.984375 0.0444444 0.03125 0.0444444
8 0.028125 0.0444444 0.05625 0.0444444
8 0.071875 0.0444444 0.14375 0.0444444
2 0.084375 0.0666667 0.16875 0.0888889
8 0.09375 0.0555556 0.175 0.111111
2 0.11875 0.0555556 0.15 0.111111
8 0.16875 0.0555556 0.175 0.111111
8 0.1875 0.0444444 0.1875 0.0888889
6 0.20625 0.0444444 0.175 0.0444444
6 0.21875 0.0555556 0.175 0.0666667
4 0.225 0.0555556 0.1625 0.0666667
2 0.2375 0.0666667 0.1625 0.0888889
6 0.24375 0.0555556 0.175 0.111111
10 0.26875 0.0444444 0.175 0.0888889
16 0.2875 0.0555556 0.1375 0.111111
8 0.2875 0.0666667 0.1375 0.0888889
4 0.31875 0.0666667 0.125 0.0888889
7 0.35 0.0555556 0.1125 0.0666667
8 0.36875 0.0555556 0.125 0.0666667
10 0.36875 0.0444444 0.125 0.0444444
10 0.39375 0.0666667 0.15 0.0888889
7 0.40625 0.0555556 0.15 0.0666667
10 0.425 0.0333333 0.1625 0.0666667
10 0.40625 0.0333333 0.1 0.0666667
2 0.44375 0.0555556 0.05 0.0666667
0 0.45 0.0666667 0.0375 0.0888889
2 0.49375 0.0666667 0.075 0.0888889
4 0.5 0.0555556 0.0625 0.0666667
8 0.475 0.0555556 0.1125 0.0666667
0 0.4875 0.0444444 0.0875 0.0444444
10 0.53125 0.0444444 0.025 0.0444444
67 0.50625 0.0444444 0.1 0.0444444
8 0.6125 0.0444444 0.1875 0.0444444
8 0.65 0.0444444 0.0625 0.0444444
4 0.65625 0.0444444 0.175 0.0444444
4 0.6875 0.0444444 0.1625 0.0444444
4 0.6875 0.0444444 0.3125 0.0444444
4 0.9125 0.0555556 0.1625 0.0666667
4 0.928125 0.0555556 0.14375 0.0666667
4 0.95 0.0444444 0.0875 0.0444444
2 0.94375 0.0444444 0.1 0.0444444
64 0.984375 0.0444444 0.03125 0.0444444
4 0.028125 0.0777778 0.05625 0.0666667
8 0.040625 0.0777778 0.08125 0.0222222
4 0.053125 0.0666667 0.10625 0.0888889
10 0.09375 0.0666667 0.175 0.0888889
8 0.15625 0.0666667 0.1 0.0888889
10 0.15 0.0666667 0.0875 0.0888889
10 0.15625 0.0555556 0.15 0.111111
21 0.2375 0.0666667 0.1375 0.0888889
10 0.26875 0.1 0.175 0.155556
10 0.30625 0.1 0.125 0.155556
4 0.28125 0.0666667 0.1 0.0888889
2 0.3 0.0666667 0.0875 0.0888889
7 0.3875 0.0666667 0.1375 0.0888889
7 0.41875 0.0666667 0.075 0.0444444
7 0.425 0.0666667 0.1625 0.0444444
7 0.4 0.0777778 0.0875 0.0666667
4 0.43125 0.0777778 0.05 0.0666667
4 0.45625 0.0666667 0.025 0.0444444
35 0.4875 0.0666667 0.0625 0.0888889
35 0.5 0.0666667 0.0625 0.0888889
4 0.54375 0.111111 0.025 0.133333
4 0.5625 0.1 0.0625 0.0666667
4 0.6 0.0888889 0.1125 0.0444444
4 0.61875 0.0888889 0.175 0.0444444
8 0.65 0.0555556 0.1875 0.0666667
2 0.65625 0.0555556 0.175 0.0666667
14 0.6375 0.0555556 0.1125 0.0666667
0 0.7 0.0777778 0.0625 0.0222222
0 0.675 0.0777778 0.1375 0.0666667
0 0.68125 0.0888889 0.15 0.0444444
8 0.7 0.0777778 0.1375 0.0222222
8 0.74375 0.0888889 0.2 0.0444444
4 0.74375 0.0555556 0.175 0.0666667
8 0.79375 0.0666667 0.175 0.0444444
8 0.8375 0.0555556 0.1625 0.0666667
2 0.875 0.0555556 0.1625 0.0666667
0 0.875 0.0777778 0.1375 0.0222222
0 0.8875 0.0555556 0.1375 0.0666667
4 0.946875 0.0666667 0.10625 0.0888889
2 0.946875 0.0666667 0.10625 0.0888889
0 0.984375 0.0666667 0.03125 0.0888889
52 0.975 0.0666667 0.0375 0.0888889
4 0.028125 0.0888889 0.05625 0.0444444
8 0.053125 0.0888889 0.10625 0.0444444
10 0.13125 0.0888889 0.1 0.0888889
10 0.1 0.1 0.1875 0.155556
12 0.15 0.1 0.1125 0.155556
44 0.20625 0.111111 0.175 0.133333
7 0.30625 0.111111 0.125 0.0888889
0 0.29375 0.1 0.025 0.0666667
2 0.30625 0.0666667 0.05 0.0888889
4 0.3 0.0888889 0.0625 0.0888889
9 0.3875 0.0888889 0.0125 0.0444444
7 0.4 0.0888889 0.0125 0.0444444
7 0.43125 0.0888889 0.05 0.0444444
67 0.39375 0.1 0.1 0.0222222
35 0.4375 0.1 0.0375 0.0222222
4 0.43125 0.1 0.05 0.0222222
4 0.46875 0.0777778 0.075 0.0666667
7 0.4875 0.122222 0.0625 0.155556
3 0.4875 0.111111 0.0625 0.177778
7 0.525 0.0888889 0.0125 0.0444444
3 0.5375 0.111111 0.0375 0.0444444
8 0.6 0.111111 0.1125 0.0888889
2 0.6125 0.111111 0.1625 0.0888889
4 0.6125 0.111111 0.1625 0.0888889
2 0.65625 0.1 0.075 0.0666667
2 0.65625 0.1 0.175 0.0666667
12 0.675 0.1 0.0625 0.111111
10 0.7125 0.0888889 0.0875 0.0888889
0 0.70625 0.0777778 0.05 0.0666667
0 0.7 0.0777778 0.0125 0.0666667
0 0.70625 0.111111 0.025 0.0888889
0 0.71875 0.111111 0.025 0.0888889
0 0.78125 0.1 0.1 0.111111
0 0.75 0.0777778 0.0125 0.0666667
0 0.7625 0.0777778 0.0125 0.0666667
0 0.775 0.0777778 0.0125 0.0666667
0 0.7875 0.0777778 0.0125 0.0666667
0 0.8 0.0777778 0.0125 0.0666667
0 0.8125 0.0777778 0.0125 0.0666667
0 0.825 0.0777778 0.0125 0.0666667
0 0.8625 0.0888889 0.0625 0.0888889
2 0.875 0.0888889 0.0625 0.0888889
0 0.90625 0.0888889 0.1 0.0888889
0 0.875 0.0888889 0.0125 0.0888889
2 0.91875 0.1 0.075 0.0666667
2 0.89375 0.1 0.15 0.0666667
60 0.90625 0.1 0.15 0.0666667
10 0.98125 0.0777778 0.025 0.0666667
6 0.053125 0.122222 0.10625 0.111111
4 0.034375 0.122222 0.06875 0.0666667
8 0.075 0.122222 0.0875 0.0666667
4 0.071875 0.122222 0.14375 0.111111
10 0.125 0.111111 0.1125 0.133333
21 0.20625 0.0888889 0.175 0.177778
7 0.2625 0.1 0.1125 0.0222222
7 0.30625 0.0888889 0.05 0.0444444
10 0.44375 0.1 0.1 0.0666667
8 0.44375 0.111111 0.075 0.0444444
8 0.41875 0.111111 0.05 0.0444444
35 0.425 0.155556 0.0625 0.133333
67 0.5 0.122222 0.0125 0.0222222
11 0.525 0.1 0.0125 0.0666667
2 0.5375 0.111111 0.0375 0.0444444
10 0.56875 0.122222 0.075 0.0666667
8 0.575 0.111111 0.0875 0.0888889
8 0.65625 0.1 0.075 0.0666667
10 0.70625 0.122222 0.05 0.155556
10 0.7 0.111111 0.0625 0.0888889
10 0.71875 0.122222 0.025 0.0666667
10 0.75 0.122222 0.0375 0.0666667
10 0.75 0.133333 0.0625 0.0888889
10 0.75625 0.111111 0.025 0.0444444
10 0.76875 0.111111 0.025 0.0444444
10 0.78125 0.122222 0.025 0.0666667
10 0.79375 0.111111 0.025 0.0444444
10 0.825 0.111111 0.0625 0.0444444
10 0.85625 0.0888889 0.075 0.0888889
10 0.85625 0.1 0.1 0.111111
3 0.86875 0.122222 0.1 0.111111
3 0.8875 0.1 0.0875 0.111111
3 0.9 0.111111 0.0875 0.133333
3 0.91875 0.1 0.075 0.0666667
10 0.925 0.1 0.0875 0.0666667
14 0.93125 0.111111 0.1 0.0888889
9 0.95625 0.0777778 0.075 0.111111
6 0.028125 0.144444 0.05625 0.0666667
4 0.034375 0.144444 0.06875 0.0666667
8 0.059375 0.155556 0.11875 0.0888889
10 0.1125 0.155556 0.1125 0.0888889
8 0.11875 0.122222 0.125 0.155556
6 0.14375 0.122222 0.1 0.155556
6 0.15625 0.144444 0.1 0.111111
8 0.175 0.144444 0.0875 0.111111
8 0.2375 0.111111 0.0875 0.133333
8 0.24375 0.0888889 0.1 0.177778
8 0.25625 0.155556 0.1 0.0888889
8 0.28125 0.144444 0.1 0.0666667
4 0.33125 0.155556 0.15 0.0888889
10 0.43125 0.144444 0.1 0.111111
10 0.41875 0.144444 0.05 0.111111
10 0.43125 0.133333 0.025 0.0888889
0 0.45625 0.155556 0.1 0.0888889
10 0.5 0.155556 0.0625 0.0888889
3 0.55625 0.133333 0.075 0.0444444
2 0.56875 0.155556 0.075 0.0444444
8 0.575 0.144444 0.0625 0.0666667
8 0.575 0.133333 0.0875 0.133333
0 0.625 0.133333 0.1875 0.133333
6 0.66875 0.0888889 0.125 0.177778
10 0.68125 0.1 0.125 0.2
10 0.68125 0.133333 0.1 0.133333
2 0.7 0.144444 0.0625 0.111111
10 0.71875 0.133333 0.075 0.133333
2 0.725 0.144444 0.0875 0.155556
3 0.73125 0.144444 0.1 0.155556
3 0.7625 0.155556 0.0625 0.133333
10 0.775 0.144444 0.0625 0.111111
