25 0.16875 0.0222222 0.175 0.0444444
8 0.18125 0.0111111 0.1 0.0222222
8 0.20625 0.0111111 0.05 0.0222222
18 0.21875 0.0111111 0.075 0.0222222
59 0.25 0.0111111 0.0625 0.0222222
18 0.29375 0.0111111 0.075 0.0222222
3 0.29375 0.0111111 0.075 0.0222222
3 0.31875 0.0222222 0.1 0.0444444
25 0.4375 0.0222222 0.1625 0.0444444
25 0.65625 0.0111111 0.125 0.0222222
21 0.70625 0.0111111 0.175 0.0222222
8 0.81875 0.0222222 0.175 0.0444444
8 0.79375 0.0222222 0.1 0.0444444
6 0.84375 0.0222222 0.175 0.0444444
21 0.875 0.0222222 0.1875 0.0444444
21 0.9 0.0111111 0.1875 0.0222222
25 0.928125 0.0111111 0.14375 0.0222222
25 0.946875 0.0222222 0.10625 0.0444444
25 0.953125 0.0111111 0.09375 0.0222222
25 0.065625 0.0222222 0.13125 0.0444444
8 0.11875 0.0222222 0.175 0.0444444
8 0.1 0.0222222 0.1125 0.0444444
8 0.11875 0.0222222 0.1 0.0444444
25 0.14375 0.0222222 0.1 0.0444444
44 0.1625 0.0111111 0.0875 0.0222222
16 0.2 0.0222222 0.0375 0.0444444
60 0.2125 0.0222222 0.0625 0.0444444
59 0.23125 0.0333333 0.05 0.0666667
25 0.2375 0.0333333 0.0625 0.0666667
21 0.275 0.0333333 0.0375 0.0666667
21 0.2875 0.0333333 0.0375 0.0666667
21 0.3 0.0333333 0.0875 0.0666667
14 0.3125 0.0222222 0.1125 0.0444444
21 0.35625 0.0222222 0.025 0.0444444
21 0.3875 0.0222222 0.0875 0.0444444
8 0.40625 0.0111111 0.1 0.0222222
6 0.40625 0 0.1 0
6 0.425 0.0111111 0.1125 0.0222222
6 0.45 0.0111111 0.1125 0.0222222
14 0.4625 0.0111111 0.1125 0.0222222
8 0.475 0.0111111 0.1125 0.0222222
8 0.5 0.0111111 0.1125 0.0222222
8 0.50625 0.0222222 0.1 0.0444444
8 0.525 0.0222222 0.1125 0.0444444
6 0.56875 0.0222222 0.1 0.0444444
6 0.5875 0.0111111 0.1125 0.0222222
8 0.625 0.0111111 0.1125 0.0222222
8 0.65 0.0111111 0.1125 0.0222222
8 0.675 0.0111111 0.0875 0.0222222
8 0.6875 0.0222222 0.0875 0.0444444
8 0.7125 0.0222222 0.0875 0.0444444
8 0.7375 0.0222222 0.0875 0.0444444
8 0.75 0.0222222 0.0875 0.0444444
8 0.7625 0.0222222 0.0875 0.0444444
14 0.775 0.0222222 0.0875 0.0444444
11 0.825 0.0222222 0.1625 0.0444444
11 0.80625 0.0222222 0.075 0.0444444
21 0.8125 0.0222222 0.0875 0.0444444
21 0.8875 0.0222222 0.2125 0.0444444
21 0.928125 0.0222222 0.14375 0.0444444
8 0.928125 0.0222222 0.14375 0.0444444
8 0.9375 0.0111111 0.1125 0.0222222
23 0.946875 0.0222222 0.10625 0.0444444
11 0.13125 0.0444444 0.025 0.0444444
55 0.1375 0.0333333 0.0125 0.0666667
55 0.15625 0.0444444 0.025 0.0444444
39 0.16875 0.0333333 0.025 0.0666667
8 0.19375 0.0333333 0.025 0.0666667
8 0.20625 0.0444444 0.025 0.0888889
8 0.21875 0.0444444 0.025 0.0888889
8 0.23125 0.0333333 0.025 0.0666667
21 0.24375 0.0333333 0.025 0.0666667
25 0.25 0.0333333 0.0375 0.0666667
25 0.26875 0.0333333 0.025 0.0666667
25 0.275 0.0333333 0.0375 0.0666667
21 0.36875 0.0333333 0.025 0.0222222
21 0.375 0.0333333 0.0375 0.0222222
8 0.66875 0.0444444 0.025 0.0444444
8 0.68125 0.0333333 0.025 0.0666667
8 0.69375 0.0333333 0.025 0.0666667
8 0.825 0.0333333 0.1375 0.0666667
8 0.8375 0.0333333 0.1375 0.0666667
21 0.84375 0.0444444 0.125 0.0444444
21 0.8125 0.0444444 0.0625 0.0444444
21 0.825 0.0444444 0.0375 0.0444444
19 0.83125 0.0444444 0.05 0.0444444
21 0.90625 0.0444444 0.15 0.0444444
8 0.8875 0.0444444 0.1875 0.0444444
8 0.88125 0.0444444 0.025 0.0444444
16 0.13125 0.0555556 0.025 0.0666667
16 0.14375 0.0333333 0.025 0.0666667
11 0.1625 0.0333333 0.0125 0.0666667
12 0.175 0.0444444 0.0125 0.0888889
12 0.15625 0.0444444 0.075 0.0888889
21 0.23125 0.0444444 0.025 0.0888889
8 0.2375 0.0333333 0.0375 0.0666667
25 0.26875 0.0444444 0.025 0.0888889
21 0.28125 0.0444444 0.025 0.0888889
25 0.28125 0.0777778 0.025 0.0666667
25 0.30625 0.0666667 0.025 0.0444444
27 0.325 0.0666667 0.0125 0.0444444
25 0.35625 0.0555556 0.025 0.0222222
21 0.36875 0.0555556 0.025 0.0222222
21 0.38125 0.0666667 0.025 0.0444444
8 0.39375 0.0666667 0.025 0.0444444
8 0.4125 0.0666667 0.0125 0.0444444
8 0.44375 0.0666667 0.05 0.0444444
21 0.4625 0.0666667 0.0875 0.0444444
21 0.61875 0.0666667 0.125 0.0444444
8 0.6875 0.0666667 0.1125 0.0444444
8 0.70625 0.0555556 0.1 0.0222222
8 0.7125 0.0666667 0.1125 0.0444444
8 0.68125 0.0666667 0.025 0.0444444
8 0.68125 0.0666667 0.05 0.0444444
8 0.68125 0.0666667 0.075 0.0444444
8 0.725 0.0666667 0.0375 0.0444444
8 0.73125 0.0666667 0.075 0.0444444
8 0.775 0.0666667 0.1625 0.0444444
21 0.775 0.0666667 0.0375 0.0444444
21 0.8 0.0555556 0.0375 0.0222222
16 0.80625 0.0555556 0.05 0.0222222
21 0.8125 0.0444444 0.0375 0.0444444
16 0.825 0.0444444 0.0375 0.0444444
16 0.84375 0.0444444 0.025 0.0444444
16 0.85625 0.0444444 0.025 0.0444444
8 0.875 0.0333333 0.0125 0.0666667
15 0.88125 0.0555556 0.025 0.0222222
15 0.8875 0.0444444 0.0375 0.0444444
15 0.90625 0.0333333 0.025 0.0666667
16 0.953125 0.0444444 0.09375 0.0888889
8 0.934375 0.0666667 0.13125 0.0444444
8 0.96875 0.0666667 0.05 0.0444444
21 0.96875 0.0666667 0.05 0.0444444
16 0.95625 0.0666667 0.075 0.0444444
16 0.990625 0.155556 0.01875 0.311111
6 0.015625 0.0666667 0.03125 0.0888889
25 0.125 0.0444444 0.0625 0.0888889
8 0.175 0.0444444 0.1625 0.0888889
8 0.15 0.0555556 0.0875 0.111111
8 0.2375 0.0555556 0.0375 0.111111
27 0.25 0.0555556 0.0625 0.111111
8 0.275 0.0555556 0.0375 0.111111
25 0.28125 0.0555556 0.025 0.111111
8 0.29375 0.0777778 0.025 0.0666667
8 0.30625 0.0555556 0.025 0.111111
8 0.35 0.0777778 0.0125 0.0666667
8 0.35625 0.0666667 0.025 0.0444444
19 0.36875 0.0666667 0.025 0.0444444
21 0.375 0.0666667 0.0375 0.0444444
8 0.375 0.0666667 0.0625 0.0444444
21 0.4375 0.0666667 0.0875 0.0444444
8 0.44375 0.0777778 0.075 0.0666667
8 0.46875 0.0777778 0.1 0.0666667
4 0.4875 0.0777778 0.0875 0.0666667
4 0.5375 0.0777778 0.1625 0.0666667
8 0.55625 0.0777778 0.175 0.0666667
8 0.65625 0.0666667 0.075 0.0444444
21 0.7625 0.0666667 0.1625 0.0444444
31 0.7625 0.0666667 0.1625 0.0444444
31 0.74375 0.0666667 0.1 0.0444444
31 0.79375 0.0666667 0.175 0.0444444
8 0.76875 0.0666667 0.075 0.0444444
8 0.825 0.0666667 0.1625 0.0444444
8 0.79375 0.0666667 0.075 0.0444444
8 0.83125 0.0555556 0.05 0.0666667
8 0.8375 0.0666667 0.0625 0.0444444
8 0.8625 0.0666667 0.0625 0.0444444
8 0.88125 0.0666667 0.075 0.0444444
8 0.928125 0.0777778 0.14375 0.0666667
8 0.9375 0.0777778 0.1125 0.0666667
44 0.946875 0.0777778 0.10625 0.0666667
32 0.95625 0.0666667 0.075 0.0444444
0 0.95 0.0666667 0.0875 0.0444444
10 0.015625 0.0888889 0.03125 0.0888889
46 0.225 0.0777778 0.0625 0.155556
3 0.275 0.0666667 0.0375 0.133333
3 0.28125 0.0666667 0.025 0.133333
25 0.3625 0.0777778 0.0375 0.0666667
8 0.375 0.0777778 0.0625 0.0666667
8 0.39375 0.0777778 0.1 0.0666667
8 0.4125 0.0888889 0.1125 0.0888889
2 0.40625 0.0888889 0.1 0.0888889
2 0.46875 0.0888889 0.175 0.0888889
15 0.48125 0.0777778 0.175 0.0666667
16 0.45625 0.0777778 0.1 0.0666667
21 0.46875 0.0888889 0.1 0.0444444
6 0.56875 0.0888889 0.1 0.0888889
4 0.58125 0.0888889 0.1 0.0888889
25 0.6625 0.0888889 0.0875 0.0444444
8 0.68125 0.0777778 0.075 0.0666667
8 0.7 0.0888889 0.0875 0.0888889
8 0.71875 0.0777778 0.075 0.0666667
8 0.75 0.0777778 0.0875 0.0666667
8 0.78125 0.0777778 0.075 0.0666667
8 0.8 0.0777778 0.0875 0.0666667
8 0.8375 0.0777778 0.0375 0.0666667
8 0.85625 0.0888889 0.025 0.0444444
31 0.84375 0.0777778 0.1 0.0666667
8 0.875 0.0777778 0.0875 0.0666667
0 0.953125 0.0888889 0.09375 0.0888889
8 0.1 0.0888889 0.0625 0.177778
8 0.1125 0.0888889 0.0375 0.177778
8 0.175 0.0888889 0.1625 0.177778
11 0.225 0.1 0.0625 0.111111
27 0.24375 0.1 0.025 0.111111
3 0.275 0.0777778 0.0875 0.155556
12 0.2875 0.0888889 0.0375 0.0888889
25 0.41875 0.0888889 0.15 0.0888889
0 0.41875 0.0888889 0.125 0.0888889
8 0.3875 0.1 0.0375 0.0666667
8 0.41875 0.1 0.05 0.0666667
4 0.4125 0.1 0.0875 0.0666667
4 0.40625 0.111111 0.1 0.0888889
4 0.41875 0.1 0.1 0.111111
8 0.48125 0.133333 0.175 0.0444444
8 0.49375 0.111111 0.175 0.0888889
8 0.46875 0.111111 0.1 0.0888889
21 0.6625 0.1 0.1875 0.111111
21 0.6625 0.111111 0.0875 0.0888889
21 0.675 0.1 0.0875 0.111111
21 0.6875 0.0888889 0.0625 0.0888889
14 0.69375 0.0888889 0.075 0.0888889
14 0.71875 0.0888889 0.075 0.0888889
44 0.73125 0.111111 0.075 0.0444444
25 0.8875 0.0888889 0.0875 0.0888889
21 0.928125 0.0888889 0.14375 0.0888889
21 0.928125 0.1 0.14375 0.0666667
10 0.015625 0.122222 0.03125 0.0666667
6 0.03125 0.122222 0.025 0.111111
8 0.11875 0.0888889 0.05 0.177778
16 0.125 0.0888889 0.0625 0.177778
25 0.41875 0.122222 0.15 0.111111
21 0.41875 0.111111 0.125 0.0888889
25 0.4 0.133333 0.0375 0.0444444
8 0.41875 0.133333 0.05 0.0444444
6 0.40625 0.133333 0.075 0.0444444
4 0.40625 0.144444 0.1 0.0222222
6 0.4625 0.144444 0.1875 0.0222222
25 0.46875 0.144444 0.175 0.0222222
8 0.48125 0.144444 0.175 0.0222222
8 0.49375 0.155556 0.175 0.0444444
8 0.46875 0.155556 0.1 0.0444444
8 0.51875 0.144444 0.15 0.0666667
8 0.55 0.144444 0.1875 0.0666667
8 0.55625 0.155556 0.175 0.0444444
8 0.56875 0.144444 0.175 0.0222222
8 0.5625 0.144444 0.0625 0.0222222
8 0.58125 0.144444 0.1 0.0666667
8 0.59375 0.122222 0.1 0.111111
21 0.7 0.122222 0.1625 0.111111
21 0.66875 0.122222 0.1 0.111111
25 0.675 0.122222 0.0875 0.111111
23 0.80625 0.122222 0.1 0.111111
25 0.81875 0.122222 0.1 0.111111
25 0.8375 0.122222 0.1125 0.111111
25 0.86875 0.111111 0.1 0.133333
25 0.8875 0.111111 0.0875 0.133333
25 0.921875 0.111111 0.15625 0.133333
6 0.94375 0.144444 0.1 0.0666667
6 0.953125 0.122222 0.09375 0.0666667
0 0.075 0.122222 0.0375 0.155556
0 0.0875 0.122222 0.0375 0.155556
16 0.09375 0.1 0.075 0.2
16 0.1125 0.1 0.0375 0.2
21 0.11875 0.1 0.05 0.2
8 0.175 0.133333 0.0875 0.0888889
8 0.2 0.0888889 0.1125 0.177778
16 0.21875 0.1 0.1 0.2
8 0.20625 0.144444 0.025 0.0666667
8 0.225 0.155556 0.0375 0.0444444
21 0.275 0.122222 0.1375 0.155556
20 0.3625 0.144444 0.0375 0.111111
20 0.36875 0.144444 0.025 0.111111
20 0.425 0.166667 0.1125 0.0666667
19 0.4 0.155556 0.0125 0.0444444
8 0.4125 0.166667 0.0375 0.0222222
8 0.40625 0.166667 0.075 0.0222222
19 0.41875 0.166667 0.1 0.0222222
19 0.46875 0.177778 0.175 0.0444444
8 0.45625 0.166667 0.1 0.0222222
8 0.50625 0.166667 0.175 0.0222222
8 0.48125 0.166667 0.1 0.0222222
8 0.5375 0.177778 0.1875 0.0444444
8 0.5625 0.166667 0.1875 0.0666667
8 0.56875 0.166667 0.175 0.0222222
8 0.5625 0.166667 0.0625 0.0222222
8 0.56875 0.155556 0.1 0.0444444
8 0.59375 0.155556 0.1 0.0888889
8 0.65625 0.144444 0.2 0.111111
14 0.68125 0.166667 0.2 0.0666667
21 0.7125 0.166667 0.1875 0.0666667
25 0.71875 0.166667 0.2 0.0666667
25 0.80625 0.144444 0.1 0.111111
25 0.86875 0.144444 0.175 0.111111
25 0.90625 0.144444 0.175 0.111111
25 0.928125 0.133333 0.14375 0.133333
25 0.928125 0.133333 0.14375 0.0888889
6 0.94375 0.144444 0.1 0.111111
6 0.95 0.133333 0.0875 0.0888889
25 0.059375 0.166667 0.11875 0.111111
