11 0.75625 0.0111111 0.15 0.0222222
3 0.78125 0.0111111 0.175 0.0222222
11 0.80625 0 0.175 0
11 0.81875 0.0111111 0.175 0.0222222
6 0.9375 0.0222222 0.1125 0.0444444
43 0.946875 0.0222222 0.10625 0.0444444
6 0.953125 0.0222222 0.09375 0.0444444
26 0.959375 0.0222222 0.08125 0.0444444
10 0.1625 0.0222222 0.0875 0.0444444
10 0.225 0.0222222 0.1125 0.0444444
10 0.24375 0.0222222 0.1 0.0444444
11 0.7 0.0222222 0.1625 0.0444444
21 0.75625 0.0222222 0.15 0.0444444
2 0.9375 0.0222222 0.1125 0.0444444
11 0.946875 0.0222222 0.10625 0.0444444
11 0.953125 0.0222222 0.09375 0.0444444
21 0.73125 0.0333333 0.05 0.0666667
21 0.7375 0.0222222 0.0375 0.0444444
21 0.75625 0.0222222 0.05 0.0444444
21 0.8125 0.0222222 0.1625 0.0444444
11 0.965625 0.0444444 0.06875 0.0444444
21 0.046875 0.0555556 0.09375 0.111111
30 0.1 0.0555556 0.0625 0.0222222
30 0.15625 0.0666667 0.1 0.0444444
11 0.29375 0.0555556 0.125 0.0666667
8 0.30625 0.0555556 0.125 0.0666667
1 0.26875 0.0777778 0.1 0.0666667
8 0.3375 0.0777778 0.1875 0.0666667
3 0.33125 0.0777778 0.175 0.0666667
3 0.325 0.0777778 0.0625 0.0666667
3 0.38125 0.0777778 0.125 0.0666667
31 0.475 0.0777778 0.1625 0.0666667
8 0.48125 0.0666667 0.175 0.0888889
30 0.49375 0.0666667 0.175 0.0888889
30 0.5125 0.0777778 0.1625 0.0666667
26 0.51875 0.0555556 0.175 0.111111
30 0.55 0.0555556 0.1375 0.111111
3 0.6875 0.0555556 0.0875 0.0666667
16 0.725 0.0555556 0.1625 0.0666667
1 0.7125 0.0555556 0.0625 0.0666667
16 0.71875 0.0555556 0.05 0.0666667
21 0.725 0.0555556 0.0625 0.0666667
21 0.7375 0.0555556 0.0375 0.0666667
1 0.83125 0.0444444 0.125 0.0888889
10 0.81875 0.0555556 0.05 0.0666667
10 0.85 0.0444444 0.0875 0.0888889
10 0.89375 0.0444444 0.15 0.0888889
3 0.90625 0.0444444 0.15 0.0888889
11 0.9625 0.0666667 0.0625 0.0444444
9 0.971875 0.0555556 0.05625 0.0666667
6 0.9625 0.0444444 0.0625 0.0888889
9 0.965625 0.0444444 0.06875 0.0888889
12 0.0375 0.0888889 0.0625 0.0888889
10 0.09375 0.0777778 0.1 0.0666667
7 0.09375 0.0777778 0.125 0.0666667
60 0.11875 0.0777778 0.075 0.0222222
22 0.14375 0.0777778 0.075 0.0666667
11 0.30625 0.0777778 0.175 0.0666667
6 0.325 0.0777778 0.1875 0.0666667
8 0.33125 0.0777778 0.175 0.111111
11 0.325 0.0777778 0.0625 0.0666667
11 0.35 0.1 0.2125 0.0666667
12 0.35 0.0888889 0.0875 0.0444444
44 0.59375 0.0666667 0.125 0.0888889
3 0.6 0.0666667 0.1375 0.0888889
10 0.59375 0.0666667 0.075 0.0888889
22 0.64375 0.0555556 0.175 0.111111
10 0.675 0.0555556 0.1125 0.111111
21 0.65 0.0777778 0.0625 0.0666667
21 0.68125 0.0666667 0.05 0.0444444
21 0.66875 0.0666667 0.05 0.0444444
11 0.6875 0.0666667 0.0875 0.0888889
11 0.725 0.0666667 0.1125 0.0444444
1 0.7125 0.0666667 0.0625 0.0444444
1 0.725 0.0666667 0.0625 0.0444444
11 0.73125 0.0777778 0.05 0.0666667
11 0.75 0.0666667 0.0625 0.0444444
7 0.7875 0.0666667 0.0875 0.0888889
1 0.84375 0.0555556 0.1 0.0666667
11 0.825 0.0666667 0.0625 0.0444444
11 0.8375 0.0555556 0.0625 0.0666667
53 0.85625 0.0666667 0.075 0.0444444
1 0.8875 0.0555556 0.1375 0.0666667
1 0.9125 0.0555556 0.1125 0.0666667
1 0.89375 0.0777778 0.05 0.0666667
10 0.9125 0.0777778 0.0375 0.0666667
10 0.9125 0.0888889 0.0875 0.0444444
58 0.946875 0.0888889 0.10625 0.0444444
17 0.959375 0.0888889 0.08125 0.0444444
17 0.94375 0.0888889 0.05 0.0444444
10 0.95 0.0777778 0.0625 0.0666667
9 0.9625 0.0666667 0.0375 0.0444444
6 0.98125 0.0666667 0.025 0.0444444
9 0.9625 0.0666667 0.0625 0.0444444
11 0.15 0.0888889 0.0625 0.0444444
6 0.3 0.1 0.1875 0.0666667
43 0.3125 0.111111 0.1875 0.0444444
6 0.35625 0.111111 0.075 0.0444444
1 0.35625 0.111111 0.075 0.0444444
1 0.375 0.111111 0.0625 0.0444444
3 0.425 0.111111 0.0375 0.0888889
16 0.4375 0.111111 0.0375 0.0888889
16 0.44375 0.1 0.075 0.0666667
65 0.5125 0.111111 0.0625 0.0444444
65 0.53125 0.111111 0.05 0.0444444
65 0.60625 0.1 0.1 0.0666667
21 0.66875 0.0888889 0.1 0.0888889
10 0.68125 0.0888889 0.1 0.0444444
10 0.65 0.0888889 0.0125 0.0444444
25 0.6875 0.1 0.0625 0.0666667
8 0.725 0.1 0.1125 0.0666667
13 0.73125 0.1 0.125 0.0666667
11 0.725 0.1 0.0625 0.0666667
25 0.73125 0.1 0.075 0.0666667
25 0.725 0.1 0.1125 0.0666667
25 0.7875 0.1 0.0625 0.0666667
65 0.8125 0.1 0.1125 0.0666667
25 0.81875 0.1 0.125 0.0666667
43 0.90625 0.1 0.1 0.0666667
1 0.875 0.111111 0.0625 0.0444444
1 0.875 0.111111 0.0375 0.0444444
1 0.90625 0.111111 0.1 0.0444444
1 0.946875 0.111111 0.10625 0.0444444
16 0.946875 0.1 0.10625 0.0222222
16 0.9375 0.0888889 0.0625 0.0444444
9 0.9625 0.0888889 0.0375 0.0444444
12 0.96875 0.1 0.05 0.0222222
6 0.040625 0.111111 0.08125 0.133333
10 0.33125 0.122222 0.075 0.0666667
9 0.34375 0.133333 0.05 0.0444444
6 0.35625 0.122222 0.05 0.0666667
0 0.3625 0.111111 0.0375 0.0444444
0 0.38125 0.1 0.05 0.0666667
0 0.39375 0.111111 0.1 0.0888889
1 0.4375 0.122222 0.1375 0.0666667
1 0.4625 0.122222 0.1125 0.0666667
1 0.45625 0.122222 0.075 0.0666667
1 0.49375 0.122222 0.125 0.0666667
6 0.4875 0.122222 0.1625 0.0666667
6 0.5 0.133333 0.1625 0.0444444
12 0.53125 0.122222 0.1 0.0666667
3 0.575 0.133333 0.0875 0.0444444
6 0.58125 0.133333 0.1 0.0444444
6 0.64375 0.122222 0.175 0.0666667
6 0.64375 0.122222 0.05 0.0666667
6 0.6625 0.122222 0.0875 0.0666667
6 0.7125 0.122222 0.1375 0.0666667
16 0.7 0.111111 0.0625 0.0888889
8 0.7375 0.122222 0.1375 0.0666667
25 0.75 0.122222 0.1625 0.0666667
8 0.78125 0.111111 0.175 0.0888889
8 0.7875 0.111111 0.0875 0.0888889
8 0.825 0.111111 0.1375 0.0888889
6 0.8375 0.111111 0.1625 0.0888889
4 0.84375 0.111111 0.175 0.0888889
1 0.9 0.122222 0.1375 0.0666667
7 0.921875 0.122222 0.15625 0.0666667
7 0.946875 0.122222 0.10625 0.0666667
7 0.9375 0.122222 0.0625 0.0666667
3 0.94375 0.122222 0.075 0.0666667
9 0.9625 0.111111 0.0375 0.0444444
68 0.975 0.111111 0.0125 0.0444444
10 0.96875 0.111111 0.05 0.0444444
6 0.05 0.122222 0.0875 0.111111
6 0.28125 0.144444 0.125 0.0666667
2 0.35 0.133333 0.1125 0.0444444
6 0.35 0.133333 0.1375 0.0444444
64 0.35625 0.133333 0.05 0.0444444
3 0.90625 0.144444 0.175 0.0222222
3 0.875 0.133333 0.0875 0.0444444
9 0.959375 0.133333 0.08125 0.0444444
3 0.9375 0.133333 0.0125 0.0444444
3 0.9125 0.133333 0.0875 0.0444444
44 0.925 0.144444 0.0875 0.0666667
10 0.9625 0.133333 0.0375 0.0444444
13 0.96875 0.111111 0.05 0.0888889
9 0.96875 0.111111 0.05 0.0888889
9 0.0375 0.144444 0.0375 0.111111
6 0.075 0.144444 0.0625 0.111111
6 0.15 0.155556 0.1125 0.0888889
43 0.31875 0.166667 0.15 0.0666667
8 0.35625 0.166667 0.175 0.0666667
8 0.38125 0.155556 0.15 0.0888889
8 0.934375 0.166667 0.13125 0.0666667
71 0.94375 0.166667 0.1 0.0666667
71 0.95 0.155556 0.0875 0.0888889
21 0.059375 0.155556 0.11875 0.133333
21 0.06875 0.166667 0.125 0.111111
11 0.05 0.155556 0.0625 0.133333
6 0.1 0.177778 0.1125 0.0888889
6 0.375 0.166667 0.1625 0.111111
21 0.059375 0.188889 0.11875 0.111111
14 0.06875 0.177778 0.125 0.133333
6 0.0375 0.188889 0.0375 0.111111
6 0.06875 0.2 0.05 0.0444444
6 0.05625 0.211111 0.075 0.0666667
6 0.375 0.2 0.1625 0.0888889
14 0.059375 0.211111 0.11875 0.111111
21 0.06875 0.211111 0.125 0.111111
21 0.05 0.2 0.0625 0.0888889
6 0.04375 0.211111 0.05 0.0666667
6 0.41875 0.211111 0.125 0.0666667
6 0.45 0.211111 0.1125 0.0666667
5 0.46875 0.211111 0.125 0.0666667
6 0.48125 0.211111 0.125 0.0666667
6 0.525 0.211111 0.0625 0.0666667
10 0.59375 0.211111 0.05 0.0666667
1 0.5875 0.211111 0.0375 0.0666667
6 0.59375 0.211111 0.025 0.0666667
6 0.625 0.211111 0.0625 0.0666667
6 0.60625 0.211111 0.1 0.0666667
6 0.65625 0.211111 0.075 0.0666667
22 0.66875 0.211111 0.1 0.0666667
21 0.028125 0.233333 0.05625 0.111111
21 0.01875 0.233333 0 0.111111
12 0.1625 0.222222 0.0375 0.0888889
10 0.1625 0.244444 0.0375 0.0444444
12 0.2125 0.244444 0.0125 0.0444444
14 0.1875 0.244444 0.0875 0.0444444
9 0.21875 0.244444 0.125 0.0444444
2 0.225 0.244444 0.1125 0.0444444
6 0.24375 0.233333 0.1 0.0666667
5 0.425 0.233333 0.1125 0.111111
2 0.4375 0.233333 0.1125 0.111111
2 0.475 0.233333 0.1625 0.111111
4 0.45625 0.233333 0.125 0.111111
4 0.46875 0.255556 0.125 0.0666667
6 0.55625 0.255556 0.175 0.0666667
6 0.6125 0.233333 0.1625 0.111111
6 0.6 0.222222 0.1125 0.0888889
6 0.61875 0.211111 0.125 0.111111
6 0.65 0.244444 0.0625 0.0444444
6 0.66875 0.233333 0.05 0.0666667
6 0.6625 0.233333 0.0875 0.0666667
6 0.8625 0.244444 0.0625 0.0444444
12 0.1625 0.266667 0.0375 0.0444444
3 0.16875 0.255556 0.025 0.0666667
44 0.20625 0.266667 0.1 0.0444444
10 0.25625 0.266667 0.025 0.0444444
22 0.3625 0.255556 0.0625 0.0666667
22 0.39375 0.255556 0.05 0.0666667
6 0.39375 0.255556 0.05 0.0666667
2 0.3875 0.255556 0.0125 0.0666667
0 0.40625 0.255556 0.025 0.0666667
6 0.4375 0.266667 0.0625 0.0444444
6 0.45 0.266667 0.0625 0.0444444
6 0.45 0.255556 0.1125 0.0666667
6 0.45625 0.266667 0.125 0.0444444
43 0.46875 0.277778 0.125 0.0666667
6 0.4875 0.277778 0.1125 0.0666667
6 0.5125 0.277778 0.1125 0.0666667
6 0.51875 0.266667 0.125 0.0888889
4 0.55625 0.255556 0.175 0.0666667
6 0.60625 0.255556 0.175 0.0666667
6 0.6 0.266667 0.1125 0.0444444
6 0.60625 0.277778 0.125 0.0666667
6 0.64375 0.266667 0.075 0.0444444
6 0.6375 0.266667 0.1125 0.0444444
0 0.875 0.266667 0.0375 0.0444444
6 0.8875 0.266667 0.0625 0.0444444
6 0.88125 0.277778 0.1 0.0666667
6 0.94375 0.244444 0.1 0.0888889
6 0.15625 0.277778 0.075 0.111111
6 0.1375 0.288889 0.0875 0.0888889
6 0.1875 0.277778 0.1625 0.111111
11 0.2875 0.288889 0.0875 0.0444444
25 0.3 0.288889 0.1125 0.0888889
25 0.30625 0.3 0.125 0.0666667
11 0.31875 0.288889 0.1 0.0444444
3 0.31875 0.288889 0.05 0.0444444
11 0.35625 0.288889 0.1 0.0444444
25 0.36875 0.3 0.05 0.0666667
25 0.375 0.277778 0.0875 0.111111
6 0.4625 0.277778 0.1625 0.0666667
6 0.49375 0.277778 0.075 0.0666667
6 0.59375 0.277778 0.175 0.111111
6 0.60625 0.3 0.175 0.0666667
6 0.625 0.277778 0.0625 0.0666667
4 0.63125 0.266667 0.075 0.0888889
6 0.6375 0.266667 0.0875 0.0888889
6 0.6375 0.277778 0.1125 0.0666667
6 0.86875 0.3 0.1 0.0666667
4 0.89375 0.3 0.15 0.0666667
6 0.90625 0.277778 0.175 0.111111
5 0.915625 0.277778 0.16875 0.111111
6 0.946875 0.266667 0.10625 0.0888889
6 0.953125 0.277778 0.09375 0.111111
6 0.48125 0.322222 0.125 0.0666667
6 0.49375 0.311111 0.125 0.0888889
4 0.5125 0.311111 0.1125 0.0888889
6 0.53125 0.311111 0.125 0.0888889
6 0.6625 0.3 0.1625 0.111111
6 0.65 0.288889 0.1125 0.0888889
4 0.9 0.322222 0.1625 0.0666667
6 0.90625 0.322222 0.175 0.0666667
12 0.959375 0.311111 0.08125 0.0444444
6 0.49375 0.333333 0.175 0.133333
8 0.5 0.322222 0.1125 0.111111
5 0.5375 0.311111 0.1125 0.0888889
13 0.89375 0.322222 0.1 0.0666667
