64 0.021875 0.0333333 0.04375 0.0666667
4 0.55 0.0111111 0.2375 0.0222222
5 0.60625 0.0222222 0.225 0.0444444
66 0.63125 0.0222222 0.3 0.0444444
66 0.73125 0.0222222 0.275 0.0444444
66 0.8125 0.0222222 0.2375 0.0444444
66 0.85625 0.0222222 0.225 0.0444444
6 0.865625 0.0222222 0.26875 0.0444444
66 0.890625 0.0222222 0.21875 0.0444444
4 0.896875 0.0222222 0.20625 0.0444444
4 0.915625 0.0111111 0.16875 0.0222222
1 0.915625 0.0111111 0.16875 0.0222222
1 0.978125 0.0111111 0.04375 0.0222222
0 0.978125 0.0111111 0.04375 0.0222222
30 0.55 0.0111111 0.2375 0.0222222
30 0.59375 0.0111111 0.125 0.0222222
30 0.70625 0.0222222 0.2 0.0444444
30 0.7625 0.0222222 0.2125 0.0444444
44 0.8125 0.0333333 0.1375 0.0666667
16 0.965625 0.0111111 0.06875 0.0222222
1 0.971875 0.0111111 0.05625 0.0222222
1 0.990625 0.0444444 0.01875 0.0888889
43 0.015625 0.0666667 0.03125 0.133333
4 0.0625 0.0333333 0.0875 0.0666667
0 0.20625 0.0444444 0.125 0.0444444
39 0.30625 0.0444444 0.1 0.0444444
39 0.325 0.0444444 0.0875 0.0444444
1 0.3625 0.0333333 0.0625 0.0666667
1 0.375 0.0333333 0.0625 0.0222222
1 0.33125 0.0333333 0.225 0.0222222
1 0.4125 0.0333333 0.0625 0.0222222
1 0.46875 0.0333333 0.1 0.0666667
1 0.4875 0.0333333 0.0625 0.0666667
1 0.51875 0.0222222 0.15 0.0444444
1 0.6 0.0333333 0.0875 0.0666667
1 0.61875 0.0333333 0.1 0.0666667
1 0.65 0.0444444 0.1375 0.0888889
1 0.6375 0.0444444 0.1125 0.0444444
1 0.675 0.0333333 0.0625 0.0222222
1 0.6875 0.0333333 0.0625 0.0222222
1 0.725 0.0222222 0.1125 0.0444444
1 0.69375 0.0222222 0.1 0.0444444
16 0.725 0.0222222 0.0875 0.0444444
2 0.74375 0.0333333 0.1 0.0222222
30 0.8125 0.0444444 0.0375 0.0444444
1 0.8125 0.0444444 0.0875 0.0444444
1 0.81875 0.0333333 0.1 0.0666667
1 0.9 0.0444444 0.0625 0.0888889
1 0.940625 0.0444444 0.11875 0.0888889
1 0.953125 0.0333333 0.09375 0.0666667
1 0.978125 0.0333333 0.04375 0.0666667
0 0.984375 0.0222222 0.03125 0.0444444
1 0.990625 0.0222222 0.01875 0.0444444
66 0.015625 0.0444444 0.03125 0.0888889
42 0.015625 0.0777778 0.03125 0.155556
7 0.021875 0.0777778 0.04375 0.0666667
1 0.0625 0.0555556 0.0375 0.0222222
0 0.06875 0.0555556 0.05 0.0222222
1 0.10625 0.0555556 0.1 0.0222222
1 0.0875 0.0555556 0.0375 0.0222222
64 0.09375 0.0666667 0.05 0.0444444
15 0.10625 0.0333333 0.05 0.0666667
1 0.125 0.0333333 0.0375 0.0666667
1 0.1375 0.0333333 0.0375 0.0666667
1 0.16875 0.0444444 0.075 0.0888889
1 0.15625 0.0444444 0.05 0.0888889
1 0.16875 0.0777778 0.05 0.0666667
1 0.1875 0.0666667 0.0625 0.0444444
1 0.2125 0.0666667 0.0875 0.0444444
1 0.2375 0.0666667 0.0875 0.0444444
1 0.24375 0.0666667 0.05 0.0444444
1 0.25625 0.0666667 0.05 0.0444444
1 0.26875 0.0666667 0.05 0.0444444
1 0.2875 0.0666667 0.0625 0.0444444
1 0.31875 0.0666667 0.1 0.0444444
1 0.33125 0.0555556 0.05 0.0222222
1 0.35 0.0666667 0.0875 0.0444444
1 0.34375 0.0555556 0.05 0.0222222
1 0.35625 0.0555556 0.05 0.0222222
1 0.36875 0.0555556 0.05 0.0222222
7 0.4 0.0666667 0.0875 0.0444444
7 0.4125 0.0555556 0.0875 0.0222222
7 0.43125 0.0555556 0.125 0.0222222
1 0.45625 0.0555556 0.1 0.0222222
1 0.46875 0.0444444 0.075 0.0444444
1 0.4625 0.0333333 0.0375 0.0666667
1 0.50625 0.0555556 0.075 0.0222222
1 0.49375 0.0555556 0.05 0.0222222
7 0.48125 0.0555556 0.05 0.0222222
15 0.50625 0.0555556 0.125 0.0222222
59 0.5625 0.0444444 0.0875 0.0444444
16 0.5625 0.0444444 0.0875 0.0444444
1 0.58125 0.0666667 0.1 0.0444444
1 0.625 0.0666667 0.0375 0.0444444
1 0.6375 0.0666667 0.0375 0.0444444
13 0.625 0.0666667 0.1125 0.0444444
1 0.75625 0.0555556 0.15 0.0222222
1 0.75625 0.0444444 0.1 0.0444444
1 0.79375 0.0444444 0.15 0.0444444
1 0.8125 0.0555556 0.0875 0.0666667
1 0.84375 0.0555556 0.05 0.0666667
1 0.85 0.0666667 0.0625 0.0888889
1 0.86875 0.0666667 0.05 0.0888889
1 0.88125 0.0555556 0.05 0.0666667
1 0.89375 0.0555556 0.05 0.0666667
1 0.9125 0.0555556 0.0375 0.0666667
1 0.94375 0.0555556 0.075 0.0666667
1 0.959375 0.0555556 0.08125 0.0666667
1 0.984375 0.0444444 0.03125 0.0444444
1 0.990625 0.0333333 0.01875 0.0666667
43 0.015625 0.0444444 0.03125 0.0888889
66 0.028125 0.0777778 0.05625 0.0666667
66 0.05 0.0777778 0.0625 0.0666667
8 0.053125 0.0777778 0.10625 0.0666667
4 0.0875 0.0777778 0.1625 0.0666667
66 0.06875 0.0777778 0.1 0.0666667
65 0.075 0.0888889 0.0875 0.0888889
65 0.11875 0.0888889 0.15 0.0888889
65 0.14375 0.0888889 0.125 0.0888889
2 0.14375 0.0888889 0.1 0.0888889
7 0.16875 0.0888889 0.125 0.0888889
1 0.1875 0.0777778 0.1125 0.0666667
1 0.2125 0.0777778 0.0875 0.0666667
13 0.2375 0.0777778 0.1125 0.0666667
13 0.275 0.0777778 0.0875 0.0666667
13 0.29375 0.0777778 0.1 0.0666667
13 0.3125 0.0777778 0.0875 0.0666667
7 0.33125 0.0777778 0.125 0.0666667
13 0.425 0.0666667 0.1375 0.0444444
13 0.43125 0.0777778 0.125 0.0666667
13 0.4875 0.0777778 0.0625 0.0666667
59 0.5625 0.0666667 0.0875 0.0444444
1 0.6 0.0777778 0.0875 0.0666667
13 0.61875 0.0777778 0.075 0.0666667
13 0.625 0.0777778 0.1125 0.0666667
13 0.6375 0.0888889 0.1125 0.0444444
7 0.75625 0.0666667 0.1 0.0444444
2 0.8 0.0666667 0.0875 0.0888889
1 0.81875 0.0777778 0.1 0.111111
1 0.84375 0.0777778 0.1 0.0666667
1 0.875 0.0777778 0.0625 0.0666667
1 0.86875 0.0666667 0.075 0.0888889
1 0.90625 0.0555556 0 0.0666667
1 0.95 0.0777778 0.0625 0.0222222
1 0.9625 0.0777778 0.0625 0.0222222
0 0.940625 0.0888889 0.11875 0.0444444
1 0.946875 0.0666667 0.10625 0.0444444
4 0.984375 0.0666667 0.03125 0.0444444
16 0.021875 0.0888889 0.04375 0.0444444
67 0.034375 0.1 0.06875 0.0222222
13 0.078125 0.1 0.15625 0.0222222
13 0.1125 0.1 0.1125 0.0222222
64 0.08125 0.1 0.05 0.0222222
16 0.09375 0.111111 0.05 0.0444444
16 0.10625 0.111111 0.05 0.0444444
16 0.11875 0.111111 0.05 0.0444444
13 0.13125 0.111111 0.05 0.0444444
13 0.14375 0.111111 0.05 0.0444444
2 0.15625 0.111111 0.05 0.0444444
2 0.16875 0.111111 0.05 0.0444444
13 0.1875 0.111111 0.0375 0.0444444
13 0.2 0.111111 0.0375 0.0444444
1 0.20625 0.111111 0.05 0.0444444
1 0.2125 0.0888889 0.0625 0.0888889
1 0.21875 0.0888889 0.1 0.0888889
1 0.2375 0.1 0.1125 0.0666667
13 0.25 0.111111 0.1125 0.0444444
13 0.275 0.1 0.0875 0.0222222
13 0.3 0.0888889 0.0875 0.0444444
2 0.30625 0.0888889 0.075 0.0888889
2 0.35 0.111111 0.0875 0.0444444
7 0.3625 0.111111 0.0875 0.0444444
64 0.35625 0.1 0.125 0.0222222
74 0.44375 0.111111 0.05 0.0444444
74 0.48125 0.111111 0.075 0.0444444
36 0.4875 0.1 0.0625 0.0222222
60 0.54375 0.0777778 0.1 0.0666667
60 0.6125 0.0777778 0.1125 0.0666667
16 0.6 0.1 0.0375 0.0222222
13 0.60625 0.1 0.075 0.0222222
2 0.61875 0.0888889 0.075 0.0444444
1 0.61875 0.0888889 0.1 0.0444444
2 0.65 0.0888889 0.0875 0.0444444
13 0.7 0.0888889 0.1625 0.0444444
57 0.80625 0.0777778 0.15 0.0666667
57 0.8125 0.0888889 0.1625 0.0444444
2 0.80625 0.0888889 0.1 0.0888889
2 0.8125 0.111111 0.0875 0.0888889
1 0.83125 0.111111 0.1 0.0888889
1 0.84375 0.122222 0.1 0.0666667
1 0.84375 0.111111 0.075 0.0444444
1 0.85625 0.0888889 0.1 0.0444444
1 0.95625 0.1 0.075 0.0222222
1 0.9375 0.1 0.1125 0.0222222
1 0.946875 0.0888889 0.10625 0.0444444
1 0.953125 0.0777778 0.09375 0.0666667
2 0.984375 0.0777778 0.03125 0.0666667
16 0.984375 0.0555556 0.03125 0.111111
16 0.065625 0.122222 0.13125 0.0222222
13 0.071875 0.133333 0.14375 0.0444444
13 0.0875 0.122222 0.1625 0.0222222
13 0.11875 0.122222 0.125 0.0222222
13 0.14375 0.133333 0.15 0.0444444
13 0.1625 0.122222 0.1625 0.0666667
13 0.19375 0.122222 0.125 0.0666667
13 0.16875 0.122222 0.05 0.0666667
13 0.18125 0.133333 0.05 0.0444444
13 0.19375 0.133333 0.05 0.0444444
13 0.20625 0.133333 0.05 0.0444444
13 0.20625 0.122222 0.075 0.0666667
2 0.21875 0.122222 0.1 0.0666667
1 0.23125 0.122222 0.125 0.0666667
13 0.2625 0.122222 0.0875 0.0666667
2 0.26875 0.122222 0.075 0.0666667
13 0.29375 0.122222 0.1 0.0666667
13 0.29375 0.111111 0.125 0.0444444
13 0.3125 0.122222 0.1125 0.0666667
13 0.35 0.122222 0.0875 0.0666667
13 0.40625 0.122222 0.175 0.0666667
13 0.39375 0.133333 0.125 0.0444444
13 0.425 0.133333 0.0875 0.0444444
13 0.45625 0.122222 0.125 0.0666667
13 0.48125 0.122222 0.075 0.0222222
60 0.58125 0.122222 0.175 0.0222222
13 0.61875 0.122222 0.075 0.0222222
13 0.6375 0.122222 0.1375 0.0222222
13 0.7 0.122222 0.1625 0.0222222
71 0.73125 0.111111 0.125 0.0444444
13 0.725 0.111111 0.1625 0.0444444
66 0.80625 0.133333 0.125 0.0444444
13 0.85 0.122222 0.0625 0.0666667
13 0.88125 0.122222 0.125 0.0666667
13 0.925 0.111111 0.1125 0.0444444
1 0.940625 0.111111 0.11875 0.0444444
1 0.953125 0.111111 0.09375 0.0888889
1 0.990625 0.1 0.01875 0.0666667
1 0.984375 0.0888889 0.03125 0.0888889
13 0.075 0.144444 0.1375 0.0222222
13 0.11875 0.144444 0.15 0.0222222
13 0.15625 0.144444 0.15 0.0222222
13 0.15625 0.144444 0.1 0.0222222
13 0.2 0.144444 0.1625 0.0222222
1 0.1875 0.155556 0.0875 0.0444444
1 0.2125 0.155556 0.0875 0.0444444
13 0.26875 0.155556 0.2 0.0444444
1 0.25625 0.144444 0.1 0.0222222
2 0.28125 0.144444 0.1 0.0222222
13 0.31875 0.144444 0.15 0.0222222
13 0.3375 0.133333 0.1625 0.0444444
13 0.325 0.144444 0.1875 0.0666667
13 0.35 0.155556 0.1875 0.0444444
13 0.3375 0.155556 0.0625 0.0444444
1 0.40625 0.155556 0.175 0.0444444
13 0.38125 0.155556 0.1 0.0444444
13 0.4125 0.144444 0.0875 0.0666667
1 0.425 0.144444 0.0875 0.0666667
13 0.49375 0.155556 0.175 0.0444444
13 0.48125 0.144444 0.075 0.0222222
13 0.70625 0.133333 0.175 0.0444444
2 0.85 0.155556 0.0875 0.0444444
2 0.909375 0.155556 0.18125 0.0444444
13 0.875 0.155556 0.0875 0.0444444
13 0.921875 0.155556 0.15625 0.0444444
13 0.91875 0.144444 0.125 0.0222222
1 0.9625 0.144444 0.0625 0.0222222
1 0.978125 0.144444 0.04375 0.0222222
1 0.984375 0.133333 0.03125 0.0444444
60 0.06875 0.155556 0.1 0.0444444
60 0.0875 0.155556 0.1125 0.0444444
60 0.13125 0.155556 0.15 0.0444444
13 0.14375 0.155556 0.15 0.0444444
13 0.15625 0.155556 0.1 0.0444444
13 0.19375 0.155556 0.15 0.0444444
1 0.21875 0.155556 0.15 0.0444444
1 0.20625 0.166667 0.1 0.0222222
1 0.225 0.166667 0.0875 0.0222222
13 0.25625 0.166667 0.125 0.0222222
13 0.325 0.166667 0.1875 0.0222222
13 0.31875 0.166667 0.125 0.0222222
13 0.3625 0.166667 0.1875 0.0222222
13 0.4 0.166667 0.1625 0.0222222
1 0.4125 0.155556 0.0875 0.0444444
1 0.4375 0.177778 0.0875 0.0444444
13 0.48125 0.177778 0.15 0.0444444
13 0.7125 0.166667 0.0875 0.0222222
73 0.75625 0.166667 0.15 0.0222222
13 0.80625 0.166667 0.075 0.0222222
2 0.825 0.155556 0.1875 0.0444444
15 0.84375 0.166667 0.2 0.0222222
16 0.81875 0.177778 0.125 0.0444444
13 0.85 0.177778 0.0875 0.0444444
13 0.88125 0.177778 0.125 0.0444444
13 0.9 0.166667 0.0625 0.0222222
13 0.89375 0.155556 0.1 0.0444444
13 0.959375 0.166667 0.08125 0.0222222
4 0.965625 0.166667 0.06875 0.0222222
1 0.971875 0.155556 0.05625 0.0444444
1 0.984375 0.155556 0.03125 0.0444444
1 0.984375 0.111111 0.03125 0.0888889
60 0.06875 0.188889 0.1 0.0222222
