6 0.028125 0 0.05625 0
25 0.51875 0.0111111 0.075 0.0222222
4 0.51875 0.0111111 0.1 0.0222222
6 0.5375 0 0.1125 0
43 0.61875 0.0111111 0.1 0.0222222
25 0.63125 0.0111111 0.1 0.0222222
8 0.675 0.0111111 0.1875 0.0222222
4 0.675 0.0222222 0.1125 0.0444444
23 0.6875 0.0111111 0.0875 0.0222222
23 0.68125 0.0222222 0.1 0.0444444
8 0.725 0.0222222 0.2125 0.0444444
8 0.76875 0.0222222 0.15 0.0444444
8 0.7875 0.0111111 0.1625 0.0222222
4 0.78125 0.0222222 0.1 0.0444444
4 0.7875 0.0111111 0.1125 0.0222222
6 0.81875 0.0111111 0.125 0.0222222
6 0.83125 0.0111111 0.125 0.0222222
6 0.84375 0.0111111 0.125 0.0222222
6 0.88125 0.0111111 0.075 0.0222222
6 0.86875 0 0.05 0
25 0.9 0 0.1125 0
25 0.9125 0.0111111 0.1375 0.0222222
8 0.928125 0.0222222 0.14375 0.0444444
3 0.928125 0 0.14375 0
8 0.0875 0.0111111 0.1125 0.0222222
6 0.078125 0.0333333 0.15625 0.0666667
11 0.0875 0.0333333 0.1625 0.0666667
11 0.11875 0.0444444 0.125 0.0888889
23 0.16875 0.0111111 0.15 0.0222222
25 0.18125 0.0111111 0.125 0.0222222
6 0.25625 0.0111111 0.125 0.0222222
8 0.4625 0.0111111 0.1625 0.0222222
19 0.525 0.0111111 0.0875 0.0222222
18 0.5 0.0111111 0.1625 0.0222222
4 0.5375 0.0111111 0.1125 0.0222222
21 0.575 0.0111111 0.0375 0.0222222
6 0.6 0.0111111 0.1625 0.0222222
8 0.625 0.0111111 0.0875 0.0222222
4 0.65625 0.0222222 0.15 0.0444444
8 0.6875 0.0222222 0.0875 0.0444444
8 0.74375 0.0222222 0.125 0.0444444
4 0.7375 0.0555556 0.0625 0.111111
8 0.825 0.0111111 0.1375 0.0222222
11 0.85 0.0555556 0.1125 0.111111
25 0.9 0.0333333 0.1375 0.0666667
67 0.00625 0.0222222 0 0.0444444
5 0.0875 0.0444444 0.1125 0.0444444
8 0.46875 0.0333333 0.075 0.0222222
8 0.48125 0.0333333 0.05 0.0222222
8 0.51875 0.0333333 0.075 0.0222222
8 0.53125 0.0333333 0.125 0.0666667
8 0.51875 0.0333333 0.225 0.0666667
8 0.5625 0.0333333 0.1125 0.0666667
6 0.5125 0.0222222 0.0875 0.0444444
21 0.53125 0.0222222 0.1 0.0444444
8 0.56875 0.0222222 0.025 0.0444444
8 0.56875 0.0222222 0.025 0.0444444
25 0.65625 0.0222222 0.05 0.0444444
8 0.65625 0.0444444 0.05 0.0444444
25 0.65625 0.0444444 0.05 0.0444444
8 0.69375 0.0444444 0.05 0.0444444
0 0.7 0.0333333 0.0375 0.0222222
8 0.71875 0.0333333 0.05 0.0222222
8 0.73125 0.0333333 0.05 0.0222222
25 0.75 0.0444444 0.0125 0.0444444
8 0.8 0.0444444 0.0375 0.0444444
8 0.825 0.0333333 0.1875 0.0666667
19 0.875 0.0333333 0.0625 0.0666667
55 0.09375 0.0666667 0.15 0.0444444
55 0.08125 0.0666667 0.1 0.0444444
8 0.1125 0.0666667 0.1125 0.0444444
8 0.14375 0.0666667 0.15 0.0444444
55 0.15 0.0666667 0.1125 0.0444444
47 0.225 0.0666667 0.1625 0.0444444
8 0.5125 0.0444444 0.1625 0.0444444
8 0.5125 0.0444444 0.1875 0.0888889
8 0.5125 0.0555556 0.0625 0.0666667
8 0.55 0.0555556 0.0625 0.0666667
8 0.55625 0.0666667 0.05 0.0444444
8 0.6125 0.0777778 0.1125 0.0666667
8 0.60625 0.0666667 0.1 0.0444444
8 0.6125 0.0666667 0.0625 0.0444444
8 0.65 0.0666667 0.1125 0.0444444
8 0.6625 0.0555556 0.1125 0.0222222
8 0.65 0.0555556 0.0375 0.0222222
25 0.66875 0.0444444 0.025 0.0444444
3 0.7 0.0444444 0.0625 0.0444444
3 0.75 0.0444444 0.0875 0.0444444
8 0.73125 0.0444444 0.05 0.0444444
8 0.74375 0.0444444 0.025 0.0444444
8 0.75 0.0444444 0.0125 0.0444444
8 0.7875 0.0444444 0.0875 0.0444444
3 0.84375 0.0444444 0.05 0.0444444
0 0.85625 0.0444444 0.075 0.0444444
25 0.1125 0.0777778 0.1625 0.0222222
60 0.13125 0.0777778 0.175 0.0222222
25 0.2 0.0888889 0.1875 0.0444444
25 0.21875 0.0777778 0.2 0.0666667
25 0.3 0.0666667 0.0625 0.0444444
25 0.46875 0.0666667 0.075 0.0444444
21 0.46875 0.0888889 0.1 0.0444444
8 0.50625 0.0777778 0.05 0.0666667
8 0.525 0.0888889 0.0875 0.0888889
8 0.5625 0.0555556 0.0375 0.0666667
8 0.575 0.0777778 0.0625 0.0666667
8 0.7 0.0777778 0.0875 0.0222222
8 0.725 0.0777778 0.1375 0.0222222
8 0.7375 0.0555556 0.1375 0.0666667
25 0.70625 0.0666667 0.1 0.0444444
25 0.73125 0.0555556 0.05 0.0666667
25 0.7375 0.0444444 0.0375 0.0444444
8 0.7625 0.0444444 0.0375 0.0444444
19 0.8125 0.0555556 0.0375 0.0666667
8 0.825 0.0777778 0.0375 0.0222222
8 0.85 0.0777778 0.0875 0.0222222
8 0.91875 0.0777778 0.125 0.0222222
8 0.89375 0.0666667 0.05 0.0444444
5 0.021875 0.0777778 0.04375 0.0666667
6 0.046875 0.0888889 0.09375 0.0888889
5 0.071875 0.0777778 0.14375 0.0666667
8 0.075 0.0888889 0.1375 0.0444444
8 0.10625 0.0888889 0.175 0.0444444
25 0.11875 0.0888889 0.175 0.0444444
8 0.16875 0.0888889 0.175 0.0444444
25 0.1625 0.0888889 0.1375 0.0444444
25 0.21875 0.1 0.075 0.0222222
25 0.26875 0.0888889 0.075 0.0444444
25 0.28125 0.0777778 0.075 0.0222222
21 0.29375 0.0888889 0.075 0.0444444
25 0.36875 0.1 0.225 0.0666667
25 0.38125 0.0888889 0.175 0.0444444
21 0.46875 0.1 0.075 0.0666667
21 0.46875 0.0777778 0.1 0.0666667
21 0.5125 0.0777778 0.0625 0.0666667
25 0.51875 0.1 0.075 0.111111
25 0.5625 0.133333 0.0375 0.0888889
8 0.575 0.111111 0.0625 0.133333
8 0.5875 0.1 0.1125 0.111111
25 0.6 0.1 0.0875 0.111111
21 0.60625 0.111111 0.125 0.177778
20 0.65625 0.111111 0.05 0.177778
21 0.65625 0.111111 0.05 0.177778
8 0.6875 0.111111 0.0875 0.0888889
8 0.7 0.0888889 0.0625 0.0444444
21 0.70625 0.0666667 0.1 0.0888889
21 0.73125 0.0666667 0.05 0.0888889
21 0.74375 0.0888889 0.05 0.133333
21 0.75 0.122222 0.0625 0.155556
25 0.75625 0.111111 0.05 0.177778
21 0.775 0.0888889 0.0875 0.133333
21 0.825 0.0666667 0.1375 0.0888889
25 0.84375 0.0777778 0.125 0.0666667
21 0.8375 0.0888889 0.0875 0.0444444
8 0.85625 0.0888889 0.1 0.0444444
25 0.86875 0.0888889 0.1 0.0444444
8 0.88125 0.0888889 0.175 0.0444444
8 0.85625 0.0777778 0.125 0.0666667
25 0.91875 0.0777778 0.15 0.0666667
21 0.9125 0.0777778 0.1375 0.0666667
25 0.9625 0.0888889 0.0625 0.0444444
8 0.95625 0.0888889 0.075 0.0444444
19 0.18125 0.1 0.125 0.0666667
0 0.2125 0.122222 0.0375 0.0222222
6 0.21875 0.133333 0.025 0.0444444
23 0.225 0.122222 0.0125 0.0222222
8 0.29375 0.122222 0.1 0.0222222
20 0.5 0.122222 0.0125 0.0222222
20 0.525 0.133333 0.0375 0.0444444
21 0.525 0.133333 0.0375 0.0444444
25 0.525 0.133333 0.0625 0.0444444
8 0.5625 0.122222 0.0375 0.0666667
8 0.575 0.122222 0.1125 0.0666667
8 0.6 0.122222 0.0875 0.0666667
8 0.64375 0.122222 0.025 0.111111
19 0.6625 0.122222 0.0375 0.2
8 0.6625 0.0888889 0.0375 0.133333
8 0.66875 0.122222 0.05 0.0666667
8 0.6875 0.1 0.0625 0.0666667
21 0.70625 0.0888889 0.1 0.0888889
25 0.7375 0.0888889 0.0375 0.0888889
8 0.75 0.111111 0.0375 0.0888889
8 0.74375 0.111111 0.075 0.0888889
8 0.7625 0.111111 0.0875 0.0888889
8 0.8125 0.111111 0.1625 0.133333
25 0.81875 0.111111 0.15 0.133333
8 0.825 0.133333 0.0625 0.0444444
25 0.875 0.0888889 0.1875 0.0444444
21 0.88125 0.0888889 0.075 0.0444444
25 0.91875 0.1 0.125 0.0666667
21 0.959375 0.111111 0.08125 0.0888889
11 0.959375 0.0888889 0.08125 0.0444444
4 0.953125 0.1 0.09375 0.0666667
11 0.021875 0.155556 0.04375 0.133333
11 0.015625 0.144444 0.03125 0.111111
25 0.05 0.122222 0.0125 0.0666667
8 0.0625 0.144444 0.0375 0.0222222
25 0.05625 0.144444 0.05 0.0222222
25 0.06875 0.144444 0.025 0.0222222
25 0.075 0.144444 0.0375 0.0222222
25 0.10625 0.155556 0.025 0.0444444
25 0.11875 0.144444 0.025 0.0222222
20 0.125 0.133333 0.0125 0.0444444
20 0.15625 0.133333 0.025 0.0444444
20 0.1375 0.155556 0.0875 0.0888889
21 0.18125 0.133333 0.025 0.0444444
21 0.20625 0.155556 0.025 0.0888889
21 0.2125 0.133333 0.0375 0.0444444
21 0.21875 0.133333 0.025 0.0444444
21 0.23125 0.133333 0.025 0.0444444
19 0.25 0.133333 0.0125 0.0444444
21 0.25625 0.144444 0.025 0.0222222
21 0.26875 0.144444 0.025 0.0222222
20 0.275 0.133333 0.0125 0.0444444
21 0.26875 0.133333 0.1 0.0444444
20 0.3 0.133333 0.0375 0.0444444
21 0.3125 0.133333 0.0375 0.0444444
8 0.33125 0.133333 0.025 0.0444444
8 0.34375 0.133333 0.05 0.0444444
8 0.36875 0.133333 0.025 0.0444444
19 0.3875 0.133333 0.0375 0.0444444
20 0.3875 0.133333 0.0375 0.0444444
20 0.40625 0.133333 0.05 0.0444444
20 0.44375 0.133333 0.125 0.0444444
20 0.45625 0.144444 0.1 0.0222222
8 0.45 0.133333 0.0375 0.0444444
8 0.4625 0.133333 0.0375 0.0444444
17 0.46875 0.133333 0.05 0.0444444
20 0.4875 0.133333 0.0375 0.0444444
20 0.50625 0.144444 0.025 0.0666667
20 0.525 0.144444 0.0375 0.0666667
21 0.54375 0.144444 0.025 0.0222222
21 0.5625 0.133333 0.0375 0.0444444
25 0.5625 0.133333 0.0375 0.0444444
8 0.56875 0.133333 0.05 0.0444444
8 0.575 0.133333 0.1125 0.0444444
8 0.6625 0.144444 0.0375 0.0666667
8 0.6625 0.133333 0.0375 0.0444444
21 0.85 0.111111 0.1125 0.133333
25 0.84375 0.166667 0.125 0.0666667
25 0.85625 0.155556 0.1 0.0444444
25 0.915625 0.155556 0.16875 0.0444444
21 0.9125 0.111111 0.1375 0.0888889
25 0.959375 0.1 0.08125 0.111111
25 0.978125 0.155556 0.04375 0.0444444
11 0.021875 0.188889 0.04375 0.155556
8 0.025 0.155556 0.0375 0.133333
8 0.015625 0.144444 0.03125 0.111111
21 0.04375 0.122222 0.025 0.0666667
18 0.0625 0.144444 0.0375 0.0222222
19 0.05625 0.144444 0.05 0.0222222
19 0.06875 0.144444 0.025 0.0222222
19 0.075 0.144444 0.0375 0.0222222
21 0.09375 0.155556 0.05 0.0444444
21 0.1125 0.144444 0.0375 0.0222222
19 0.13125 0.166667 0 0.0222222
19 0.15625 0.166667 0.025 0.0222222
20 0.15625 0.166667 0.025 0.0222222
20 0.16875 0.166667 0.025 0.0222222
20 0.175 0.166667 0.0125 0.0666667
19 0.19375 0.155556 0.025 0.0444444
21 0.2125 0.144444 0.0375 0.0666667
19 0.225 0.155556 0.0125 0.0888889
20 0.24375 0.155556 0.025 0.0444444
21 0.275 0.166667 0.0125 0.0666667
8 0.3 0.166667 0.0125 0.0222222
19 0.30625 0.155556 0.025 0.0444444
8 0.3125 0.155556 0.0125 0.0444444
21 0.33125 0.177778 0.025 0.0444444
8 0.34375 0.166667 0.05 0.0666667
21 0.35625 0.166667 0.05 0.0666667
21 0.36875 0.155556 0.025 0.0444444
20 0.3875 0.155556 0.0375 0.0444444
20 0.39375 0.155556 0.025 0.0444444
20 0.4125 0.166667 0.0375 0.0666667
20 0.41875 0.155556 0.05 0.0888889
20 0.43125 0.166667 0.05 0.0666667
14 0.44375 0.166667 0.05 0.0666667
14 0.45625 0.166667 0.05 0.0666667
20 0.4625 0.166667 0.0625 0.0666667
20 0.48125 0.144444 0.025 0.0666667
20 0.4875 0.155556 0.0375 0.0444444
20 0.5125 0.144444 0.0375 0.0666667
20 0.53125 0.144444 0.025 0.0666667
21 0.54375 0.155556 0.025 0.0444444
21 0.5625 0.133333 0.0375 0.0888889
25 0.575 0.144444 0.0625 0.0666667
8 0.575 0.144444 0.0625 0.0666667
25 0.56875 0.144444 0.1 0.0666667
8 0.63125 0.155556 0.175 0.0888889
8 0.60625 0.155556 0.1 0.0888889
21 0.60625 0.166667 0.1 0.0666667
21 0.6875 0.155556 0.1375 0.0444444
11 0.7 0.155556 0.1375 0.0444444
8 0.80625 0.144444 0.1 0.0666667
21 0.875 0.155556 0.1875 0.0444444
21 0.85 0.155556 0.1125 0.0444444
21 0.86875 0.155556 0.075 0.0444444
21 0.9125 0.166667 0.0125 0.0222222
21 0.925 0.166667 0.0375 0.0222222
25 0.965625 0.155556 0.06875 0.0444444
