65 0.03125 0.0111111 0 0.0222222
11 0.06875 0 0 0
39 0.08125 0 0 0
74 0.09375 0 0 0
11 0.1 0 0.0125 0
11 0.11875 0 0 0
26 0.13125 0 0 0
26 0.14375 0 0 0
26 0.15625 0 0 0
11 0.16875 0 0 0
11 0.18125 0 0 0
11 0.19375 0 0 0
65 0.24375 0 0 0
12 0.25625 0 0 0
11 0.26875 0 0 0
7 0.4125 0.0222222 0.0625 0.0444444
3 0.425 0.0111111 0.0875 0.0222222
10 0.43125 0.0111111 0.075 0.0222222
11 0.43125 0.0111111 0.075 0.0222222
21 0.4875 0.0111111 0.1625 0.0222222
21 0.4125 0.0111111 0.3125 0.0222222
8 0.49375 0.0111111 0.175 0.0222222
21 0.51875 0.0111111 0.175 0.0222222
21 0.51875 0.0111111 0.075 0.0222222
43 0.53125 0.0111111 0.075 0.0222222
43 0.58125 0.0222222 0.15 0.0444444
43 0.575 0.0222222 0.2375 0.0444444
43 0.78125 0.0111111 0.175 0.0222222
43 0.79375 0.0222222 0.175 0.0444444
29 0.8 0.0222222 0.1875 0.0444444
29 0.81875 0.0111111 0.175 0.0222222
11 0.83125 0.0222222 0.175 0.0444444
11 0.84375 0.0111111 0.175 0.0222222
6 0.909375 0.0222222 0.18125 0.0444444
11 0.946875 0.0222222 0.10625 0.0444444
11 0.953125 0.0111111 0.09375 0.0222222
9 0.015625 0.0222222 0.03125 0.0444444
55 0.1625 0.0111111 0.1375 0.0222222
39 0.11875 0.0111111 0 0.0222222
55 0.125 0.0111111 0.0125 0.0222222
55 0.14375 0.0111111 0 0.0222222
11 0.34375 0.0333333 0.175 0.0666667
11 0.475 0.0111111 0.1625 0.0222222
11 0.425 0.0111111 0.3125 0.0222222
21 0.51875 0.0111111 0.125 0.0222222
21 0.475 0.0111111 0.0125 0.0222222
21 0.475 0.0111111 0.0375 0.0222222
21 0.475 0.0222222 0.0875 0.0444444
21 0.5375 0.0222222 0.1625 0.0444444
21 0.70625 0.0222222 0.05 0.0444444
21 0.71875 0.0222222 0.05 0.0444444
21 0.7125 0.0222222 0.0875 0.0444444
21 0.73125 0.0222222 0.05 0.0444444
21 0.7375 0.0222222 0.0875 0.0444444
21 0.75625 0.0222222 0.1 0.0444444
21 0.7875 0.0222222 0.0625 0.0444444
21 0.8 0.0222222 0.0625 0.0444444
21 0.8125 0.0111111 0.0625 0.0222222
11 0.9125 0.0222222 0.0875 0.0444444
4 0.94375 0.0222222 0.1 0.0444444
19 0.990625 0.0222222 0.01875 0.0444444
11 0.015625 0.0222222 0.03125 0.0444444
11 0.4375 0.0222222 0.0875 0.0444444
11 0.015625 0.0333333 0.03125 0.0666667
11 0.015625 0.0444444 0.03125 0.0444444
12 0.43125 0.0555556 0.125 0.0666667
12 0.475 0.0333333 0.1375 0.0666667
21 0.44375 0.0666667 0.025 0.0444444
21 0.4875 0.0333333 0.0625 0.0666667
21 0.5 0.0333333 0.0625 0.0666667
22 0.525 0.0333333 0.0875 0.0666667
11 0.015625 0.0555556 0.03125 0.0666667
11 0.015625 0.0666667 0.03125 0.0444444
11 0.16875 0.0777778 0.025 0.0666667
11 0.18125 0.0777778 0.025 0.0666667
10 0.19375 0.0666667 0.025 0.0444444
10 0.20625 0.0777778 0.025 0.0666667
8 0.21875 0.0777778 0.025 0.0666667
11 0.23125 0.0777778 0.025 0.0666667
8 0.325 0.0666667 0.0875 0.0888889
21 0.4 0.0666667 0.0625 0.0444444
8 0.928125 0.0777778 0.14375 0.0666667
11 0.015625 0.0777778 0.03125 0.155556
11 0.015625 0.1 0.03125 0.0666667
11 0.1875 0.111111 0.0875 0.0444444
8 0.55 0.0666667 0.0875 0.133333
8 0.55 0.0888889 0.0875 0.0888889
11 0.56875 0.0888889 0.05 0.0888889
19 0.81875 0.111111 0.075 0.0444444
19 0.8375 0.1 0.0875 0.0222222
11 0.89375 0.111111 0.025 0.0444444
11 0.89375 0.1 0.1 0.0222222
11 0.009375 0.0888889 0.01875 0.0888889
11 0.025 0.111111 0.0125 0.0888889
12 0.06875 0.111111 0.075 0.0444444
11 0.075 0.122222 0.0875 0.0666667
11 0.09375 0.122222 0.1 0.0666667
2 0.11875 0.111111 0.1 0.0888889
11 0.13125 0.111111 0.1 0.0888889
11 0.18125 0.122222 0.05 0.0666667
11 0.175 0.1 0.0875 0.111111
1 0.1875 0.0888889 0.0875 0.0888889
11 0.19375 0.0888889 0.1 0.0888889
11 0.3375 0.122222 0.0875 0.0666667
11 0.35625 0.122222 0.1 0.0666667
12 0.56875 0.0888889 0.125 0.0888889
19 0.5875 0.1 0.1625 0.111111
2 0.5875 0.1 0.1625 0.111111
2 0.6 0.122222 0.1625 0.0666667
2 0.5625 0.1 0.0875 0.111111
19 0.58125 0.1 0.075 0.111111
3 0.73125 0.122222 0.075 0.0222222
10 0.7375 0.122222 0.0875 0.0222222
8 0.75625 0.122222 0.075 0.0222222
8 0.74375 0.122222 0.15 0.0222222
8 0.79375 0.133333 0.1 0.0444444
19 0.85 0.122222 0.0125 0.0666667
19 0.85625 0.111111 0.025 0.0444444
11 0.9 0.111111 0.0875 0.0444444
12 0.94375 0.111111 0.025 0.0444444
11 0.053125 0.144444 0.10625 0.0222222
11 0.025 0.133333 0.0125 0.0444444
25 0.04375 0.122222 0.05 0.0666667
8 0.1875 0.122222 0.0375 0.0666667
8 0.19375 0.133333 0.05 0.0888889
8 0.19375 0.133333 0.1 0.0888889
19 0.575 0.155556 0.1125 0.0444444
19 0.55625 0.155556 0.075 0.0888889
0 0.55625 0.155556 0.05 0.0444444
0 0.56875 0.155556 0.025 0.0444444
12 0.6 0.155556 0.0125 0.0444444
44 0.6125 0.155556 0.0125 0.0444444
11 0.61875 0.155556 0.025 0.0444444
11 0.63125 0.155556 0.025 0.0444444
11 0.64375 0.155556 0.025 0.0444444
11 0.65625 0.155556 0.025 0.0444444
11 0.675 0.155556 0.0125 0.0444444
11 0.68125 0.155556 0.025 0.0444444
11 0.69375 0.155556 0.025 0.0444444
11 0.7125 0.155556 0.0125 0.0444444
11 0.725 0.155556 0.0125 0.0444444
11 0.7375 0.155556 0.0125 0.0444444
11 0.75 0.155556 0.0125 0.0444444
44 0.75625 0.155556 0.025 0.0444444
44 0.7375 0.155556 0.0875 0.0444444
44 0.7875 0.155556 0.1625 0.0444444
11 0.79375 0.155556 0 0.0444444
11 0.8125 0.133333 0.0125 0.0444444
8 0.83125 0.144444 0.025 0.0666667
21 0.83125 0.133333 0.025 0.0444444
21 0.85 0.133333 0.0125 0.0444444
12 0.9375 0.133333 0.0125 0.0444444
12 0.953125 0.133333 0.09375 0.0444444
11 0.053125 0.155556 0.10625 0.0444444
11 0.025 0.155556 0.0125 0.0444444
25 0.034375 0.144444 0.06875 0.111111
11 0.15625 0.144444 0.025 0.111111
11 0.16875 0.155556 0.05 0.0444444
8 0.20625 0.177778 0.05 0.0444444
12 0.3625 0.166667 0.0875 0.111111
19 0.5375 0.177778 0.0625 0.0444444
19 0.5375 0.166667 0.0375 0.0666667
19 0.55625 0.166667 0.025 0.0666667
21 0.56875 0.166667 0.025 0.0666667
21 0.8375 0.155556 0.0375 0.0444444
21 0.91875 0.166667 0.025 0.0222222
21 0.93125 0.166667 0.025 0.0222222
25 0.95 0.144444 0.0875 0.111111
10 0.990625 0.144444 0.01875 0.0666667
11 0.015625 0.166667 0.03125 0.288889
8 0.01875 0.177778 0.025 0.0444444
11 0.09375 0.188889 0.125 0.0666667
11 0.11875 0.177778 0.1 0.0888889
11 0.125 0.166667 0.0875 0.0666667
11 0.1625 0.166667 0.0375 0.0666667
8 0.175 0.177778 0.0625 0.0888889
11 0.2 0.177778 0.0625 0.0888889
3 0.325 0.155556 0.0125 0.0888889
3 0.3375 0.155556 0.0125 0.0888889
21 0.375 0.166667 0.0625 0.111111
8 0.525 0.177778 0.0375 0.0444444
19 0.53125 0.177778 0.025 0.0444444
21 0.9125 0.144444 0.0625 0.111111
21 0.91875 0.155556 0.05 0.0888889
8 0.009375 0.144444 0.01875 0.2
8 0.025 0.2 0.0125 0.0444444
8 0.021875 0.211111 0.04375 0.0666667
11 0.046875 0.188889 0.09375 0.111111
8 0.1625 0.177778 0.0625 0.0888889
59 0.2875 0.222222 0.1375 0.0444444
53 0.325 0.222222 0.0625 0.0444444
8 0.325 0.211111 0.0625 0.0222222
8 0.5875 0.2 0.1375 0.0444444
8 0.009375 0.211111 0.01875 0.111111
8 0.015625 0.222222 0.03125 0.0444444
8 0.16875 0.2 0.05 0.0888889
11 0.18125 0.2 0.075 0.0888889
43 0.2125 0.244444 0.0375 0.0444444
44 0.38125 0.233333 0.025 0.0222222
44 0.4 0.233333 0.0125 0.0222222
44 0.41875 0.233333 0.05 0.0222222
21 0.43125 0.233333 0.05 0.0222222
11 0.4375 0.233333 0.0375 0.0222222
11 0.48125 0.233333 0 0.0222222
21 0.5 0.222222 0.0125 0.0444444
11 0.015625 0.255556 0.03125 0.111111
21 0.0875 0.266667 0.0875 0.0444444
21 0.1125 0.266667 0.0625 0.0444444
19 0.2125 0.244444 0.0375 0.0444444
21 0.85625 0.233333 0.175 0.111111
11 0.83125 0.222222 0.05 0.0888889
6 0.0875 0.266667 0.0875 0.0888889
6 0.14375 0.288889 0.125 0.0444444
3 0.15 0.277778 0.0125 0.0222222
11 0.1875 0.244444 0.0375 0.0888889
21 0.2125 0.255556 0.0375 0.0666667
6 0.20625 0.255556 0.05 0.0666667
6 0.21875 0.244444 0.05 0.0888889
21 0.8625 0.255556 0.1625 0.111111
11 0.83125 0.255556 0.05 0.0666667
8 0.015625 0.3 0.03125 0.0666667
9 0.025 0.288889 0.0125 0.0444444
2 0.0625 0.288889 0.0875 0.0444444
11 0.08125 0.288889 0.125 0.0888889
11 0.84375 0.288889 0.175 0.0444444
7 0.053125 0.311111 0.10625 0.0444444
9 0.025 0.311111 0.0125 0.0444444
2 0.0625 0.288889 0.0875 0.0888889
12 0.8 0.311111 0.2625 0.0444444
9 0.053125 0.322222 0.10625 0.0666667
9 0.015625 0.333333 0.03125 0.0444444
25 0.05625 0.322222 0.1 0.111111
12 0.83125 0.322222 0.025 0.0666667
21 0.8375 0.322222 0.0375 0.0666667
11 0.9375 0.311111 0.0375 0.0888889
8 0.046875 0.366667 0.09375 0.0222222
9 0.03125 0.366667 0.025 0.0222222
25 0.81875 0.333333 0.05 0.0888889
21 0.83125 0.333333 0.05 0.0888889
11 0.875 0.366667 0.0125 0.0222222
8 0.021875 0.4 0.04375 0.0444444
3 0.025 0.388889 0.0375 0.0222222
8 0.0375 0.388889 0.0375 0.0222222
2 0.0625 0.377778 0.0875 0.0888889
25 0.15 0.344444 0.1375 0.111111
19 0.15625 0.355556 0.15 0.133333
19 0.125 0.366667 0.0625 0.111111
8 0.48125 0.377778 0.05 0.0888889
11 0.825 0.366667 0.0375 0.0666667
8 0.021875 0.411111 0.04375 0.0666667
8 0.021875 0.422222 0.04375 0.0444444
2 0.021875 0.411111 0.04375 0.0222222
29 0.040625 0.422222 0.08125 0.0444444
2 0.040625 0.411111 0.08125 0.0666667
19 0.05 0.422222 0.0875 0.0444444
25 0.0625 0.422222 0.0875 0.0444444
8 0.06875 0.422222 0.075 0.0444444
12 0.11875 0.411111 0.025 0.0666667
8 0.1125 0.377778 0.0625 0.133333
21 0.15 0.4 0.0125 0.0888889
8 0.15 0.422222 0.0625 0.0444444
8 0.1625 0.422222 0.0375 0.0444444
2 0.23125 0.422222 0.175 0.0444444
2 0.20625 0.422222 0.075 0.0444444
9 0.24375 0.433333 0.025 0.0666667
19 0.24375 0.433333 0.075 0.0666667
11 0.26875 0.422222 0.025 0.0444444
21 0.31875 0.411111 0.05 0.0666667
2 0.33125 0.377778 0.05 0.0888889
2 0.33125 0.4 0.05 0.0888889
8 0.4125 0.4 0.0625 0.0444444
8 0.40625 0.4 0.1 0.0444444
6 0.54375 0.411111 0.175 0.0666667
25 0.84375 0.377778 0.2 0.0888889
11 0.8125 0.388889 0.1125 0.0666667
25 0.08125 0.422222 0.025 0.0444444
25 0.09375 0.422222 0.025 0.0444444
25 0.10625 0.422222 0.025 0.0444444
25 0.1125 0.422222 0.0625 0.0444444
8 0.13125 0.422222 0.05 0.0888889
19 0.20625 0.433333 0.05 0.0666667
2 0.2375 0.433333 0.0375 0.0666667
11 0.33125 0.411111 0.05 0.0666667
0 0.35 0.411111 0.0125 0.0666667
11 0.4125 0.422222 0.0875 0.0888889
6 0.5 0.422222 0.0875 0.0888889
65 0.6375 0.4 0.0875 0.0888889
11 0.84375 0.4 0.05 0.0888889
11 0.9125 0.4 0.0875 0.0888889
9 0.9375 0.422222 0.0375 0.0444444
11 0.053125 0.433333 0.10625 0.111111
11 0.021875 0.444444 0.04375 0.0444444
29 0.040625 0.444444 0.08125 0.0444444
21 0.08125 0.444444 0.025 0.0444444
25 0.08125 0.433333 0.05 0.0666667
25 0.09375 0.444444 0.05 0.0444444
12 0.11875 0.444444 0.025 0.0444444
25 0.1125 0.444444 0.0625 0.0888889
8 0.125 0.433333 0.0875 0.111111
8 0.14375 0.433333 0.05 0.0666667
