11 0.065625 0.0222222 0.13125 0.0444444
8 0.071875 0.0222222 0.14375 0.0444444
10 0.096875 0.0222222 0.19375 0.0444444
11 0.10625 0.0222222 0.2 0.0444444
11 0.15 0.0222222 0.2125 0.0444444
11 0.2375 0.0222222 0.2125 0.0444444
11 0.28125 0.0444444 0.25 0.0888889
11 0.29375 0.0222222 0.25 0.0444444
11 0.3375 0.0222222 0.2125 0.0444444
23 0.41875 0.0222222 0.15 0.0444444
11 0.43125 0.0222222 0.15 0.0444444
11 0.928125 0.0222222 0.14375 0.0444444
8 0.925 0.0222222 0.1375 0.0444444
2 0.940625 0.0222222 0.11875 0.0444444
4 0.946875 0.0222222 0.10625 0.0444444
4 0.953125 0.0111111 0.09375 0.0222222
11 0.95 0 0.0875 0
19 0.990625 0 0.01875 0
11 0.053125 0.0222222 0.10625 0.0444444
11 0.1 0.0222222 0.1875 0.0444444
11 0.1375 0.0222222 0.2125 0.0444444
23 0.1625 0.0222222 0.2125 0.0444444
22 0.2375 0.0222222 0.1125 0.0444444
23 0.25625 0.0222222 0.125 0.0444444
11 0.26875 0.0222222 0.25 0.0444444
11 0.3875 0.0222222 0.1125 0.0444444
29 0.38125 0.0222222 0.15 0.0444444
42 0.3875 0.0222222 0.1625 0.0444444
55 0.4375 0.0222222 0.1375 0.0444444
23 0.4625 0.0222222 0.1625 0.0444444
8 0.46875 0.0222222 0.175 0.0444444
8 0.5 0.0222222 0.1625 0.0444444
8 0.51875 0.0222222 0.175 0.0444444
8 0.5625 0.0222222 0.1375 0.0444444
6 0.56875 0.0222222 0.175 0.0444444
11 0.58125 0.0222222 0.175 0.0444444
11 0.6375 0.0222222 0.1625 0.0444444
2 0.953125 0.0111111 0.09375 0.0222222
17 0.990625 0.0111111 0.01875 0.0222222
6 0.10625 0.0333333 0.175 0.0666667
18 0.13125 0.0222222 0.175 0.0444444
19 0.14375 0.0222222 0.175 0.0444444
19 0.19375 0.0222222 0.175 0.0444444
18 0.19375 0.0222222 0.175 0.0444444
18 0.2375 0.0222222 0.1125 0.0444444
19 0.25 0.0222222 0.1125 0.0444444
23 0.6 0.0222222 0.1125 0.0444444
19 0.990625 0.0222222 0.01875 0.0444444
4 0.1125 0.0444444 0.1875 0.0888889
19 0.2125 0.0444444 0.1375 0.0888889
19 0.2375 0.0444444 0.1125 0.0888889
2 0.34375 0.0444444 0.175 0.0888889
8 0.575 0.0333333 0.1125 0.0666667
8 0.5875 0.0444444 0.1125 0.0888889
4 0.6 0.0444444 0.1125 0.0888889
4 0.625 0.0444444 0.1125 0.0888889
59 0.65 0.0444444 0.1125 0.0888889
59 0.625 0.0555556 0.2125 0.111111
8 0.64375 0.0555556 0.225 0.111111
8 0.66875 0.0444444 0.225 0.0888889
60 0.70625 0.0444444 0.225 0.0888889
60 0.71875 0.0444444 0.225 0.0888889
60 0.7375 0.0555556 0.2875 0.111111
60 0.81875 0.0555556 0.15 0.111111
60 0.84375 0.0444444 0.15 0.0888889
60 0.84375 0.0444444 0.275 0.0888889
60 0.91875 0.0444444 0.15 0.0888889
2 0.971875 0.0333333 0.05625 0.0666667
9 0.978125 0.0444444 0.04375 0.0444444
17 0.996875 0.0666667 0.00625 0.0444444
4 0.025 0.0666667 0.0375 0.0888889
6 0.046875 0.0666667 0.09375 0.0888889
21 0.10625 0.0666667 0.175 0.0888889
21 0.15 0.0777778 0.1125 0.0666667
19 0.16875 0.0666667 0.175 0.0888889
19 0.2125 0.0555556 0.1125 0.0666667
19 0.225 0.0666667 0.1125 0.0444444
19 0.23125 0.0777778 0.1 0.0666667
19 0.25 0.0777778 0.1125 0.0666667
19 0.225 0.0777778 0.0625 0.0666667
2 0.275 0.0777778 0.1375 0.0666667
2 0.25625 0.0777778 0.2 0.0666667
2 0.33125 0.0777778 0.175 0.0666667
2 0.35 0.0666667 0.1625 0.0888889
2 0.31875 0.0666667 0.275 0.0888889
19 0.5125 0.0666667 0.1125 0.0444444
19 0.575 0.0666667 0.1125 0.0444444
4 0.5875 0.0666667 0.1125 0.0444444
4 0.6 0.0666667 0.1375 0.0888889
2 0.61875 0.0666667 0.125 0.0888889
2 0.6 0.0555556 0.2125 0.111111
60 0.60625 0.0555556 0.225 0.111111
6 0.63125 0.0666667 0.225 0.0888889
6 0.65 0.0555556 0.2625 0.111111
6 0.71875 0.0666667 0.225 0.0888889
60 0.74375 0.0666667 0.225 0.0888889
60 0.8875 0.0777778 0.2125 0.0666667
60 0.909375 0.0666667 0.18125 0.0888889
4 0.978125 0.0666667 0.04375 0.0444444
34 0.984375 0.0666667 0.03125 0.0444444
18 0.984375 0.0666667 0.03125 0.0444444
4 0.01875 0.0777778 0.025 0.0666667
21 0.04375 0.0777778 0.075 0.0666667
21 0.053125 0.1 0.10625 0.111111
21 0.10625 0.1 0.175 0.111111
15 0.15625 0.0777778 0.1 0.0666667
15 0.1375 0.0777778 0.0875 0.0666667
21 0.1875 0.0777778 0.1375 0.0666667
19 0.2125 0.0777778 0.1125 0.0666667
21 0.2375 0.0777778 0.0625 0.0666667
21 0.34375 0.0777778 0.15 0.0666667
21 0.38125 0.0777778 0.15 0.0666667
21 0.5125 0.0777778 0.1125 0.0666667
21 0.525 0.0666667 0.1125 0.0444444
19 0.5375 0.0777778 0.1125 0.0666667
19 0.5625 0.0777778 0.1125 0.0666667
4 0.5875 0.0777778 0.1125 0.0666667
4 0.575 0.0777778 0.0625 0.0666667
4 0.5875 0.0777778 0.0625 0.0666667
6 0.65625 0.0888889 0.125 0.0888889
6 0.63125 0.0888889 0.225 0.0888889
6 0.68125 0.0888889 0.15 0.0888889
6 0.69375 0.0888889 0.225 0.0888889
4 0.70625 0.0777778 0.225 0.111111
18 0.978125 0.0888889 0.04375 0.0888889
4 0.978125 0.1 0.04375 0.0222222
18 0.984375 0.1 0.03125 0.0222222
18 0.990625 0.0777778 0.01875 0.0666667
4 0.015625 0.111111 0.03125 0.0888889
8 0.040625 0.122222 0.08125 0.111111
8 0.053125 0.111111 0.10625 0.133333
65 0.084375 0.122222 0.16875 0.111111
43 0.1 0.111111 0.1625 0.0888889
6 0.10625 0.111111 0.175 0.0888889
4 0.1125 0.111111 0.1875 0.0888889
8 0.1125 0.111111 0.2125 0.0888889
6 0.1625 0.111111 0.1875 0.0888889
8 0.15625 0.111111 0.225 0.0888889
8 0.2125 0.111111 0.1375 0.0888889
43 0.225 0.111111 0.1875 0.0888889
21 0.33125 0.111111 0.225 0.0888889
8 0.36875 0.111111 0.275 0.0888889
8 0.4375 0.111111 0.1625 0.0888889
6 0.46875 0.111111 0.175 0.0888889
21 0.55 0.111111 0.1375 0.0888889
19 0.5625 0.1 0.1375 0.0666667
19 0.5875 0.1 0.1125 0.0666667
6 0.61875 0.122222 0.225 0.111111
6 0.66875 0.122222 0.15 0.111111
6 0.68125 0.111111 0.15 0.0888889
6 0.73125 0.1 0.15 0.0666667
4 0.74375 0.1 0.15 0.0666667
4 0.71875 0.111111 0.225 0.0888889
4 0.76875 0.122222 0.15 0.111111
19 0.75625 0.111111 0.225 0.0888889
20 0.79375 0.111111 0.175 0.0888889
21 0.81875 0.1 0.15 0.0666667
20 0.88125 0.111111 0.175 0.0888889
20 0.9125 0.111111 0.1375 0.0888889
20 0.928125 0.111111 0.14375 0.0888889
19 0.934375 0.111111 0.13125 0.0888889
4 0.921875 0.111111 0.15625 0.0888889
4 0.953125 0.1 0.09375 0.0666667
4 0.971875 0.1 0.05625 0.0666667
18 0.984375 0.1 0.03125 0.0666667
17 0.990625 0.1 0.01875 0.0666667
4 0.01875 0.122222 0.025 0.0666667
14 0.021875 0.144444 0.04375 0.111111
6 0.10625 0.133333 0.175 0.0888889
65 0.14375 0.133333 0.15 0.0888889
21 0.225 0.133333 0.1875 0.0888889
21 0.4 0.122222 0.2125 0.111111
6 0.4625 0.133333 0.1625 0.0888889
8 0.4625 0.133333 0.2125 0.0888889
21 0.5125 0.122222 0.2125 0.111111
21 0.55 0.122222 0.1625 0.111111
21 0.575 0.111111 0.1375 0.0888889
4 0.59375 0.111111 0.15 0.0888889
21 0.6 0.122222 0.2125 0.111111
6 0.68125 0.133333 0.15 0.0888889
6 0.71875 0.133333 0.15 0.0888889
6 0.69375 0.133333 0.225 0.0888889
6 0.74375 0.122222 0.175 0.111111
21 0.7625 0.122222 0.1625 0.111111
21 0.775 0.133333 0.1625 0.0888889
21 0.80625 0.133333 0.175 0.0888889
20 0.8875 0.133333 0.1875 0.0888889
21 0.915625 0.133333 0.16875 0.0888889
21 0.921875 0.122222 0.15625 0.111111
4 0.921875 0.133333 0.15625 0.0888889
4 0.953125 0.133333 0.09375 0.0888889
2 0.978125 0.122222 0.04375 0.0666667
4 0.984375 0.133333 0.03125 0.0444444
9 0.996875 0.144444 0.00625 0.0222222
14 0.015625 0.155556 0.03125 0.0888889
2 0.021875 0.166667 0.04375 0.111111
6 0.06875 0.155556 0.1 0.0888889
6 0.10625 0.166667 0.175 0.111111
6 0.13125 0.155556 0.15 0.0888889
44 0.175 0.155556 0.1625 0.133333
6 0.6375 0.155556 0.0875 0.133333
6 0.65625 0.166667 0.1 0.111111
6 0.6875 0.155556 0.1625 0.0888889
6 0.7125 0.177778 0.2375 0.0888889
6 0.75 0.188889 0.1625 0.0666667
21 0.85625 0.155556 0.125 0.0888889
21 0.8875 0.155556 0.1875 0.0888889
21 0.93125 0.155556 0.1 0.0888889
4 0.946875 0.166667 0.10625 0.0666667
2 0.984375 0.155556 0.03125 0.0444444
18 0.984375 0.155556 0.03125 0.0444444
4 0.996875 0.155556 0.00625 0.0444444
4 0.015625 0.188889 0.03125 0.0666667
4 0.046875 0.188889 0.09375 0.0666667
6 0.084375 0.177778 0.16875 0.0888889
6 0.1375 0.177778 0.1625 0.0888889
6 0.1625 0.188889 0.1625 0.0666667
6 0.175 0.177778 0.1625 0.0888889
6 0.19375 0.166667 0.15 0.111111
6 0.25 0.188889 0.1625 0.0666667
6 0.2875 0.188889 0.1625 0.0666667
6 0.325 0.188889 0.1625 0.0666667
6 0.33125 0.177778 0.175 0.0888889
65 0.35 0.177778 0.1625 0.0888889
6 0.45625 0.177778 0.175 0.0888889
6 0.48125 0.188889 0.175 0.111111
23 0.58125 0.177778 0.15 0.0888889
21 0.6 0.177778 0.1375 0.0888889
6 0.6 0.188889 0.1625 0.111111
6 0.63125 0.177778 0.225 0.0888889
6 0.8125 0.177778 0.1875 0.0888889
4 0.81875 0.177778 0.2 0.0888889
43 0.88125 0.166667 0.175 0.0666667
43 0.89375 0.177778 0.2 0.0888889
4 0.921875 0.177778 0.15625 0.0888889
2 0.921875 0.177778 0.15625 0.0888889
2 0.984375 0.166667 0.03125 0.0666667
9 0.984375 0.177778 0.03125 0.0444444
9 0.996875 0.188889 0.00625 0.0222222
4 0.01875 0.188889 0.025 0.0666667
4 0.015625 0.188889 0.03125 0.111111
6 0.10625 0.188889 0.175 0.111111
6 0.1375 0.2 0.1625 0.0888889
6 0.1875 0.188889 0.1375 0.111111
4 0.59375 0.188889 0.125 0.0666667
21 0.921875 0.177778 0.15625 0.0888889
4 0.915625 0.188889 0.16875 0.0666667
4 0.946875 0.188889 0.10625 0.0666667
2 0.984375 0.2 0.03125 0.0444444
9 0.984375 0.211111 0.03125 0.0222222
9 0.990625 0.211111 0.01875 0.0222222
4 0.01875 0.222222 0.025 0.0888889
9 0.025 0.211111 0.0375 0.111111
2 0.05625 0.222222 0.05 0.0888889
6 0.1 0.222222 0.1625 0.0888889
6 0.13125 0.222222 0.15 0.0888889
6 0.16875 0.222222 0.15 0.0888889
2 0.18125 0.222222 0.15 0.0888889
6 0.20625 0.222222 0.15 0.0888889
65 0.20625 0.222222 0.1 0.0888889
6 0.68125 0.222222 0.15 0.0888889
6 0.7 0.211111 0.1375 0.0666667
4 0.74375 0.211111 0.125 0.111111
2 0.75625 0.222222 0.125 0.0888889
2 0.76875 0.211111 0.125 0.0666667
4 0.89375 0.211111 0.175 0.0666667
4 0.9125 0.222222 0.1375 0.0888889
6 0.946875 0.211111 0.10625 0.0666667
4 0.953125 0.211111 0.09375 0.0666667
2 0.971875 0.211111 0.05625 0.0666667
2 0.978125 0.222222 0.04375 0.0888889
4 0.984375 0.222222 0.03125 0.0444444
4 0.990625 0.233333 0.01875 0.0222222
4 0.01875 0.244444 0.025 0.0888889
4 0.025 0.244444 0.0375 0.133333
2 0.05 0.255556 0.0375 0.111111
6 0.18125 0.233333 0.15 0.0666667
2 0.19375 0.244444 0.15 0.0888889
2 0.2375 0.244444 0.1375 0.0888889
19 0.5625 0.233333 0.1375 0.111111
6 0.675 0.244444 0.1375 0.0888889
2 0.675 0.233333 0.1625 0.0666667
4 0.7375 0.233333 0.0625 0.0666667
2 0.7375 0.244444 0.0875 0.0888889
2 0.74375 0.233333 0.1 0.0666667
21 0.9125 0.244444 0.1125 0.0888889
2 0.94375 0.244444 0.075 0.0888889
4 0.95 0.255556 0.0875 0.0666667
4 0.915625 0.255556 0.16875 0.0666667
2 0.978125 0.244444 0.04375 0.0444444
4 0.984375 0.244444 0.03125 0.0444444
4 0.99375 0.244444 0 0.0444444
8 0.025 0.277778 0.0375 0.111111
2 0.028125 0.277778 0.05625 0.111111
2 0.06875 0.266667 0.075 0.0888889
4 0.09375 0.266667 0.15 0.0888889
2 0.1 0.266667 0.1625 0.0888889
2 0.20625 0.266667 0.175 0.0888889
2 0.2375 0.266667 0.1625 0.0888889
2 0.66875 0.255556 0.15 0.0666667
