4 0.55 0.0111111 0.1625 0.0222222
10 0.575 0.0111111 0.0125 0.0222222
62 0.6 0 0.0125 0
62 0.6125 0 0.0125 0
25 0.61875 0 0 0
25 0.6625 0.0111111 0.0625 0.0222222
60 0.875 0.0111111 0.0875 0.0222222
28 0.8875 0.0111111 0.0625 0.0222222
28 0.9 0 0.0625 0
12 0.91875 0 0.075 0
59 0.95 0 0.0625 0
14 0.978125 0.0111111 0.04375 0.0222222
4 0.978125 0.0111111 0.04375 0.0222222
9 0.978125 0.0111111 0.04375 0.0222222
7 0.021875 0.0222222 0.04375 0.0444444
11 0.075 0.0222222 0.0125 0.0444444
4 0.525 0.0111111 0.1125 0.0222222
4 0.5375 0.0111111 0.0125 0.0222222
28 0.55625 0.0111111 0 0.0222222
28 0.575 0.0111111 0.0125 0.0222222
25 0.58125 0.0111111 0 0.0222222
25 0.59375 0.0111111 0 0.0222222
25 0.60625 0.0111111 0 0.0222222
25 0.65 0.0111111 0.0625 0.0222222
59 0.6625 0.0111111 0.0625 0.0222222
37 0.8 0.0111111 0.0625 0.0222222
62 0.8125 0.0111111 0.0625 0.0222222
4 0.81875 0.0111111 0.075 0.0222222
60 0.93125 0.0111111 0.075 0.0222222
60 0.959375 0.0111111 0.08125 0.0222222
0 0.978125 0.0111111 0.04375 0.0222222
62 0.00625 0.0222222 0 0.0444444
1 0.01875 0.0222222 0 0.0444444
1 0.0375 0.0222222 0.0125 0.0444444
1 0.04375 0.0222222 0 0.0444444
1 0.05625 0.0222222 0 0.0444444
1 0.06875 0.0222222 0 0.0444444
1 0.046875 0.0222222 0.09375 0.0444444
20 0.10625 0.0333333 0.05 0.0666667
21 0.978125 0.0222222 0.04375 0.0444444
62 0.00625 0.0444444 0 0.0444444
11 0.01875 0.0555556 0 0.0222222
11 0.03125 0.0444444 0 0.0444444
11 0.04375 0.0444444 0 0.0444444
12 0.05625 0.0444444 0 0.0444444
11 0.06875 0.0444444 0 0.0444444
12 0.978125 0.0222222 0.04375 0.0444444
11 0.00625 0.0666667 0 0.0444444
11 0.01875 0.0666667 0 0.0444444
11 0.03125 0.0666667 0 0.0444444
11 0.04375 0.0555556 0 0.0222222
11 0.05625 0.0666667 0 0.0444444
12 0.06875 0.0666667 0 0.0444444
64 0.08125 0.0555556 0 0.0666667
11 0.65625 0.1 0.025 0.0222222
1 0.66875 0.0888889 0.025 0.0444444
0 0.68125 0.0777778 0.025 0.111111
1 0.69375 0.0888889 0.025 0.0888889
0 0.59375 0.0888889 0.025 0.0888889
0 0.60625 0.0888889 0.025 0.0888889
26 0.6125 0.0888889 0.0375 0.0888889
1 0.61875 0.1 0.025 0.0666667
26 0.6625 0.1 0.0625 0.0666667
26 0.675 0.1 0.0625 0.0666667
26 0.6875 0.1 0.0625 0.0666667
1 0.68125 0.1 0.025 0.0666667
1 0.70625 0.0888889 0.025 0.0888889
3 0.75 0.0888889 0.0625 0.133333
11 0.959375 0.144444 0.08125 0.0666667
11 0.3125 0.133333 0.0625 0.0888889
9 0.31875 0.122222 0.025 0.0666667
11 0.35 0.133333 0.0625 0.0888889
11 0.375 0.133333 0.0625 0.0444444
26 0.5625 0.1 0.0625 0.2
11 0.56875 0.0777778 0.025 0.155556
11 0.58125 0.0777778 0.025 0.155556
11 0.59375 0.0777778 0.05 0.155556
3 0.625 0.0777778 0.0625 0.155556
1 0.61875 0.111111 0.05 0.0888889
1 0.625 0.0888889 0.0375 0.177778
60 0.6625 0.144444 0.0875 0.0666667
60 0.66875 0.155556 0.1 0.0888889
59 0.71875 0.0777778 0.075 0.155556
3 0.75 0.122222 0.0625 0.0666667
11 0.7625 0.122222 0.0625 0.0666667
11 0.26875 0.166667 0.075 0.0666667
10 0.36875 0.144444 0.05 0.0666667
23 0.43125 0.155556 0.075 0.0444444
10 0.5375 0.166667 0.0375 0.0666667
28 0.5625 0.177778 0.0875 0.0444444
1 0.56875 0.177778 0.025 0.0444444
60 0.59375 0.111111 0.1 0.222222
59 0.6 0.111111 0.1125 0.222222
59 0.6 0.166667 0.1125 0.111111
1 0.6375 0.144444 0.0375 0.0666667
50 0.6625 0.155556 0.1125 0.0888889
60 0.25 0.177778 0.0625 0.0888889
60 0.2625 0.177778 0.1625 0.0888889
60 0.275 0.188889 0.0875 0.111111
60 0.33125 0.188889 0.1 0.111111
50 0.4125 0.177778 0.1125 0.0444444
60 0.3875 0.188889 0.1125 0.0666667
3 0.4375 0.166667 0.0375 0.0666667
10 0.44375 0.166667 0.025 0.0666667
55 0.5625 0.177778 0.0375 0.0444444
60 0.6 0.177778 0.1125 0.133333
3 0.2 0.188889 0.1375 0.0666667
60 0.23125 0.177778 0.075 0.0888889
22 0.23125 0.177778 0.1 0.0888889
60 0.25 0.188889 0.0875 0.111111
60 0.2875 0.188889 0.1375 0.111111
60 0.375 0.2 0.1375 0.0888889
60 0.38125 0.211111 0.125 0.0666667
55 0.8 0.2 0.0625 0.0444444
50 0.8375 0.211111 0.1125 0.0666667
47 0.85 0.188889 0.1125 0.0666667
47 0.8625 0.2 0.1125 0.0888889
47 0.8875 0.2 0.1125 0.0888889
20 0.9 0.188889 0.1375 0.0666667
20 0.90625 0.2 0.125 0.0888889
14 0.89375 0.2 0.075 0.0888889
74 0.98125 0.2 0.025 0.133333
67 0.05625 0.222222 0.1 0.0444444
29 0.125 0.233333 0.1375 0.0666667
51 0.1875 0.244444 0.0875 0.0888889
60 0.89375 0.222222 0.125 0.0444444
18 0.90625 0.222222 0.125 0.0444444
60 0.9125 0.211111 0.1375 0.0666667
18 0.8875 0.211111 0.0625 0.0666667
29 0.9125 0.211111 0.0625 0.0666667
18 0.90625 0.2 0.05 0.0444444
59 0.98125 0.233333 0.025 0.0666667
60 0.984375 0.244444 0.03125 0.0888889
68 0.05625 0.244444 0.1 0.0444444
47 0.13125 0.255556 0.125 0.0666667
20 0.14375 0.255556 0.125 0.0666667
60 0.14375 0.244444 0.1 0.0888889
49 0.18125 0.244444 0.075 0.0888889
3 0.325 0.244444 0.0625 0.0888889
60 0.34375 0.255556 0.075 0.0666667
8 0.65625 0.211111 0.125 0.111111
8 0.63125 0.211111 0.05 0.111111
47 0.8625 0.255556 0.0125 0.0666667
14 0.89375 0.255556 0.05 0.0666667
10 0.91875 0.244444 0.025 0.0444444
60 0.9625 0.255556 0.0125 0.0666667
18 0.96875 0.244444 0.025 0.0444444
18 0.98125 0.244444 0.025 0.0888889
60 0.98125 0.244444 0.025 0.0888889
35 0.025 0.266667 0.0125 0.0444444
4 0.13125 0.277778 0.125 0.0666667
4 0.125 0.266667 0.0625 0.0444444
50 0.11875 0.266667 0.025 0.0444444
26 0.28125 0.222222 0.075 0.177778
3 0.3 0.255556 0.0625 0.0666667
1 0.31875 0.255556 0.075 0.0666667
3 0.33125 0.266667 0.05 0.0888889
3 0.34375 0.255556 0.075 0.0666667
26 0.6625 0.288889 0.1125 0.0444444
29 0.6375 0.288889 0.0625 0.0444444
29 0.64375 0.277778 0.05 0.0666667
29 0.71875 0.266667 0.125 0.0888889
60 0.73125 0.266667 0.125 0.0888889
8 0.9 0.266667 0.0625 0.0888889
8 0.9125 0.266667 0.0625 0.0888889
8 0.91875 0.266667 0.025 0.0444444
35 0.9125 0.266667 0.0125 0.0444444
35 0.93125 0.266667 0 0.0444444
35 0.95 0.266667 0.0125 0.0444444
10 0.95625 0.266667 0 0.0444444
18 0.975 0.266667 0.0375 0.0444444
49 0.98125 0.255556 0.025 0.111111
47 0.98125 0.255556 0.025 0.111111
3 0.31875 0.266667 0.075 0.0888889
17 0.44375 0.311111 0.075 0.0444444
3 0.6 0.288889 0.0625 0.0444444
3 0.61875 0.288889 0.075 0.0444444
54 0.63125 0.288889 0.05 0.0444444
59 0.6375 0.3 0.0375 0.0666667
29 0.65625 0.3 0.1 0.0666667
16 0.6875 0.288889 0.0375 0.0444444
16 0.69375 0.288889 0.025 0.0444444
37 0.7125 0.3 0.0875 0.0222222
55 0.8875 0.3 0.0875 0.0666667
16 0.9 0.3 0.0625 0.0666667
46 0.91875 0.3 0.075 0.0666667
55 0.953125 0.288889 0.09375 0.0444444
68 0.93125 0.288889 0 0.0444444
58 0.9375 0.3 0.0375 0.0666667
17 0.975 0.288889 0.0375 0.0444444
60 0.98125 0.266667 0.025 0.133333
16 0.425 0.3 0.0625 0.0222222
16 0.43125 0.311111 0.075 0.0444444
10 0.4375 0.311111 0.0625 0.0444444
16 0.45 0.3 0.0375 0.0666667
10 0.5125 0.311111 0.0375 0.0888889
3 0.6875 0.3 0.0375 0.0222222
16 0.6875 0.3 0.0375 0.0222222
26 0.95 0.3 0.0375 0.0666667
21 0.975 0.311111 0.0375 0.0444444
11 0.984375 0.255556 0.03125 0.155556
16 0.45625 0.311111 0.125 0.0444444
16 0.4625 0.322222 0.1375 0.0666667
17 0.4625 0.322222 0.0875 0.0666667
3 0.66875 0.322222 0.075 0.0666667
59 0.6875 0.322222 0.0875 0.0666667
12 0.984375 0.3 0.03125 0.2
37 0.4125 0.366667 0.0375 0.0666667
25 0.4375 0.366667 0.0875 0.0666667
60 0.46875 0.366667 0.075 0.111111
49 0.68125 0.344444 0.1 0.0666667
60 0.6875 0.344444 0.0875 0.0666667
29 0.034375 0.377778 0.06875 0.0444444
43 0.10625 0.388889 0.175 0.0666667
29 0.13125 0.388889 0.175 0.0666667
43 0.14375 0.377778 0.175 0.0444444
8 0.19375 0.388889 0.075 0.0666667
29 0.19375 0.388889 0.1 0.0666667
17 0.40625 0.377778 0.025 0.0444444
60 0.4375 0.377778 0.0875 0.0444444
25 0.44375 0.388889 0.1 0.0666667
60 0.81875 0.388889 0.1 0.0666667
53 0.81875 0.388889 0.125 0.0666667
35 0.85 0.4 0.1125 0.0888889
27 0.9 0.377778 0.0625 0.0444444
29 0.053125 0.4 0.10625 0.0444444
29 0.034375 0.4 0.06875 0.0444444
17 0.1625 0.4 0.1625 0.0888889
17 0.18125 0.4 0.075 0.0444444
23 0.19375 0.411111 0.075 0.0666667
43 0.21875 0.4 0.175 0.0444444
8 0.24375 0.4 0.175 0.0444444
34 0.26875 0.411111 0.125 0.111111
17 0.40625 0.4 0.025 0.0444444
23 0.44375 0.411111 0.1 0.111111
17 0.46875 0.4 0.15 0.0888889
67 0.59375 0.422222 0.025 0.0444444
67 0.61875 0.422222 0.075 0.0444444
8 0.625 0.411111 0.0375 0.0222222
8 0.625 0.422222 0.0375 0.0444444
4 0.63125 0.422222 0.05 0.0444444
35 0.89375 0.4 0.075 0.0888889
27 0.9 0.388889 0.0625 0.0666667
26 0.90625 0.4 0.075 0.0444444
29 0.053125 0.444444 0.10625 0.0444444
10 0.0125 0.433333 0.0125 0.0666667
29 0.1125 0.433333 0.0125 0.0222222
17 0.125 0.444444 0.0125 0.0444444
17 0.14375 0.433333 0.025 0.0222222
17 0.175 0.411111 0.0875 0.0666667
17 0.16875 0.422222 0.225 0.0444444
17 0.2 0.422222 0.0625 0.0444444
17 0.2125 0.422222 0.0625 0.0444444
17 0.28125 0.422222 0.1 0.0444444
17 0.275 0.433333 0.0875 0.0666667
26 0.46875 0.355556 0.05 0.222222
26 0.53125 0.411111 0.025 0.111111
26 0.54375 0.433333 0.025 0.0666667
60 0.58125 0.422222 0.05 0.0444444
48 0.5875 0.433333 0.0375 0.0666667
60 0.6125 0.433333 0.0125 0.0666667
48 0.625 0.422222 0.0375 0.0444444
59 0.625 0.422222 0.0375 0.0444444
25 0.6625 0.422222 0.0625 0.0444444
25 0.675 0.433333 0.0625 0.0222222
29 0.68125 0.433333 0.075 0.0222222
34 0.9 0.411111 0.1125 0.111111
32 0.89375 0.433333 0.075 0.0666667
35 0.90625 0.433333 0.05 0.0666667
35 0.91875 0.433333 0.05 0.0666667
17 0.925 0.433333 0.0625 0.0666667
17 0.925 0.422222 0.0375 0.0444444
17 0.9625 0.433333 0.0625 0.0222222
17 0.95625 0.422222 0.025 0.0444444
17 0.053125 0.455556 0.10625 0.0666667
11 0.009375 0.444444 0.01875 0.0888889
17 0.125 0.444444 0.1625 0.0444444
17 0.13125 0.455556 0.025 0.0222222
17 0.14375 0.455556 0.025 0.0222222
17 0.175 0.455556 0.0625 0.0222222
17 0.1875 0.455556 0.0625 0.0222222
17 0.225 0.455556 0.1125 0.0222222
17 0.1875 0.455556 0.0125 0.0222222
17 0.23125 0.455556 0.05 0.0222222
17 0.25 0.455556 0.0625 0.0222222
4 0.275 0.444444 0.0625 0.0444444
4 0.2875 0.444444 0.0625 0.0444444
17 0.325 0.444444 0.1125 0.0444444
29 0.44375 0.455556 0.025 0.0222222
26 0.475 0.455556 0.0375 0.0222222
26 0.4875 0.366667 0.0375 0.2
17 0.50625 0.366667 0.05 0.2
26 0.5125 0.366667 0.0375 0.2
25 0.525 0.455556 0.0375 0.0222222
26 0.5375 0.455556 0.0375 0.0222222
60 0.6 0.433333 0.0375 0.0666667
25 0.625 0.433333 0.0375 0.0666667
49 0.625 0.433333 0.0375 0.0666667
17 0.675 0.433333 0.0625 0.0222222
35 0.8875 0.433333 0.0875 0.0666667
