8 0.034375 0.0444444 0.06875 0.0888889
2 0.040625 0.0444444 0.08125 0.0888889
2 0.046875 0.0222222 0.09375 0.0444444
4 0.05625 0.0222222 0.1 0.0444444
4 0.075 0.0444444 0.1125 0.0888889
3 0.1 0.0222222 0.1125 0.0444444
3 0.1125 0.0111111 0.1125 0.0222222
3 0.1 0.0111111 0.0625 0.0222222
1 0.13125 0.0111111 0.1 0.0222222
4 0.16875 0.0111111 0.15 0.0222222
4 0.19375 0.0111111 0.125 0.0222222
4 0.23125 0.0111111 0.175 0.0222222
4 0.2625 0.0444444 0.1625 0.0888889
4 0.29375 0.0444444 0.15 0.0888889
44 0.3 0.0111111 0.1125 0.0222222
26 0.3125 0.0111111 0.1125 0.0222222
44 0.35 0.0444444 0.1625 0.0888889
4 0.3625 0.0444444 0.1625 0.0888889
4 0.4 0.0444444 0.1625 0.0888889
4 0.43125 0.0444444 0.15 0.0888889
4 0.4625 0.0444444 0.1625 0.0888889
4 0.49375 0.0444444 0.15 0.0888889
4 0.5375 0.0222222 0.1375 0.0444444
4 0.575 0.0222222 0.1625 0.0444444
4 0.575 0.0444444 0.1625 0.0888889
2 0.6 0.0444444 0.1375 0.0888889
2 0.58125 0.0111111 0.075 0.0222222
1 0.61875 0.0222222 0.125 0.0444444
3 0.6125 0.0222222 0.0625 0.0444444
3 0.625 0.0111111 0.0625 0.0222222
1 0.6375 0.0111111 0.0625 0.0222222
1 0.65 0.0111111 0.0625 0.0222222
1 0.66875 0.0111111 0.075 0.0222222
3 0.6875 0.0111111 0.0625 0.0222222
3 0.70625 0 0.075 0
10 0.7 0 0.0875 0
13 0.69375 0.0111111 0.2 0.0222222
10 0.75 0.0111111 0.0875 0.0222222
30 0.75 0.0111111 0.0625 0.0222222
8 0.034375 0.0222222 0.06875 0.0444444
2 0.040625 0.0222222 0.08125 0.0444444
2 0.0625 0.0222222 0.0875 0.0444444
3 0.08125 0.0111111 0.1 0.0222222
31 0.1125 0.0111111 0.0625 0.0222222
1 0.1125 0.0111111 0.0625 0.0222222
1 0.125 0.0222222 0.0625 0.0444444
1 0.14375 0.0111111 0.05 0.0222222
1 0.1625 0.0111111 0.0625 0.0222222
1 0.1875 0.0222222 0.0875 0.0444444
29 0.2 0.0222222 0.0625 0.0444444
2 0.225 0.0222222 0.0875 0.0444444
2 0.25 0.0222222 0.1125 0.0444444
25 0.2625 0.0222222 0.0875 0.0444444
29 0.2875 0.0111111 0.0875 0.0222222
25 0.30625 0.0111111 0.1 0.0222222
25 0.35625 0.0111111 0.15 0.0222222
25 0.3625 0.0222222 0.1625 0.0444444
2 0.38125 0.0222222 0.15 0.0444444
1 0.39375 0.0222222 0.1 0.0444444
2 0.40625 0.0222222 0.1 0.0444444
2 0.425 0.0222222 0.0875 0.0444444
2 0.46875 0.0222222 0.125 0.0444444
1 0.4875 0.0222222 0.1125 0.0444444
2 0.5125 0.0222222 0.1125 0.0444444
25 0.53125 0.0222222 0.1 0.0444444
25 0.55 0.0222222 0.0875 0.0444444
2 0.575 0.0222222 0.1125 0.0444444
2 0.5875 0.0222222 0.0625 0.0444444
2 0.60625 0.0222222 0.1 0.0444444
3 0.6125 0.0222222 0.0625 0.0444444
3 0.625 0.0222222 0.0375 0.0444444
1 0.6375 0.0111111 0.0375 0.0222222
1 0.65 0.0111111 0.0625 0.0222222
1 0.675 0.0111111 0.0875 0.0222222
3 0.6875 0.0111111 0.0625 0.0222222
3 0.675 0.0222222 0.0875 0.0444444
1 0.725 0.0222222 0.0375 0.0444444
3 0.73125 0.0222222 0.05 0.0444444
44 0.7875 0.0111111 0.0625 0.0222222
8 0.059375 0.0222222 0.11875 0.0444444
64 0.065625 0.0222222 0.13125 0.0444444
1 0.05 0.0222222 0.0625 0.0444444
2 0.075 0.0222222 0.1375 0.0444444
29 0.0875 0.0222222 0.1375 0.0444444
8 0.084375 0.0333333 0.16875 0.0666667
8 0.10625 0.0333333 0.15 0.0666667
30 0.1125 0.0222222 0.1625 0.0444444
4 0.11875 0.0222222 0.175 0.0444444
1 0.1375 0.0222222 0.1625 0.0444444
4 0.15 0.0333333 0.1625 0.0222222
1 0.18125 0.0333333 0.125 0.0222222
1 0.1625 0.0222222 0.1125 0.0444444
13 0.1875 0.0222222 0.1125 0.0444444
4 0.19375 0.0222222 0.1 0.0444444
2 0.20625 0.0333333 0.1 0.0666667
2 0.25 0.0333333 0.1625 0.0666667
2 0.275 0.0444444 0.1375 0.0444444
3 0.28125 0.0444444 0.15 0.0444444
2 0.3125 0.0444444 0.1375 0.0444444
2 0.3375 0.0333333 0.1875 0.0666667
2 0.31875 0.0333333 0.125 0.0666667
2 0.39375 0.0333333 0.15 0.0666667
2 0.4125 0.0222222 0.1625 0.0444444
2 0.4625 0.0333333 0.1625 0.0666667
2 0.5125 0.0333333 0.1625 0.0666667
2 0.5125 0.0333333 0.1125 0.0666667
8 0.525 0.0333333 0.1125 0.0666667
8 0.5625 0.0333333 0.1625 0.0666667
2 0.575 0.0333333 0.1625 0.0666667
2 0.60625 0.0333333 0.175 0.0666667
1 0.68125 0.0222222 0.075 0.0444444
8 0.68125 0.0222222 0.1 0.0444444
4 0.65 0.0222222 0.1125 0.0444444
13 0.66875 0.0222222 0.1 0.0444444
26 0.7125 0.0222222 0.0125 0.0444444
8 0.065625 0.0666667 0.13125 0.0444444
26 0.065625 0.0333333 0.13125 0.0666667
25 0.0375 0.0333333 0.0625 0.0666667
29 0.05 0.0333333 0.0625 0.0666667
29 0.05 0.0222222 0.0625 0.0444444
29 0.065625 0.0333333 0.13125 0.0666667
1 0.075 0.0333333 0.1375 0.0666667
1 0.1125 0.0333333 0.1625 0.0666667
4 0.1125 0.0333333 0.1875 0.0666667
4 0.1 0.0444444 0.1375 0.0444444
4 0.125 0.0444444 0.0875 0
4 0.15625 0.0444444 0.025 0
4 0.13125 0.0444444 0.075 0
1 0.15 0.0555556 0.1125 0.0222222
1 0.16875 0.0555556 0.1 0.0222222
1 0.175 0.0444444 0.1125 0.0444444
1 0.20625 0.0444444 0.1 0.0444444
1 0.24375 0.0555556 0.175 0.0666667
2 0.26875 0.0555556 0.175 0.0222222
3 0.28125 0.0555556 0.175 0.0222222
3 0.26875 0.0555556 0.1 0.0222222
8 0.31875 0.0555556 0.175 0.0222222
3 0.3 0.0666667 0.1125 0.0444444
8 0.34375 0.0666667 0.175 0.0444444
3 0.33125 0.0555556 0.1 0.0222222
8 0.41875 0.0555556 0.1 0.0222222
3 0.4 0.0555556 0.1625 0.0222222
8 0.40625 0.0555556 0.175 0.0222222
4 0.41875 0.0555556 0.175 0.0222222
3 0.43125 0.0555556 0.175 0.0222222
3 0.46875 0.0555556 0.175 0.0222222
2 0.48125 0.0555556 0.175 0.0222222
3 0.50625 0.0555556 0.175 0.0222222
3 0.54375 0.0555556 0.175 0.0222222
1 0.55625 0.0555556 0.175 0.0222222
3 0.58125 0.0555556 0.175 0.0222222
8 0.5875 0.0555556 0.1125 0.0222222
44 0.6 0.0555556 0.1125 0.0222222
13 0.65625 0.0444444 0.025 0.0444444
13 0.675 0.0444444 0.0875 0.0444444
8 0.65625 0.0444444 0.125 0.0444444
8 0.7 0.0555556 0.1875 0.0222222
29 0.66875 0.0555556 0.1 0.0222222
29 0.825 0.0555556 0.0875 0.0666667
29 0.825 0.0444444 0.0875 0.0444444
3 0.8375 0.0444444 0.0875 0.0444444
43 0.8375 0.0333333 0.0875 0.0666667
2 0.88125 0.0333333 0.05 0.0666667
65 0.9125 0.0444444 0.1125 0.0888889
10 0.93125 0.0333333 0.1 0.0666667
43 0.971875 0.0444444 0.05625 0.0888889
8 0.021875 0.0666667 0.04375 0.0444444
29 0.0375 0.0666667 0.0625 0.0444444
34 0.08125 0.0555556 0.125 0.0666667
1 0.09375 0.0444444 0.125 0.0888889
1 0.075 0.0555556 0.1125 0.0666667
1 0.1 0.0666667 0.1125 0.0444444
4 0.1125 0.0555556 0.0875 0.0666667
1 0.125 0.0444444 0.0875 0.0444444
4 0.1625 0.0444444 0.1125 0.0444444
4 0.1625 0.0555556 0.1375 0.0666667
1 0.1625 0.0555556 0.1125 0.0666667
1 0.1875 0.0666667 0.1125 0.0444444
1 0.24375 0.0666667 0.175 0.0444444
1 0.25625 0.0777778 0.175 0.0222222
1 0.2375 0.0777778 0.1125 0.0222222
8 0.28125 0.0777778 0.175 0.0222222
8 0.275 0.0777778 0.1125 0.0222222
8 0.3125 0.0666667 0.1375 0.0444444
4 0.3 0.0666667 0.1125 0.0444444
4 0.325 0.0666667 0.1125 0.0444444
8 0.3875 0.0666667 0.1625 0.0444444
8 0.3875 0.0777778 0.1625 0.0222222
8 0.375 0.0666667 0.1125 0.0444444
1 0.425 0.0666667 0.1625 0.0444444
1 0.4 0.0777778 0.1125 0.0222222
1 0.425 0.0777778 0.1125 0.0222222
26 0.4375 0.0777778 0.1125 0.0222222
26 0.45 0.0666667 0.1125 0.0444444
13 0.4625 0.0777778 0.1125 0.0222222
1 0.4875 0.0666667 0.1125 0.0444444
1 0.50625 0.0777778 0.1 0.0222222
13 0.53125 0.0777778 0.1 0.0222222
1 0.54375 0.0777778 0.1 0.0222222
8 0.59375 0.0666667 0.175 0.0444444
8 0.59375 0.0666667 0.1 0.0444444
13 0.6125 0.0777778 0.1125 0.0222222
8 0.64375 0.0777778 0.125 0.0222222
8 0.66875 0.0555556 0.125 0.0666667
25 0.6625 0.0555556 0.1125 0.0666667
8 0.66875 0.0555556 0.075 0.0666667
29 0.675 0.0777778 0.0875 0.0222222
60 0.7625 0.0555556 0.1125 0.0666667
31 0.825 0.0666667 0.0875 0.0444444
8 0.8 0.0555556 0.1375 0.0666667
3 0.83125 0.0777778 0.075 0.111111
3 0.89375 0.0444444 0.05 0.0888889
44 0.9125 0.0555556 0.0375 0.0666667
15 0.93125 0.0444444 0.05 0.0888889
1 0.9375 0.0666667 0.0375 0.0888889
2 0.94375 0.0666667 0.05 0.0888889
1 0.94375 0.0888889 0.075 0.177778
26 0.971875 0.0666667 0.05625 0.133333
4 0.053125 0.1 0.10625 0.0666667
8 0.034375 0.0888889 0.06875 0.0444444
4 0.0375 0.0888889 0.0625 0.0444444
4 0.05 0.0888889 0.0625 0.0444444
34 0.046875 0.0777778 0.09375 0.0222222
4 0.05 0.0777778 0.0875 0.0222222
1 0.0625 0.0777778 0.1125 0.0222222
4 0.0875 0.0777778 0.0875 0.0222222
2 0.1125 0.0888889 0.1125 0.0444444
2 0.11875 0.0777778 0.1 0.0222222
2 0.15 0.0666667 0.1375 0.0888889
2 0.1625 0.0888889 0.1375 0.0444444
4 0.1625 0.0888889 0.1125 0.0444444
2 0.20625 0.0888889 0.175 0.0444444
4 0.2125 0.0888889 0.1875 0.0444444
4 0.225 0.1 0.1875 0.0222222
1 0.2125 0.1 0.1125 0.0222222
8 0.24375 0.1 0.1 0.0222222
8 0.2625 0.1 0.1125 0.0222222
8 0.28125 0.0888889 0.1 0.0444444
13 0.29375 0.0888889 0.1 0.0444444
13 0.31875 0.0888889 0.1 0.0444444
1 0.33125 0.1 0.1 0.0222222
13 0.34375 0.1 0.1 0.0222222
8 0.35625 0.1 0.1 0.0222222
8 0.3875 0.1 0.1375 0.0222222
1 0.39375 0.1 0.1 0.0222222
4 0.40625 0.1 0.1 0.0222222
13 0.4125 0.1 0.1125 0.0222222
8 0.44375 0.1 0.125 0.0222222
8 0.475 0.1 0.1125 0.0222222
13 0.475 0.1 0.1125 0.0222222
4 0.4875 0.1 0.1125 0.0222222
13 0.5 0.1 0.1125 0.0222222
8 0.5125 0.1 0.1125 0.0222222
8 0.5375 0.1 0.1125 0.0222222
13 0.5875 0.1 0.1375 0.0222222
8 0.59375 0.1 0.1 0.0222222
8 0.61875 0.1 0.125 0.0222222
34 0.6125 0.1 0.1125 0.0222222
8 0.675 0.1 0.0625 0.0222222
6 0.66875 0.0888889 0.125 0.0444444
43 0.6625 0.0777778 0.1125 0.0666667
8 0.66875 0.0888889 0.1 0.0444444
8 0.6875 0.0888889 0.0875 0.0444444
29 0.6875 0.0888889 0.1125 0.0444444
2 0.79375 0.133333 0.05 0.133333
2 0.81875 0.111111 0.1 0.0888889
2 0.825 0.111111 0.0625 0.0444444
8 0.825 0.111111 0.0625 0.0444444
43 0.83125 0.111111 0.075 0.0444444
3 0.90625 0.111111 0.05 0.0444444
31 0.93125 0.111111 0.1 0.0444444
64 0.9375 0.0777778 0.0625 0.0666667
1 0.94375 0.111111 0.05 0.0888889
1 0.95625 0.111111 0.05 0.177778
1 0.971875 0.0888889 0.05625 0.133333
4 0.059375 0.0888889 0.11875 0.0888889
8 0.05 0.1 0.0625 0.0666667
3 0.0375 0.111111 0.0625 0.0444444
4 0.04375 0.1 0.05 0.0666667
0 0.05 0.111111 0.0625 0.0444444
4 0.046875 0.111111 0.09375 0
2 0.05 0.111111 0.0875 0
1 0.0625 0.1 0.1125 0.0222222
1 0.06875 0.0888889 0.1 0.0444444
1 0.08125 0.1 0.075 0.0222222
1 0.18125 0.1 0.275 0.0666667
2 0.11875 0.122222 0.1 0.0222222
1 0.15625 0.1 0.125 0.0222222
25 0.15625 0.1 0.125 0.0222222
25 0.1625 0.1 0.1125 0.0666667
4 0.2125 0.1 0.1875 0.0666667
4 0.2125 0.111111 0.1375 0.0444444
25 0.24375 0.111111 0.15 0.0444444
25 0.21875 0.111111 0.125 0.0444444
8 0.23125 0.111111 0.125 0.0444444
8 0.24375 0.122222 0.1 0.0222222
8 0.26875 0.111111 0.1 0.0444444
8 0.3125 0.111111 0.1375 0.0444444
29 0.30625 0.111111 0.1 0.0444444
13 0.34375 0.111111 0.15 0.0444444
