21 0.54375 0.0222222 0.025 0.0444444
11 0.54375 0.0222222 0.025 0.0444444
0 0.55625 0.0222222 0.025 0.0444444
55 0.625 0.0222222 0.0125 0.0444444
55 0.6375 0.0222222 0.0125 0.0444444
67 0.65625 0.0222222 0.025 0.0444444
8 0.65625 0.0333333 0.025 0.0666667
8 0.675 0.0444444 0.0125 0.0888889
8 0.73125 0.0444444 0.1 0.0888889
8 0.68125 0.0222222 0.2 0.0444444
29 0.69375 0.0222222 0.25 0.0444444
67 0.4875 0.0333333 0.1625 0.0666667
12 0.54375 0.0333333 0.025 0.0666667
78 0.5625 0.0333333 0.0375 0.0666667
59 0.575 0.0333333 0.0625 0.0666667
59 0.58125 0.0333333 0.05 0.0666667
67 0.625 0.0333333 0.0625 0.0666667
67 0.65 0.0333333 0.0625 0.0666667
26 0.65625 0.0333333 0.05 0.0666667
21 0.946875 0.0222222 0.10625 0.0444444
26 0.53125 0.0333333 0.025 0.0666667
26 0.55625 0.0333333 0.05 0.0666667
26 0.63125 0.0333333 0.1 0.0666667
26 0.66875 0.0333333 0.2 0.0666667
69 0.6625 0.0333333 0.2375 0.0666667
67 0.0875 0.0555556 0.1125 0.0666667
29 0.275 0.0444444 0.1875 0.0888889
29 0.2875 0.0333333 0.1875 0.0666667
29 0.3125 0.0444444 0.1875 0.0888889
45 0.35 0.0444444 0.1875 0.0888889
54 0.38125 0.0444444 0.175 0.0888889
54 0.425 0.0444444 0.1625 0.0888889
44 0.44375 0.0555556 0.15 0.0666667
44 0.45 0.0444444 0.1625 0.0888889
43 0.45625 0.0444444 0.175 0.0888889
29 0.4625 0.0444444 0.1875 0.0888889
44 0.48125 0.0444444 0.175 0.0888889
54 0.5125 0.0555556 0.1875 0.0666667
48 0.475 0.0666667 0.0875 0.0444444
28 0.4875 0.0666667 0.0875 0.0444444
54 0.53125 0.0666667 0.025 0.0888889
57 0.5375 0.0666667 0.0375 0.0888889
60 0.55625 0.0666667 0.025 0.0888889
60 0.5875 0.0555556 0.0625 0.0666667
60 0.60625 0.0555556 0.025 0.0666667
57 0.60625 0.0666667 0.025 0.0444444
57 0.625 0.0666667 0.0375 0.0444444
57 0.63125 0.0777778 0.025 0.0666667
57 0.63125 0.1 0.1 0.155556
60 0.6625 0.0666667 0.0375 0.0888889
26 0.68125 0.0666667 0.075 0.0888889
60 0.7125 0.0444444 0.1375 0.0888889
8 0.69375 0.0444444 0.075 0.0888889
8 0.7625 0.0444444 0.1875 0.0888889
13 0.75625 0.0555556 0.075 0.0666667
8 0.75625 0.0666667 0.1 0.0888889
13 0.78125 0.0555556 0.075 0.0666667
28 0.7875 0.0555556 0.0875 0.0666667
60 0.84375 0.0444444 0.175 0.0888889
55 0.85625 0.0555556 0.175 0.0666667
55 0.85 0.0555556 0.0625 0.0666667
55 0.8625 0.0555556 0.0625 0.0666667
55 0.875 0.0444444 0.0625 0.0888889
60 0.8875 0.0444444 0.0625 0.0888889
59 0.91875 0.0444444 0.025 0.0888889
60 0.940625 0.0555556 0.11875 0.111111
8 0.896875 0.0555556 0.20625 0.111111
45 0.88125 0.0666667 0.15 0.0888889
29 0.9375 0.0666667 0.0875 0.0888889
29 0.95625 0.0666667 0.075 0.0888889
30 0.953125 0.0555556 0.09375 0.111111
10 0.953125 0.0555556 0.09375 0.111111
44 0.49375 0.0666667 0.175 0.0888889
54 0.4625 0.0666667 0.0875 0.0888889
48 0.475 0.0666667 0.0875 0.0888889
55 0.49375 0.0666667 0.1 0.0888889
19 0.53125 0.0666667 0.025 0.0888889
20 0.54375 0.0777778 0.025 0.111111
48 0.55625 0.0777778 0.025 0.111111
60 0.59375 0.0666667 0.05 0.0444444
57 0.58125 0.0666667 0.075 0.0888889
48 0.63125 0.0666667 0.025 0.0888889
48 0.6375 0.0666667 0.0375 0.0888889
57 0.6375 0.0777778 0.0375 0.111111
57 0.65625 0.0777778 0.025 0.111111
60 0.66875 0.0666667 0.025 0.0888889
55 0.66875 0.0777778 0.05 0.111111
60 0.725 0.0666667 0.0375 0.0444444
60 0.9375 0.0888889 0.1125 0.0888889
29 0.95 0.0888889 0.0875 0.0888889
43 0.015625 0.0777778 0.03125 0.155556
46 0.2125 0.111111 0.1125 0.0444444
29 0.30625 0.1 0.125 0.0666667
29 0.3125 0.111111 0.1125 0.133333
55 0.475 0.0666667 0.0875 0.0888889
60 0.5 0.0777778 0.0875 0.111111
60 0.50625 0.111111 0.1 0.0888889
21 0.55625 0.0777778 0.025 0.111111
67 0.56875 0.0666667 0.1 0.0888889
57 0.63125 0.0666667 0.05 0.0888889
8 0.94375 0.0777778 0.1 0.111111
71 0.015625 0.0777778 0.03125 0.155556
29 0.2375 0.133333 0.1875 0.0888889
29 0.25 0.111111 0.1875 0.0444444
46 0.25625 0.111111 0.175 0.0444444
29 0.3125 0.122222 0.1625 0.0666667
44 0.30625 0.155556 0.125 0.133333
46 0.36875 0.133333 0.225 0.177778
21 0.53125 0.0888889 0.1 0.133333
48 0.6375 0.1 0.1875 0.0666667
57 0.60625 0.0888889 0.275 0.0888889
21 0.015625 0.111111 0.03125 0.177778
29 0.5625 0.111111 0.1125 0.0888889
59 0.66875 0.111111 0.125 0.0888889
60 0.6625 0.133333 0.2625 0.0888889
49 0.66875 0.177778 0.125 0.222222
21 0.58125 0.144444 0.125 0.111111
49 0.63125 0.133333 0.2 0.133333
60 0.65 0.133333 0.1875 0.133333
31 0.11875 0.233333 0.175 0.0666667
67 0.1625 0.233333 0.1625 0.0666667
36 0.16875 0.233333 0.15 0.0666667
29 0.18125 0.233333 0.15 0.0666667
15 0.19375 0.244444 0.15 0.0444444
2 0.1875 0.233333 0.1125 0.0222222
63 0.2 0.222222 0.1125 0.0444444
67 0.2125 0.222222 0.1125 0.0444444
43 0.053125 0.233333 0.10625 0.155556
3 0.125 0.255556 0.1875 0.0666667
2 0.1375 0.255556 0.1625 0.0666667
28 0.125 0.255556 0.0875 0.0666667
15 0.1625 0.244444 0.0375 0.0444444
15 0.175 0.244444 0.0375 0.0444444
15 0.15 0.244444 0.1125 0.0444444
15 0.2125 0.244444 0.0125 0.0444444
3 0.1125 0.255556 0.0875 0.0666667
59 0.65 0.255556 0.1875 0.111111
60 0.65 0.233333 0.1875 0.111111
29 0.053125 0.266667 0.10625 0.133333
57 0.625 0.311111 0.1875 0.177778
55 0.64375 0.277778 0.2 0.155556
48 0.65 0.255556 0.1875 0.111111
55 0.69375 0.244444 0.15 0.133333
29 0.89375 0.277778 0.1 0.111111
29 0.89375 0.255556 0.1 0.111111
29 0.975 0.288889 0.0375 0.133333
29 0.94375 0.3 0.1 0.155556
29 0.053125 0.3 0.10625 0.111111
8 0.075 0.322222 0.0375 0.0222222
28 0.63125 0.3 0.275 0.0222222
28 0.56875 0.311111 0.125 0.0444444
59 0.575 0.322222 0.1125 0.2
55 0.625 0.322222 0.1875 0.2
49 0.6375 0.322222 0.1875 0.2
55 0.65625 0.277778 0.2 0.111111
29 0.68125 0.288889 0.175 0.0888889
29 0.934375 0.311111 0.13125 0.133333
2 0.05625 0.3 0.075 0.111111
60 0.575 0.311111 0.1125 0.0888889
60 0.625 0.3 0.1875 0.111111
67 0.015625 0.377778 0.03125 0.0888889
29 0.040625 0.422222 0.08125 0.0888889
8 0.046875 0.377778 0.09375 0.0888889
73 0.3625 0.433333 0.1625 0.2
29 0.375 0.433333 0.1875 0.2
67 0.44375 0.433333 0.275 0.2
8 0.45625 0.433333 0.275 0.2
29 0.46875 0.433333 0.275 0.2
65 0.44375 0.433333 0.2 0.2
8 0.60625 0.433333 0.275 0.2
45 0.61875 0.388889 0.275 0.111111
8 0.63125 0.4 0.275 0.0888889
8 0.575 0.433333 0.1375 0.2
8 0.6125 0.388889 0.1625 0.111111
8 0.6 0.388889 0.1125 0.111111
8 0.65625 0.4 0.175 0.0888889
15 0.66875 0.388889 0.175 0.111111
15 0.7 0.4 0.1875 0.0888889
29 0.7125 0.4 0.1875 0.0888889
45 0.74375 0.388889 0.175 0.111111
45 0.925 0.433333 0.1375 0.2
45 0.925 0.388889 0.1125 0.111111
8 0.946875 0.422222 0.10625 0.133333
31 0.053125 0.411111 0.10625 0.155556
29 0.015625 0.422222 0.03125 0.0888889
8 0.040625 0.455556 0.08125 0.111111
2 0.040625 0.444444 0.08125 0.177778
4 0.084375 0.455556 0.16875 0.2
8 0.09375 0.444444 0.175 0.222222
8 0.15625 0.477778 0.275 0.111111
8 0.11875 0.444444 0.175 0.0888889
8 0.109375 0.433333 0.21875 0.0666667
8 0.14375 0.444444 0.175 0.222222
2 0.1625 0.444444 0.1625 0.222222
8 0.1875 0.455556 0.1625 0.244444
8 0.2 0.4 0.1625 0.133333
8 0.225 0.466667 0.1625 0.222222
8 0.275 0.411111 0.1625 0.111111
2 0.28125 0.455556 0.175 0.2
2 0.30625 0.466667 0.175 0.222222
2 0.3125 0.411111 0.1625 0.111111
8 0.3125 0.411111 0.1125 0.111111
8 0.3625 0.455556 0.1625 0.2
65 0.60625 0.411111 0.275 0.111111
45 0.61875 0.411111 0.275 0.111111
29 0.63125 0.411111 0.275 0.111111
29 0.59375 0.411111 0.175 0.111111
8 0.66875 0.422222 0.275 0.0888889
8 0.6875 0.444444 0.2625 0.0444444
28 0.65 0.444444 0.1625 0.0444444
28 0.65625 0.411111 0.175 0.111111
45 0.68125 0.411111 0.175 0.111111
45 0.71875 0.411111 0.175 0.111111
71 0.74375 0.411111 0.175 0.111111
67 0.79375 0.455556 0.175 0.2
45 0.8125 0.455556 0.1875 0.2
73 0.825 0.455556 0.1875 0.2
67 0.85625 0.455556 0.175 0.2
73 0.86875 0.455556 0.175 0.2
45 0.86875 0.455556 0.15 0.2
45 0.915625 0.455556 0.16875 0.2
29 0.91875 0.411111 0.125 0.111111
43 0.053125 0.455556 0.10625 0.155556
29 0.015625 0.466667 0.03125 0.133333
2 0.05 0.444444 0.0875 0.133333
2 0.084375 0.477778 0.16875 0.2
8 0.15 0.488889 0.2625 0.222222
8 0.11875 0.5 0.2 0.155556
8 0.109375 0.466667 0.21875 0.0888889
8 0.1625 0.477778 0.1625 0.2
2 0.1625 0.455556 0.1625 0.111111
28 0.2 0.477778 0.1625 0.2
13 0.21875 0.477778 0.175 0.2
2 0.24375 0.477778 0.175 0.2
8 0.275 0.444444 0.1875 0.133333
3 0.29375 0.477778 0.175 0.2
8 0.30625 0.477778 0.175 0.2
2 0.31875 0.433333 0.175 0.111111
8 0.3125 0.433333 0.1125 0.111111
8 0.3875 0.433333 0.2375 0.111111
8 0.38125 0.444444 0.175 0.133333
2 0.38125 0.455556 0.175 0.155556
3 0.425 0.477778 0.2375 0.2
2 0.38125 0.477778 0.125 0.155556
8 0.43125 0.455556 0.2 0.155556
29 0.4375 0.466667 0.1875 0.177778
65 0.50625 0.466667 0.125 0.222222
45 0.5875 0.511111 0.1625 0.133333
45 0.60625 0.477778 0.175 0.2
15 0.64375 0.444444 0.2 0.0888889
15 0.6625 0.455556 0.2125 0.0666667
48 0.6625 0.444444 0.1875 0.0888889
48 0.70625 0.444444 0.175 0.0888889
48 0.73125 0.455556 0.175 0.0666667
48 0.75 0.444444 0.1875 0.0888889
60 0.75625 0.444444 0.175 0.0888889
29 0.9125 0.466667 0.1375 0.0444444
29 0.96875 0.455556 0.025 0.0222222
29 0.946875 0.444444 0.10625 0.0888889
15 0.053125 0.455556 0.10625 0.155556
8 0.021875 0.5 0.04375 0.111111
2 0.040625 0.477778 0.08125 0.111111
2 0.084375 0.466667 0.16875 0.133333
8 0.09375 0.488889 0.175 0.222222
8 0.1125 0.466667 0.1875 0.177778
2 0.11875 0.488889 0.2 0.0888889
8 0.13125 0.477778 0.175 0.111111
65 0.14375 0.466667 0.175 0.133333
2 0.15625 0.488889 0.15 0.0888889
2 0.16875 0.477778 0.15 0.111111
28 0.2 0.477778 0.1625 0.111111
25 0.23125 0.466667 0.175 0.133333
2 0.2375 0.488889 0.1375 0.0888889
2 0.28125 0.477778 0.175 0.0666667
2 0.30625 0.5 0.175 0.0222222
2 0.31875 0.477778 0.15 0.111111
2 0.31875 0.466667 0.1 0.0888889
2 0.35625 0.466667 0.175 0.0888889
2 0.39375 0.477778 0.175 0.111111
2 0.43125 0.466667 0.175 0.133333
29 0.4375 0.455556 0.1625 0.111111
65 0.46875 0.511111 0.2 0.177778
65 0.5125 0.5 0.1875 0.2
8 0.525 0.5 0.1625 0.111111
8 0.5625 0.488889 0.1125 0.133333
45 0.5625 0.488889 0.1375 0.133333
65 0.5375 0.488889 0.1125 0.133333
65 0.58125 0.488889 0.025 0.133333
45 0.5875 0.488889 0.0125 0.133333
45 0.61875 0.488889 0.075 0.133333
21 0.6125 0.488889 0.1125 0.133333
15 0.625 0.477778 0.1125 0.111111
15 0.65625 0.466667 0.075 0.133333
15 0.65 0.477778 0.1375 0.111111
15 0.675 0.466667 0.1625 0.0888889
13 0.69375 0.466667 0.15 0.0888889
21 0.7125 0.466667 0.1375 0.0888889
15 0.7125 0.466667 0.1375 0.0888889
21 0.7375 0.466667 0.1125 0.0888889
21 0.76875 0.466667 0.15 0.0888889
