29 0.021875 0.0111111 0.04375 0.0222222
35 0.015625 0.0111111 0.03125 0.0222222
2 0.040625 0.0111111 0.08125 0.0222222
2 0.046875 0.0222222 0.09375 0.0444444
2 0.078125 0.0111111 0.15625 0.0222222
4 0.0875 0.0111111 0.1625 0.0222222
22 0.09375 0.0111111 0.175 0.0222222
4 0.13125 0.0111111 0.175 0.0222222
22 0.16875 0.0111111 0.175 0.0222222
4 0.18125 0.0111111 0.125 0.0222222
4 0.2125 0.0111111 0.1125 0.0222222
35 0.21875 0.0111111 0.125 0.0222222
21 0.24375 0.0111111 0.125 0.0222222
35 0.25625 0.0111111 0.125 0.0222222
53 0.28125 0.0111111 0.125 0.0222222
35 0.30625 0.0111111 0.125 0.0222222
4 0.325 0.0111111 0.1375 0.0222222
11 0.35625 0.0111111 0.125 0.0222222
11 0.375 0.0222222 0.1125 0.0444444
11 0.40625 0.0222222 0.125 0.0444444
4 0.41875 0.0222222 0.125 0.0444444
2 0.4375 0.0222222 0.1125 0.0444444
2 0.44375 0.0222222 0.125 0.0444444
8 0.45625 0.0222222 0.125 0.0444444
11 0.46875 0.0222222 0.125 0.0444444
4 0.49375 0.0222222 0.125 0.0444444
4 0.51875 0.0222222 0.125 0.0444444
11 0.53125 0.0111111 0.125 0.0222222
11 0.54375 0.0111111 0.15 0.0222222
2 0.5625 0.0111111 0.1125 0.0222222
2 0.58125 0.0222222 0.1 0.0444444
2 0.6 0.0222222 0.1125 0.0444444
2 0.61875 0.0222222 0.125 0.0444444
2 0.65 0.0222222 0.1125 0.0444444
4 0.66875 0.0222222 0.125 0.0444444
2 0.68125 0.0222222 0.125 0.0444444
2 0.7 0.0222222 0.1125 0.0444444
4 0.73125 0.0111111 0.125 0.0222222
53 0.75625 0.0111111 0.125 0.0222222
53 0.8 0.0111111 0.1125 0.0222222
4 0.8125 0.0111111 0.1125 0.0222222
4 0.8375 0.0111111 0.1125 0.0222222
4 0.89375 0.0111111 0.175 0.0222222
4 0.8875 0.0111111 0.1125 0.0222222
4 0.9125 0.0111111 0.1125 0.0222222
19 0.946875 0.0111111 0.10625 0.0222222
19 0.946875 0.0111111 0.10625 0.0222222
22 0.95625 0.0111111 0.075 0.0222222
4 0.040625 0.0222222 0.08125 0.0444444
2 0.071875 0.0222222 0.14375 0.0444444
4 0.078125 0.0222222 0.15625 0.0444444
2 0.0875 0.0222222 0.1625 0.0444444
14 0.09375 0.0111111 0.175 0.0222222
14 0.10625 0.0111111 0.175 0.0222222
14 0.13125 0.0111111 0.125 0.0222222
14 0.16875 0.0111111 0.175 0.0222222
19 0.18125 0.0111111 0.175 0.0222222
22 0.175 0.0111111 0.1375 0.0222222
14 0.18125 0.0111111 0.125 0.0222222
4 0.2375 0.0111111 0.1625 0.0222222
14 0.21875 0.0222222 0.125 0.0444444
19 0.25625 0.0111111 0.175 0.0222222
21 0.26875 0.0111111 0.175 0.0222222
21 0.28125 0.0222222 0.175 0.0444444
21 0.29375 0.0111111 0.175 0.0222222
19 0.30625 0.0111111 0.175 0.0222222
14 0.3125 0.0111111 0.1375 0.0222222
19 0.325 0.0222222 0.1375 0.0444444
14 0.33125 0.0222222 0.125 0.0444444
9 0.34375 0.0222222 0.125 0.0444444
4 0.35625 0.0222222 0.125 0.0444444
4 0.3875 0.0222222 0.1125 0.0444444
14 0.4 0.0222222 0.1125 0.0444444
4 0.425 0.0222222 0.1125 0.0444444
2 0.4625 0.0222222 0.1125 0.0444444
4 0.46875 0.0222222 0.125 0.0444444
2 0.49375 0.0222222 0.125 0.0444444
2 0.54375 0.0222222 0.175 0.0444444
4 0.54375 0.0222222 0.15 0.0444444
4 0.575 0.0222222 0.1125 0.0444444
4 0.7 0.0222222 0.1125 0.0444444
4 0.73125 0.0222222 0.175 0.0444444
22 0.8125 0.0111111 0.1125 0.0222222
22 0.85 0.0222222 0.1625 0.0444444
19 0.8625 0.0222222 0.1625 0.0444444
14 0.875 0.0222222 0.1625 0.0444444
18 0.89375 0.0111111 0.175 0.0222222
18 0.928125 0.0111111 0.14375 0.0222222
14 0.91875 0.0111111 0.125 0.0222222
18 0.940625 0.0111111 0.11875 0.0222222
9 0.946875 0.0111111 0.10625 0.0222222
14 0.94375 0.0111111 0.075 0.0222222
9 0.95625 0.0111111 0.075 0.0222222
4 0.021875 0.0222222 0.04375 0.0444444
9 0.015625 0.0222222 0.03125 0.0444444
7 0.04375 0.0333333 0.05 0.0666667
2 0.065625 0.0333333 0.13125 0.0666667
4 0.078125 0.0333333 0.15625 0.0666667
7 0.0875 0.0333333 0.1625 0.0666667
4 0.10625 0.0222222 0.175 0.0444444
2 0.125 0.0222222 0.1125 0.0444444
7 0.13125 0.0222222 0.1 0.0444444
14 0.25625 0.0222222 0.175 0.0444444
14 0.275 0.0222222 0.1625 0.0444444
14 0.28125 0.0333333 0.175 0.0666667
14 0.30625 0.0222222 0.175 0.0444444
9 0.325 0.0222222 0.1625 0.0444444
19 0.35 0.0222222 0.1625 0.0444444
4 0.35625 0.0222222 0.175 0.0444444
4 0.3875 0.0222222 0.0625 0.0444444
14 0.4 0.0222222 0.0625 0.0444444
14 0.4125 0.0222222 0.0625 0.0444444
14 0.425 0.0222222 0.0625 0.0444444
4 0.4375 0.0222222 0.0625 0.0444444
4 0.45 0.0222222 0.0625 0.0444444
4 0.4625 0.0222222 0.0625 0.0444444
2 0.46875 0.0222222 0.075 0.0444444
2 0.46875 0.0222222 0.125 0.0444444
4 0.48125 0.0222222 0.125 0.0444444
4 0.56875 0.0222222 0.075 0.0444444
4 0.60625 0.0333333 0.15 0.0666667
4 0.61875 0.0333333 0.075 0.0666667
4 0.65 0.0333333 0.0625 0.0666667
4 0.6375 0.0444444 0.1125 0.0444444
4 0.6625 0.0444444 0.0875 0.0444444
4 0.6625 0.0222222 0.1125 0.0444444
4 0.68125 0.0333333 0.125 0.0666667
4 0.7625 0.0333333 0.1875 0.0666667
19 0.80625 0.0222222 0.125 0.0444444
22 0.83125 0.0222222 0.15 0.0444444
22 0.8375 0.0333333 0.1625 0.0666667
4 0.85 0.0333333 0.1625 0.0666667
4 0.8625 0.0222222 0.1625 0.0444444
4 0.875 0.0222222 0.1625 0.0444444
4 0.89375 0.0222222 0.175 0.0444444
2 0.9 0.0222222 0.0125 0.0444444
2 0.921875 0.0222222 0.15625 0.0444444
2 0.9 0.0222222 0.0875 0.0444444
2 0.965625 0.0222222 0.06875 0.0444444
2 0.940625 0.0222222 0.11875 0.0444444
2 0.96875 0.0222222 0.025 0.0444444
4 0.95 0.0222222 0.0625 0.0444444
4 0.95625 0.0333333 0.075 0.0222222
2 0.034375 0.0444444 0.06875 0.0888889
2 0.034375 0.0444444 0.06875 0.0444444
2 0.0875 0.0555556 0.1625 0.0666667
19 0.125 0.0555556 0.1125 0.0222222
2 0.125 0.0666667 0.0875 0.0444444
19 0.15625 0.0555556 0.125 0.0222222
19 0.19375 0.0555556 0.075 0.0222222
19 0.23125 0.0666667 0.125 0.0444444
48 0.23125 0.0666667 0.15 0.0444444
2 0.2625 0.0444444 0.1125 0.0444444
2 0.25 0.0444444 0.0625 0.0444444
18 0.2875 0.0555556 0.1625 0.0222222
2 0.30625 0.0555556 0.175 0.0222222
2 0.34375 0.0555556 0.125 0.0222222
2 0.36875 0.0555556 0.125 0.0222222
2 0.39375 0.0555556 0.125 0.0222222
4 0.4 0.0666667 0.1125 0.0444444
18 0.3875 0.0666667 0.0625 0.0444444
14 0.41875 0.0555556 0.125 0.0222222
14 0.41875 0.0666667 0.15 0.0444444
19 0.425 0.0666667 0.1625 0.0444444
4 0.45625 0.0555556 0.15 0.0666667
2 0.46875 0.0555556 0.175 0.0666667
2 0.4625 0.0444444 0.1125 0.0444444
2 0.46875 0.0333333 0.125 0.0666667
4 0.525 0.0444444 0.1625 0.0444444
22 0.56875 0.0555556 0.175 0.0666667
22 0.5875 0.0444444 0.1625 0.0888889
2 0.60625 0.0444444 0.175 0.0888889
2 0.61875 0.0555556 0.075 0.0666667
4 0.65625 0.0555556 0.15 0.0666667
22 0.6625 0.0555556 0.1625 0.0666667
2 0.66875 0.0555556 0.175 0.0666667
6 0.69375 0.0444444 0.175 0.0444444
6 0.70625 0.0555556 0.175 0.0666667
29 0.74375 0.0555556 0.175 0.0222222
19 0.79375 0.0555556 0.125 0.0222222
18 0.79375 0.0555556 0.125 0.0222222
18 0.81875 0.0555556 0.125 0.0222222
19 0.85 0.0555556 0.1125 0.0222222
18 0.85625 0.0555556 0.125 0.0222222
19 0.83125 0.0555556 0.05 0.0222222
19 0.8625 0.0555556 0.1625 0.0222222
19 0.83125 0.0555556 0.075 0.0222222
18 0.91875 0.0666667 0.125 0.0444444
14 0.86875 0.0666667 0.075 0.0444444
14 0.9125 0.0555556 0.0375 0.0222222
9 0.9125 0.0666667 0.0375 0.0444444
9 0.93125 0.0555556 0.025 0.0222222
18 0.959375 0.0666667 0.08125 0.0444444
18 0.965625 0.0555556 0.06875 0.0222222
18 0.96875 0.0444444 0.025 0.0444444
18 0.99375 0.0444444 0 0.0444444
6 0.034375 0.0555556 0.06875 0.111111
0 0.065625 0.0888889 0.13125 0.0444444
2 0.071875 0.0888889 0.14375 0.0444444
4 0.09375 0.0888889 0.175 0.0444444
2 0.10625 0.0888889 0.175 0.0444444
19 0.14375 0.0777778 0.125 0.0222222
4 0.11875 0.0888889 0.1 0.0444444
2 0.11875 0.0888889 0.1 0.0444444
2 0.125 0.0777778 0.0875 0.0666667
19 0.18125 0.0666667 0.175 0.0444444
19 0.18125 0.0777778 0.2 0.0666667
19 0.225 0.0777778 0.1375 0.0222222
19 0.2375 0.1 0.1375 0.0666667
2 0.2375 0.0888889 0.1625 0.0444444
2 0.26875 0.0888889 0.175 0.0444444
2 0.30625 0.0777778 0.175 0.0222222
2 0.31875 0.0666667 0.175 0.0444444
2 0.36875 0.0777778 0.125 0.0222222
2 0.3625 0.0888889 0.1625 0.0444444
2 0.4 0.0777778 0.1125 0.0666667
18 0.41875 0.0666667 0.125 0.0444444
9 0.40625 0.0777778 0.1 0.0666667
19 0.4125 0.0777778 0.1125 0.0666667
2 0.45 0.0777778 0.1625 0.0666667
2 0.48125 0.0555556 0.175 0.111111
19 0.48125 0.0888889 0.125 0.0444444
4 0.50625 0.0888889 0.2 0.0444444
11 0.54375 0.0888889 0.175 0.0444444
9 0.5625 0.0888889 0.1625 0.0444444
14 0.575 0.0666667 0.1625 0.0888889
14 0.575 0.0666667 0.0875 0.0888889
14 0.60625 0.0666667 0.15 0.0888889
2 0.6375 0.0666667 0.1125 0.0888889
2 0.625 0.0666667 0.0625 0.0444444
2 0.63125 0.0777778 0.1 0.0666667
14 0.6625 0.0777778 0.1375 0.0666667
2 0.6875 0.0666667 0.1625 0.0444444
2 0.6875 0.0777778 0.1125 0.0666667
14 0.7625 0.0777778 0.1125 0.0222222
14 0.78125 0.0777778 0.1 0.0222222
14 0.80625 0.0777778 0.125 0.0222222
14 0.81875 0.0777778 0.125 0.0666667
14 0.84375 0.0777778 0.125 0.0666667
14 0.85625 0.0888889 0.125 0.0444444
14 0.89375 0.0888889 0.125 0.0444444
14 0.91875 0.0888889 0.1 0.0444444
14 0.89375 0.0888889 0.05 0.0444444
9 0.9125 0.0777778 0.0375 0.0222222
9 0.91875 0.0666667 0.025 0.0444444
9 0.94375 0.0666667 0.05 0.0444444
7 0.959375 0.0666667 0.08125 0.0444444
7 0.965625 0.0666667 0.06875 0.0444444
14 0.959375 0.0777778 0.08125 0.0666667
14 0.94375 0.0777778 0.075 0.0666667
7 0.034375 0.0888889 0.06875 0.0444444
6 0.034375 0.1 0.06875 0.0666667
2 0.065625 0.1 0.13125 0.0666667
2 0.084375 0.0888889 0.16875 0.0888889
9 0.13125 0.0777778 0.15 0.0666667
2 0.14375 0.0777778 0.175 0.0666667
19 0.15625 0.0888889 0.125 0.0444444
19 0.2125 0.1 0.1125 0.0666667
9 0.19375 0.122222 0.05 0.0666667
7 0.2375 0.111111 0.1375 0.0444444
2 0.2375 0.1 0.1625 0.0666667
2 0.26875 0.1 0.175 0.0666667
2 0.30625 0.111111 0.175 0.0444444
2 0.35 0.111111 0.1375 0.0444444
2 0.3125 0.1 0.0625 0.0222222
19 0.3625 0.1 0.1875 0.0222222
19 0.40625 0.1 0.125 0.0222222
4 0.41875 0.0888889 0.125 0.0444444
4 0.40625 0.0888889 0.075 0.0444444
4 0.43125 0.0777778 0.15 0.0666667
2 0.5125 0.0777778 0.1125 0.111111
2 0.49375 0.0888889 0.075 0.0444444
14 0.46875 0.1 0.15 0.0666667
4 0.53125 0.1 0.15 0.0666667
4 0.5375 0.0888889 0.1625 0.0888889
4 0.54375 0.111111 0.175 0.0444444
2 0.55 0.1 0.0875 0.0222222
2 0.54375 0.0888889 0.1 0.0444444
2 0.61875 0.0888889 0.125 0.0444444
2 0.6375 0.1 0.1125 0.0666667
2 0.61875 0.0888889 0.075 0.0444444
2 0.6625 0.0777778 0.1375 0.0666667
2 0.6875 0.0777778 0.0625 0.0666667
2 0.7 0.0777778 0.0625 0.0666667
19 0.725 0.1 0.1125 0.0222222
14 0.75625 0.1 0.125 0.0222222
9 0.7625 0.1 0.1375 0.0222222
9 0.7875 0.1 0.1125 0.0222222
14 0.7875 0.0888889 0.1375 0.0444444
9 0.80625 0.0888889 0.125 0.0444444
4 0.825 0.0888889 0.1125 0.0444444
18 0.83125 0.0888889 0.1 0.0444444
18 0.85 0.0777778 0.1375 0.0666667
18 0.8125 0.0888889 0.0625 0.0444444
18 0.825 0.1 0.0875 0.0222222
18 0.825 0.111111 0.0875 0.0444444
14 0.86875 0.1 0.025 0.0222222
18 0.88125 0.1 0.025 0.0222222
14 0.89375 0.1 0.025 0.0222222
4 0.90625 0.0888889 0.025 0.0444444
