29 0.015625 0.0111111 0.03125 0.0222222
19 0.015625 0.0111111 0.03125 0.0222222
4 0.040625 0.0111111 0.08125 0.0222222
4 0.078125 0.0111111 0.15625 0.0222222
11 0.09375 0.0111111 0.175 0.0222222
11 0.10625 0.0111111 0.175 0.0222222
6 0.11875 0.0111111 0.2 0.0222222
4 0.13125 0.0111111 0.175 0.0222222
4 0.16875 0.0111111 0.175 0.0222222
23 0.19375 0.0111111 0.2 0.0222222
23 0.23125 0.0111111 0.175 0.0222222
6 0.21875 0.0111111 0.125 0.0222222
4 0.23125 0.0111111 0.125 0.0222222
4 0.2375 0.0111111 0.1375 0.0222222
4 0.26875 0.0111111 0.125 0.0222222
4 0.3 0.0111111 0.1375 0.0222222
4 0.35 0.0111111 0.1875 0.0222222
4 0.36875 0.0111111 0.125 0.0222222
4 0.40625 0.0111111 0.175 0.0222222
4 0.425 0.0111111 0.1125 0.0222222
4 0.475 0.0111111 0.1875 0.0222222
4 0.51875 0.0111111 0.175 0.0222222
4 0.5625 0.0111111 0.1875 0.0222222
23 0.6 0.0111111 0.1875 0.0222222
4 0.625 0.0111111 0.1875 0.0222222
4 0.6625 0.0111111 0.1875 0.0222222
4 0.7 0.0111111 0.1875 0.0222222
6 0.7125 0.0111111 0.1875 0.0222222
4 0.74375 0.0111111 0.175 0.0222222
4 0.7875 0.0111111 0.1875 0.0222222
6 0.8 0.0111111 0.1875 0.0222222
22 0.8125 0.0111111 0.1875 0.0222222
4 0.8375 0.0111111 0.1875 0.0222222
6 0.85625 0.0111111 0.175 0.0222222
4 0.89375 0.0111111 0.175 0.0222222
6 0.9 0.0111111 0.1875 0.0222222
5 0.909375 0.0111111 0.18125 0.0222222
4 0.928125 0.0111111 0.14375 0.0222222
4 0.925 0.0111111 0.1125 0.0222222
2 0.94375 0.0111111 0.1 0.0222222
10 0.95 0.0111111 0.0875 0.0222222
4 0.040625 0.0222222 0.08125 0.0444444
4 0.065625 0.0222222 0.13125 0.0444444
4 0.1 0.0111111 0.1375 0.0222222
4 0.10625 0.0222222 0.15 0.0444444
4 0.1875 0.0111111 0.1875 0.0222222
2 0.2875 0.0111111 0.1625 0.0222222
2 0.2875 0.0111111 0.1125 0.0222222
2 0.325 0.0111111 0.1625 0.0222222
2 0.3625 0.0111111 0.1625 0.0222222
2 0.4 0.0111111 0.1625 0.0222222
2 0.4375 0.0111111 0.1625 0.0222222
2 0.475 0.0111111 0.1625 0.0222222
2 0.4875 0.0111111 0.1125 0.0222222
2 0.525 0.0111111 0.1625 0.0222222
2 0.5625 0.0111111 0.1625 0.0222222
2 0.5875 0.0111111 0.1125 0.0222222
2 0.625 0.0111111 0.1625 0.0222222
2 0.6625 0.0111111 0.1625 0.0222222
23 0.7375 0.0111111 0.1625 0.0222222
23 0.7625 0.0222222 0.1625 0.0444444
4 0.775 0.0222222 0.1625 0.0444444
14 0.7875 0.0111111 0.1625 0.0222222
23 0.8375 0.0111111 0.1625 0.0222222
23 0.875 0.0111111 0.1625 0.0222222
14 0.9 0.0111111 0.1625 0.0222222
8 0.9125 0.0111111 0.1625 0.0222222
8 0.9 0.0111111 0.1125 0.0222222
14 0.9125 0.0111111 0.1125 0.0222222
2 0.953125 0.0111111 0.09375 0.0222222
44 0.95 0.0111111 0.0875 0.0222222
14 0.053125 0.0222222 0.10625 0.0444444
14 0.021875 0.0222222 0.04375 0.0444444
14 0.040625 0.0444444 0.08125 0.0888889
2 0.034375 0.0444444 0.06875 0.0888889
2 0.05 0.0444444 0.0625 0.0444444
2 0.05625 0.0555556 0.05 0.0666667
2 0.06875 0.0333333 0.025 0.0222222
19 0.11875 0.0333333 0.05 0.0222222
14 0.11875 0.0444444 0.05 0.0444444
10 0.3875 0.0333333 0.0125 0.0222222
14 0.40625 0.0333333 0.025 0.0222222
8 0.4875 0.0333333 0.0125 0.0666667
8 0.50625 0.0333333 0.025 0.0666667
0 0.51875 0.0222222 0.025 0.0444444
8 0.53125 0.0222222 0.025 0.0444444
0 0.54375 0.0222222 0.025 0.0444444
2 0.55 0.0222222 0.0375 0.0444444
2 0.5625 0.0222222 0.0375 0.0444444
2 0.575 0.0222222 0.0125 0.0444444
0 0.5875 0.0222222 0.0125 0.0444444
0 0.6 0.0222222 0.0125 0.0444444
0 0.6125 0.0333333 0.0125 0.0666667
2 0.63125 0.0333333 0.025 0.0666667
2 0.64375 0.0333333 0.025 0.0666667
2 0.65625 0.0333333 0.025 0.0666667
2 0.66875 0.0333333 0.025 0.0666667
2 0.675 0.0333333 0.0375 0.0666667
2 0.6875 0.0333333 0.0375 0.0666667
2 0.68125 0.0333333 0.075 0.0666667
2 0.71875 0.0333333 0.025 0.0666667
2 0.725 0.0333333 0.0125 0.0666667
2 0.74375 0.0333333 0.025 0.0666667
2 0.75625 0.0333333 0.025 0.0666667
2 0.7625 0.0333333 0.0375 0.0666667
2 0.75625 0.0333333 0.075 0.0666667
2 0.8 0.0333333 0.0125 0.0666667
2 0.81875 0.0333333 0.025 0.0666667
2 0.83125 0.0333333 0.025 0.0666667
2 0.84375 0.0333333 0.025 0.0666667
2 0.85 0.0333333 0.0375 0.0666667
8 0.86875 0.0222222 0.025 0.0444444
2 0.88125 0.0222222 0.025 0.0444444
2 0.9125 0.0222222 0.0625 0.0444444
2 0.9625 0.0222222 0.0625 0.0444444
2 0.959375 0.0333333 0.08125 0.0666667
2 0.953125 0.0333333 0.09375 0.0666667
64 0.984375 0.0333333 0.03125 0.0666667
19 0.053125 0.0555556 0.10625 0.0666667
14 0.015625 0.0333333 0.03125 0.0666667
14 0.05 0.0666667 0.0625 0.0444444
2 0.05 0.0666667 0.0625 0.0444444
2 0.06875 0.0666667 0.125 0.0444444
18 0.10625 0.0666667 0.075 0.0444444
2 0.11875 0.0555556 0.05 0.0666667
2 0.11875 0.0555556 0.075 0.0666667
14 0.1625 0.0555556 0.1625 0.0666667
18 0.1625 0.0666667 0.1375 0.0444444
19 0.19375 0.0666667 0.075 0.0444444
21 0.20625 0.0666667 0.075 0.0444444
21 0.23125 0.0666667 0.125 0.0444444
20 0.25625 0.0666667 0.125 0.0444444
20 0.25625 0.0555556 0.125 0.0222222
14 0.25625 0.0666667 0.075 0.0444444
21 0.2625 0.0666667 0.0875 0.0444444
47 0.30625 0.0777778 0.075 0.0666667
20 0.325 0.0777778 0.0875 0.0666667
20 0.34375 0.0777778 0.075 0.0666667
14 0.35 0.0777778 0.0625 0.0666667
20 0.36875 0.0777778 0.075 0.0666667
52 0.38125 0.0777778 0.075 0.0666667
14 0.4 0.0666667 0.0625 0.0444444
14 0.4125 0.0555556 0.0625 0.0222222
14 0.425 0.0555556 0.0625 0.0222222
2 0.41875 0.0555556 0.1 0.0222222
2 0.43125 0.0555556 0.1 0.0666667
4 0.43125 0.0555556 0.125 0.0666667
29 0.46875 0.0444444 0.075 0.0444444
21 0.5 0.0444444 0.0625 0.0444444
14 0.5125 0.0333333 0.0625 0.0666667
10 0.5375 0.0444444 0.0875 0.0888889
4 0.55625 0.0444444 0.125 0.0888889
10 0.56875 0.0444444 0.175 0.0888889
10 0.58125 0.0444444 0.05 0.0888889
10 0.6 0.0444444 0.0625 0.0888889
21 0.6125 0.0333333 0.0625 0.0666667
55 0.6125 0.0333333 0.0125 0.0666667
2 0.625 0.0444444 0.0875 0.0888889
2 0.64375 0.0555556 0.075 0.111111
2 0.65625 0.0444444 0.075 0.0888889
2 0.6875 0.0444444 0.0875 0.0888889
50 0.7125 0.0444444 0.0375 0.0888889
50 0.7375 0.0444444 0.0625 0.0888889
50 0.725 0.0555556 0.0875 0.111111
2 0.73125 0.0555556 0.1 0.111111
2 0.75 0.0555556 0.0625 0.111111
2 0.76875 0.0444444 0.075 0.0888889
2 0.8125 0.0444444 0.0375 0.0888889
2 0.83125 0.0444444 0.05 0.0888889
4 0.8625 0.0444444 0.0375 0.0888889
4 0.875 0.0444444 0.1125 0.0888889
4 0.921875 0.0444444 0.15625 0.0888889
10 0.89375 0.0444444 0.1 0.0888889
2 0.9125 0.0444444 0.0875 0.0888889
2 0.9375 0.0444444 0.1125 0.0888889
2 0.965625 0.0444444 0.06875 0.0888889
2 0.953125 0.0666667 0.09375 0.0444444
4 0.959375 0.0666667 0.08125 0.0444444
14 0.034375 0.0777778 0.06875 0.0666667
9 0.05 0.0777778 0.0625 0.0666667
2 0.0625 0.0666667 0.0375 0.0444444
2 0.05 0.0777778 0.0625 0.0666667
2 0.06875 0.0777778 0.1 0.0666667
14 0.06875 0.0666667 0.125 0.0444444
9 0.10625 0.0666667 0.075 0.0444444
2 0.11875 0.0666667 0.075 0.0444444
2 0.1375 0.0555556 0.0875 0.0666667
2 0.15625 0.0777778 0.125 0.0666667
18 0.16875 0.0777778 0.125 0.0666667
18 0.19375 0.0777778 0.1 0.0666667
2 0.21875 0.0666667 0.075 0.0444444
14 0.23125 0.0666667 0.075 0.0444444
14 0.2625 0.0666667 0.1375 0.0444444
4 0.26875 0.0666667 0.15 0.0444444
6 0.275 0.0777778 0.1125 0.0666667
18 0.275 0.0777778 0.1125 0.0666667
18 0.3 0.0777778 0.0875 0.0666667
18 0.31875 0.0777778 0.075 0.0666667
14 0.33125 0.0777778 0.075 0.0666667
4 0.35625 0.0777778 0.075 0.0666667
9 0.3625 0.0777778 0.0875 0.0666667
4 0.375 0.0777778 0.0875 0.0666667
4 0.39375 0.0777778 0.1 0.0666667
2 0.4125 0.0777778 0.0875 0.0666667
2 0.44375 0.0666667 0.125 0.0888889
2 0.48125 0.0666667 0.175 0.0888889
2 0.49375 0.0777778 0.15 0.0666667
4 0.51875 0.0777778 0.125 0.0666667
4 0.55625 0.0777778 0.125 0.0666667
2 0.56875 0.0777778 0.125 0.0666667
4 0.5625 0.0777778 0.0875 0.0666667
6 0.575 0.0777778 0.0875 0.0666667
2 0.6625 0.0555556 0.1625 0.111111
2 0.69375 0.0555556 0.125 0.111111
2 0.70625 0.0666667 0.125 0.0888889
2 0.6875 0.0666667 0.0625 0.0888889
2 0.70625 0.0666667 0.075 0.0888889
8 0.75 0.0666667 0.1625 0.0888889
50 0.80625 0.0555556 0.125 0.111111
50 0.81875 0.0666667 0.125 0.0888889
8 0.84375 0.0555556 0.175 0.111111
4 0.875 0.0555556 0.1625 0.111111
4 0.8875 0.0666667 0.1625 0.0888889
4 0.90625 0.0777778 0.175 0.0666667
2 0.946875 0.0777778 0.10625 0.0666667
4 0.959375 0.0777778 0.08125 0.0666667
35 0.959375 0.0777778 0.08125 0.0666667
14 0.053125 0.122222 0.10625 0.0666667
14 0.0375 0.111111 0.0625 0.0444444
4 0.05625 0.1 0.075 0.0222222
4 0.05625 0.111111 0.1 0.0444444
4 0.06875 0.1 0.1 0.0666667
4 0.1 0.1 0.1875 0.111111
4 0.1125 0.1 0.0875 0.111111
4 0.125 0.0888889 0.0875 0.0888889
4 0.13125 0.1 0.1 0.111111
4 0.14375 0.0888889 0.1 0.0888889
4 0.15 0.1 0.1125 0.0666667
20 0.18125 0.0888889 0.075 0.0888889
18 0.18125 0.0888889 0.125 0.0888889
4 0.2125 0.0888889 0.0875 0.0888889
4 0.2375 0.1 0.0875 0.0666667
4 0.25625 0.1 0.15 0.0666667
4 0.25625 0.111111 0.125 0.0444444
4 0.26875 0.0888889 0.125 0.0888889
18 0.28125 0.0888889 0.125 0.0888889
4 0.30625 0.0888889 0.15 0.0888889
4 0.34375 0.0888889 0.1 0.0888889
4 0.3625 0.0888889 0.1125 0.0888889
4 0.3875 0.1 0.1125 0.0666667
4 0.4 0.111111 0.1125 0.0444444
2 0.41875 0.1 0.125 0.0666667
2 0.43125 0.0888889 0.125 0.0888889
2 0.44375 0.1 0.125 0.0666667
4 0.49375 0.111111 0.075 0.0444444
4 0.49375 0.1 0.125 0.0666667
4 0.54375 0.0888889 0.05 0.0444444
4 0.5375 0.111111 0.1125 0.0444444
4 0.56875 0.111111 0.075 0.0444444
53 0.56875 0.122222 0.125 0.0666667
4 0.6625 0.111111 0.1125 0.0444444
4 0.6875 0.111111 0.1125 0.0444444
6 0.69375 0.111111 0.125 0.0444444
8 0.71875 0.111111 0.125 0.0444444
6 0.74375 0.111111 0.125 0.0444444
6 0.78125 0.111111 0.075 0.0444444
8 0.76875 0.111111 0.125 0.0444444
6 0.80625 0.111111 0.175 0.0444444
8 0.81875 0.111111 0.175 0.0444444
8 0.83125 0.1 0.175 0.0666667
8 0.84375 0.0888889 0.175 0.0444444
8 0.8625 0.111111 0.1625 0.0444444
4 0.86875 0.111111 0.175 0.0444444
4 0.89375 0.111111 0.075 0.0444444
4 0.915625 0.111111 0.16875 0.0444444
2 0.953125 0.0888889 0.09375 0.0888889
9 0.03125 0.111111 0.05 0.0444444
4 0.05 0.111111 0.0625 0.0444444
2 0.05625 0.111111 0.075 0.0444444
2 0.06875 0.111111 0.125 0.0888889
2 0.11875 0.111111 0.075 0.0888889
2 0.125 0.122222 0.0875 0.0666667
2 0.13125 0.111111 0.1 0.0444444
2 0.1375 0.1 0.1125 0.0666667
4 0.18125 0.111111 0.15 0.0888889
2 0.18125 0.111111 0.125 0.0888889
2 0.2125 0.1 0.0875 0.0666667
2 0.21875 0.111111 0.075 0.0444444
4 0.2375 0.111111 0.0875 0.0444444
2 0.24375 0.111111 0.1 0.0444444
4 0.2625 0.122222 0.1125 0.0666667
4 0.28125 0.111111 0.125 0.0888889
4 0.30625 0.1 0.125 0.0666667
2 0.3375 0.1 0.0875 0.0666667
2 0.35625 0.1 0.125 0.0666667
2 0.36875 0.111111 0.125 0.0444444
2 0.39375 0.111111 0.125 0.0444444
2 0.425 0.111111 0.1125 0.0444444
4 0.43125 0.111111 0.125 0.0444444
4 0.45625 0.111111 0.125 0.0444444
