2 0.034375 0.0222222 0.06875 0.0444444
1 0.040625 0.0222222 0.08125 0.0444444
1 0.078125 0.0222222 0.15625 0.0444444
1 0.046875 0.0222222 0.09375 0.0444444
26 0.08125 0.0222222 0.125 0.0444444
26 0.10625 0.0222222 0.125 0.0444444
17 0.525 0.0222222 0.0625 0.0444444
4 0.56875 0.0222222 0.075 0.0444444
4 0.58125 0.0222222 0.075 0.0444444
4 0.59375 0.0222222 0.05 0.0444444
2 0.60625 0.0222222 0.05 0.0444444
2 0.6125 0.0222222 0.0375 0.0444444
2 0.625 0.0222222 0.0375 0.0444444
2 0.6375 0.0222222 0.0375 0.0444444
2 0.65 0.0222222 0.0375 0.0444444
4 0.66875 0.0222222 0.05 0.0444444
4 0.7 0.0222222 0.1125 0.0444444
4 0.6875 0.0222222 0.1625 0.0444444
4 0.73125 0.0222222 0.1 0.0444444
4 0.75 0.0222222 0.0625 0.0444444
4 0.76875 0.0222222 0.05 0.0444444
17 0.8125 0.0111111 0.1125 0.0222222
17 0.79375 0.0222222 0.05 0.0444444
53 0.85 0.0111111 0.2125 0.0222222
38 0.88125 0.0111111 0.175 0.0222222
1 0.8625 0.0111111 0.0875 0.0222222
1 0.934375 0.0111111 0.13125 0.0222222
59 0.928125 0.0111111 0.14375 0.0222222
6 0.921875 0.0222222 0.15625 0.0444444
2 0.940625 0.0222222 0.11875 0.0444444
4 0.946875 0.0222222 0.10625 0.0444444
11 0.953125 0.0222222 0.09375 0.0444444
26 0.990625 0.0111111 0.01875 0.0222222
1 0.034375 0.0222222 0.06875 0.0444444
1 0.078125 0.0222222 0.15625 0.0444444
43 0.046875 0.0222222 0.09375 0.0444444
43 0.09375 0.0222222 0.15 0.0444444
1 0.06875 0.0222222 0.1 0.0444444
1 0.1 0.0222222 0.0875 0.0444444
38 0.15 0.0222222 0.1125 0.0444444
38 0.16875 0.0222222 0.1 0.0444444
38 0.19375 0.0222222 0.125 0.0444444
38 0.21875 0.0222222 0.125 0.0444444
38 0.24375 0.0222222 0.125 0.0444444
38 0.26875 0.0222222 0.125 0.0444444
38 0.29375 0.0222222 0.125 0.0444444
38 0.31875 0.0222222 0.125 0.0444444
38 0.35 0.0222222 0.1125 0.0444444
38 0.38125 0.0222222 0.125 0.0444444
38 0.40625 0.0222222 0.125 0.0444444
38 0.43125 0.0222222 0.125 0.0444444
38 0.46875 0.0222222 0.075 0.0444444
38 0.4875 0.0222222 0.0625 0.0444444
60 0.5375 0.0222222 0.0625 0.0444444
60 0.55 0.0222222 0.0625 0.0444444
19 0.6125 0.0222222 0.0625 0.0444444
19 0.625 0.0222222 0.0625 0.0444444
19 0.6375 0.0222222 0.0625 0.0444444
60 0.65 0.0222222 0.0625 0.0444444
38 0.84375 0.0222222 0.175 0.0444444
25 0.88125 0.0222222 0.175 0.0444444
1 0.85 0.0222222 0.0875 0.0444444
1 0.934375 0.0222222 0.13125 0.0444444
2 0.946875 0.0222222 0.10625 0.0444444
31 0.953125 0.0222222 0.09375 0.0444444
31 0.959375 0.0222222 0.08125 0.0444444
12 0.0375 0.0444444 0.0625 0.0444444
12 0.09375 0.0444444 0.175 0.0444444
22 0.10625 0.0444444 0.175 0.0444444
42 0.0875 0.0444444 0.0875 0.0444444
22 0.1 0.0444444 0.0875 0.0444444
67 0.56875 0.0444444 0.05 0.0444444
67 0.58125 0.0444444 0.05 0.0444444
67 0.5875 0.0444444 0.0875 0.0444444
67 0.66875 0.0444444 0.075 0.0444444
67 0.6875 0.0444444 0.0875 0.0444444
67 0.70625 0.0444444 0.05 0.0444444
25 0.8875 0.0444444 0.1875 0.0444444
1 0.90625 0.0444444 0.175 0.0444444
1 0.928125 0.0444444 0.14375 0.0444444
2 0.940625 0.0444444 0.11875 0.0444444
2 0.953125 0.0444444 0.09375 0.0444444
31 0.009375 0.0555556 0.01875 0.111111
8 0.065625 0.0555556 0.13125 0.0222222
2 0.065625 0.0666667 0.13125 0.0444444
6 0.071875 0.0666667 0.14375 0.0444444
12 0.1 0.0666667 0.1875 0.0444444
22 0.1125 0.0666667 0.1875 0.0444444
25 0.125 0.0666667 0.1625 0.0444444
42 0.09375 0.0666667 0.075 0.0444444
43 0.175 0.0666667 0.1625 0.0444444
78 0.15 0.0666667 0.0875 0.0444444
76 0.29375 0.0666667 0.075 0.0444444
38 0.33125 0.0666667 0.075 0.0444444
22 0.3375 0.0666667 0.0875 0.0444444
22 0.35625 0.0666667 0.075 0.0444444
42 0.6125 0.0666667 0.0875 0.0444444
42 0.65625 0.0666667 0.175 0.0444444
22 0.6375 0.0666667 0.0875 0.0444444
19 0.7 0.0666667 0.1625 0.0444444
43 0.80625 0.0666667 0.175 0.0444444
43 0.8375 0.0666667 0.1625 0.0444444
42 0.84375 0.0666667 0.175 0.0444444
25 0.8875 0.0666667 0.1875 0.0444444
1 0.89375 0.0666667 0.2 0.0444444
1 0.928125 0.0666667 0.14375 0.0444444
12 0.940625 0.0666667 0.11875 0.0444444
12 0.94375 0.0666667 0.1 0.0444444
1 0.94375 0.0666667 0.1 0.0444444
28 0.95 0.0666667 0.0875 0.0444444
2 0.95 0.0444444 0.0875 0.0888889
61 0.959375 0.0444444 0.08125 0.0888889
8 0.071875 0.0888889 0.14375 0.0444444
2 0.065625 0.0888889 0.13125 0.0444444
1 0.071875 0.0888889 0.14375 0.0444444
1 0.10625 0.0888889 0.175 0.0444444
22 0.13125 0.0777778 0.15 0.0222222
22 0.11875 0.0777778 0.025 0.0222222
12 0.18125 0.0777778 0.125 0.0222222
12 0.15 0.0777778 0.0625 0.0222222
15 0.14375 0.0777778 0.05 0.0222222
15 0.15625 0.0777778 0.075 0.0222222
19 0.1875 0.0777778 0.0375 0.0222222
19 0.20625 0.0777778 0.05 0.0222222
17 0.2125 0.0777778 0.0375 0.0222222
15 0.23125 0.0777778 0.075 0.0222222
15 0.25625 0.0777778 0.05 0.0222222
15 0.275 0.0777778 0.0375 0.0222222
17 0.2875 0.0777778 0.0375 0.0222222
19 0.29375 0.0777778 0.025 0.0222222
19 0.3125 0.0777778 0.0375 0.0222222
22 0.3125 0.0777778 0.0375 0.0222222
15 0.325 0.0777778 0.0625 0.0222222
15 0.33125 0.0888889 0.075 0.0444444
15 0.3625 0.0888889 0.0625 0.0444444
15 0.375 0.0888889 0.0625 0.0444444
19 0.3875 0.0777778 0.0375 0.0222222
15 0.40625 0.0777778 0.025 0.0222222
15 0.41875 0.0777778 0.025 0.0222222
15 0.43125 0.0777778 0.05 0.0222222
15 0.45 0.0777778 0.0375 0.0222222
15 0.45625 0.0888889 0.025 0.0444444
19 0.46875 0.0888889 0.025 0.0444444
19 0.475 0.0888889 0.0375 0.0444444
19 0.4875 0.0888889 0.0375 0.0444444
19 0.50625 0.0888889 0.05 0.0444444
1 0.5625 0.0888889 0.1625 0.0444444
1 0.525 0.0888889 0.0625 0.0444444
1 0.5375 0.0888889 0.0625 0.0444444
1 0.54375 0.0777778 0.075 0.0222222
1 0.5625 0.0777778 0.0875 0.0222222
14 0.575 0.0777778 0.0625 0.0222222
14 0.5875 0.0777778 0.0625 0.0222222
14 0.65 0.0777778 0.1625 0.0222222
14 0.6625 0.0888889 0.1625 0.0444444
1 0.675 0.0888889 0.1625 0.0444444
1 0.66875 0.0888889 0.1 0.0444444
1 0.74375 0.0888889 0.175 0.0444444
1 0.78125 0.0888889 0.15 0.0444444
1 0.7375 0.0888889 0.0625 0.0444444
1 0.78125 0.0888889 0.1 0.0444444
1 0.83125 0.0777778 0.175 0.0222222
1 0.85625 0.0888889 0.175 0.0444444
1 0.88125 0.0777778 0.175 0.0666667
1 0.91875 0.0888889 0.15 0.0444444
1 0.940625 0.0888889 0.11875 0.0444444
1 0.925 0.0888889 0.0625 0.0444444
1 0.9375 0.0888889 0.0375 0.0444444
2 0.9375 0.0777778 0.0375 0.0666667
2 0.94375 0.0777778 0.1 0.0666667
2 0.95 0.0666667 0.0875 0.0888889
2 0.959375 0.0666667 0.08125 0.0444444
29 0.071875 0.1 0.14375 0.0666667
8 0.065625 0.111111 0.13125 0.0444444
1 0.040625 0.111111 0.08125 0.0444444
3 0.06875 0.1 0.025 0.0222222
2 0.10625 0.1 0.075 0.0222222
3 0.1125 0.0888889 0.0625 0.0444444
2 0.1 0.0888889 0.1125 0.0444444
1 0.1125 0.0888889 0.1125 0.0444444
2 0.13125 0.0888889 0.1 0.0444444
1 0.15 0.0888889 0.0625 0.0444444
1 0.15625 0.0888889 0.025 0.0444444
3 0.16875 0.0888889 0.025 0.0444444
3 0.175 0.0888889 0.0375 0.0444444
3 0.1875 0.0888889 0.0375 0.0444444
3 0.2125 0.0888889 0.0375 0.0444444
15 0.21875 0.0888889 0.025 0.0444444
15 0.23125 0.0888889 0.025 0.0444444
15 0.24375 0.0888889 0.05 0.0444444
15 0.2625 0.0888889 0.0375 0.0444444
15 0.275 0.0888889 0.0375 0.0444444
15 0.2875 0.0888889 0.0375 0.0444444
15 0.3 0.0888889 0.0375 0.0444444
16 0.3125 0.0888889 0.0375 0.0444444
19 0.325 0.0888889 0.0375 0.0444444
16 0.33125 0.1 0.05 0.0222222
15 0.34375 0.1 0.05 0.0222222
15 0.35625 0.1 0.05 0.0222222
15 0.375 0.111111 0.0375 0.0444444
16 0.3875 0.111111 0.0375 0.0444444
19 0.4 0.0888889 0.0375 0.0444444
16 0.41875 0.0888889 0.05 0.0444444
16 0.44375 0.1 0.025 0.0222222
19 0.45 0.1 0.0375 0.0222222
19 0.4625 0.1 0.0375 0.0222222
19 0.46875 0.1 0.025 0.0222222
16 0.48125 0.1 0.025 0.0222222
16 0.5 0.1 0.0125 0.0222222
16 0.50625 0.1 0.025 0.0222222
2 0.51875 0.1 0.025 0.0222222
1 0.55 0.1 0.0625 0.0222222
1 0.55625 0.1 0.1 0.0222222
1 0.55625 0.0888889 0.075 0.0444444
1 0.56875 0.0777778 0.075 0.0666667
1 0.59375 0.0777778 0.075 0.0666667
1 0.68125 0.1 0.175 0.0222222
1 0.66875 0.1 0.1 0.0222222
1 0.6875 0.1 0.0875 0.0222222
16 0.725 0.1 0.0125 0.0222222
16 0.73125 0.1 0.025 0.0222222
1 0.7375 0.1 0.0375 0.0222222
1 0.75625 0.0888889 0.1 0.0444444
15 0.7875 0.0888889 0.0875 0.0444444
1 0.84375 0.1 0.175 0.0222222
1 0.80625 0.1 0.075 0.0222222
1 0.85 0.1 0.1125 0.0222222
1 0.8875 0.1 0.2125 0.0222222
1 0.915625 0.111111 0.16875 0.0444444
1 0.90625 0.0888889 0.1 0.0444444
1 0.9125 0.0888889 0.0625 0.0444444
2 0.940625 0.1 0.11875 0.0222222
6 0.94375 0.111111 0.1 0.0444444
8 0.95 0.111111 0.0875 0.0444444
71 0.959375 0.0888889 0.08125 0.0444444
29 0.078125 0.133333 0.15625 0.0444444
8 0.065625 0.133333 0.13125 0.0444444
59 0.040625 0.133333 0.08125 0.0444444
1 0.16875 0.111111 0.05 0.0444444
1 0.1625 0.111111 0.0875 0.0444444
1 0.18125 0.111111 0.125 0.0444444
21 0.19375 0.111111 0.125 0.0444444
1 0.2125 0.111111 0.1125 0.0444444
16 0.225 0.111111 0.0875 0.0444444
16 0.26875 0.1 0.05 0.0666667
16 0.28125 0.1 0.05 0.0666667
17 0.29375 0.111111 0.05 0.0444444
19 0.275 0.122222 0.1125 0.0222222
19 0.33125 0.122222 0.05 0.0222222
19 0.3375 0.144444 0.0625 0.0666667
19 0.34375 0.133333 0.05 0.0444444
19 0.35625 0.133333 0.05 0.0444444
19 0.375 0.133333 0.0375 0.0444444
60 0.4 0.122222 0.0375 0.0222222
60 0.4125 0.122222 0.0375 0.0222222
19 0.425 0.122222 0.0375 0.0222222
25 0.4375 0.122222 0.0375 0.0222222
19 0.45 0.122222 0.0375 0.0222222
19 0.4625 0.122222 0.0375 0.0222222
25 0.48125 0.122222 0.025 0.0222222
19 0.49375 0.122222 0.025 0.0222222
19 0.50625 0.122222 0 0.0222222
19 0.51875 0.122222 0 0.0222222
17 0.58125 0.122222 0.275 0.0222222
1 0.53125 0.122222 0.125 0.0222222
1 0.63125 0.122222 0.125 0.0222222
2 0.6875 0.122222 0.1875 0.0222222
2 0.65 0.111111 0.0875 0.0444444
1 0.675 0.111111 0.1125 0.0444444
1 0.7 0.122222 0.1125 0.0222222
25 0.74375 0.122222 0.175 0.0222222
19 0.7 0.133333 0.1125 0.0444444
17 0.74375 0.122222 0.1 0.0222222
1 0.75625 0.111111 0.125 0.0444444
25 0.8375 0.111111 0.1875 0.0444444
8 0.84375 0.111111 0.175 0.0444444
8 0.81875 0.111111 0.1 0.0444444
8 0.890625 0.111111 0.21875 0.0444444
8 0.915625 0.122222 0.16875 0.0666667
1 0.9 0.122222 0.1125 0.0666667
1 0.90625 0.111111 0.1 0.0888889
25 0.93125 0.111111 0.125 0.0444444
8 0.940625 0.111111 0.11875 0.0444444
4 0.95 0.111111 0.0875 0.0444444
1 0.94375 0.111111 0.075 0.0888889
1 0.959375 0.1 0.08125 0.0666667
8 0.065625 0.144444 0.13125 0.0666667
8 0.040625 0.144444 0.08125 0.0666667
1 0.1625 0.144444 0.2125 0.0666667
1 0.16875 0.155556 0.2 0.0444444
1 0.15625 0.155556 0.1 0.0444444
1 0.16875 0.144444 0.125 0.0666667
1 0.18125 0.155556 0.125 0.0444444
1 0.21875 0.155556 0.2 0.0444444
1 0.25625 0.155556 0.2 0.0444444
1 0.23125 0.155556 0.125 0.0444444
19 0.2375 0.155556 0.0875 0.0444444
21 0.25625 0.144444 0.075 0.0666667
21 0.3 0.144444 0.0125 0.0666667
25 0.26875 0.144444 0.1 0.0666667
