12 0.034375 0.0111111 0.06875 0.0222222
2 0.040625 0.0222222 0.08125 0.0444444
4 0.071875 0.0222222 0.14375 0.0444444
5 0.10625 0.0222222 0.15 0.0444444
11 0.11875 0.0222222 0.15 0.0444444
11 0.11875 0.0222222 0.175 0.0444444
11 0.09375 0.0222222 0.1 0.0444444
2 0.13125 0 0.025 0
7 0.15625 0 0 0
11 0.14375 0 0.05 0
11 0.18125 0 0 0
11 0.19375 0 0 0
11 0.20625 0 0 0
11 0.21875 0 0 0
18 0.43125 0.0222222 0.175 0.0444444
12 0.44375 0.0222222 0.175 0.0444444
11 0.45625 0.0222222 0.175 0.0444444
10 0.5 0.0222222 0.1625 0.0444444
10 0.525 0.0222222 0.1625 0.0444444
11 0.53125 0.0222222 0.175 0.0444444
11 0.5625 0.0222222 0.1625 0.0444444
11 0.6 0.0222222 0.1625 0.0444444
11 0.63125 0.0222222 0.175 0.0444444
21 0.66875 0.0222222 0.175 0.0444444
59 0.81875 0.0222222 0.15 0.0444444
11 0.015625 0.0222222 0.03125 0.0444444
6 0.034375 0.0111111 0.06875 0.0222222
6 0.078125 0.0222222 0.15625 0.0444444
6 0.1 0.0333333 0.1375 0.0666667
11 0.1 0.0333333 0.1625 0.0666667
11 0.10625 0.0222222 0.175 0.0444444
11 0.09375 0.0222222 0.1 0.0444444
10 0.1375 0.0111111 0.0375 0.0222222
6 0.13125 0.0111111 0.05 0.0222222
6 0.1875 0.0333333 0.1625 0.0666667
10 0.25625 0.0111111 0.175 0.0222222
10 0.275 0.0222222 0.1625 0.0444444
7 0.2875 0.0222222 0.1625 0.0444444
10 0.30625 0.0222222 0.175 0.0444444
10 0.34375 0.0222222 0.175 0.0444444
10 0.3875 0.0222222 0.1875 0.0444444
18 0.43125 0.0222222 0.175 0.0444444
11 0.44375 0.0222222 0.175 0.0444444
11 0.46875 0.0222222 0.175 0.0444444
11 0.50625 0.0222222 0.175 0.0444444
11 0.54375 0.0222222 0.175 0.0444444
11 0.58125 0.0222222 0.125 0.0444444
18 0.5875 0.0222222 0.1625 0.0444444
21 0.61875 0.0222222 0.175 0.0444444
18 0.63125 0.0222222 0.175 0.0444444
21 0.65625 0.0222222 0.175 0.0444444
22 0.71875 0.0111111 0.1 0.0222222
22 0.75 0.0111111 0.1625 0.0222222
22 0.7625 0.0222222 0.1625 0.0444444
21 0.8125 0.0222222 0.1625 0.0444444
22 0.96875 0.0111111 0.05 0.0222222
54 0.975 0.0111111 0.0375 0.0222222
8 0.009375 0.0444444 0.01875 0.0888889
8 0.034375 0.0333333 0.06875 0.0666667
4 0.034375 0.0444444 0.06875 0.0444444
6 0.09375 0.0444444 0.125 0.0444444
2 0.0875 0.0444444 0.1625 0.0444444
6 0.1 0.0555556 0.1625 0.0666667
7 0.1375 0.0555556 0.0375 0.0666667
6 0.1375 0.0444444 0.0375 0.0444444
6 0.1875 0.0555556 0.1375 0.0666667
6 0.19375 0.0444444 0.175 0.0444444
6 0.20625 0.0333333 0.175 0.0666667
23 0.3875 0.0444444 0.0375 0.0444444
11 0.44375 0.0444444 0.125 0.0444444
21 0.4375 0.0444444 0.1625 0.0444444
18 0.45 0.0444444 0.1625 0.0444444
11 0.5 0.0444444 0.1375 0.0444444
18 0.5125 0.0444444 0.1625 0.0444444
22 0.5375 0.0444444 0.0375 0.0444444
18 0.58125 0.0444444 0.125 0.0444444
18 0.59375 0.0333333 0.15 0.0666667
18 0.6125 0.0444444 0.1625 0.0444444
18 0.65625 0.0444444 0.125 0.0444444
18 0.66875 0.0333333 0.175 0.0666667
18 0.7 0.0444444 0.1375 0.0444444
18 0.8 0.0555556 0.1125 0.0666667
18 0.80625 0.0444444 0.125 0.0444444
25 0.86875 0.0444444 0.125 0.0444444
25 0.89375 0.0444444 0.1 0.0444444
22 0.90625 0.0444444 0.125 0.0444444
21 0.053125 0.0555556 0.10625 0.111111
8 0.059375 0.0444444 0.11875 0.0888889
6 0.03125 0.0777778 0.05 0.0666667
2 0.04375 0.0777778 0.025 0.0666667
4 0.1 0.0777778 0.1125 0.0666667
6 0.0875 0.0777778 0.1625 0.0666667
22 0.0625 0.0777778 0.0875 0.0666667
7 0.1375 0.0666667 0.0375 0.0444444
6 0.1375 0.0555556 0.0375 0.0666667
21 0.1375 0.0666667 0.0375 0.0444444
21 0.15625 0.0666667 0.075 0.0444444
3 0.23125 0.0666667 0.175 0.0444444
3 0.275 0.0777778 0.1125 0.0666667
10 0.275 0.0777778 0.1375 0.0666667
3 0.31875 0.0666667 0.125 0.0444444
1 0.33125 0.0666667 0.125 0.0444444
10 0.34375 0.0666667 0.125 0.0444444
10 0.375 0.0666667 0.1375 0.0444444
3 0.39375 0.0666667 0.125 0.0444444
10 0.41875 0.0666667 0.125 0.0444444
10 0.3875 0.0666667 0.2125 0.0444444
21 0.4375 0.0666667 0.1375 0.0444444
18 0.44375 0.0666667 0.15 0.0444444
14 0.46875 0.0666667 0.125 0.0444444
18 0.49375 0.0666667 0.125 0.0444444
18 0.5 0.0555556 0.1375 0.0666667
10 0.50625 0.0666667 0.15 0.0444444
3 0.525 0.0666667 0.1625 0.0444444
16 0.56875 0.0666667 0.1 0.0444444
16 0.575 0.0555556 0.1125 0.0222222
18 0.58125 0.0555556 0.125 0.0666667
16 0.5875 0.0555556 0.1375 0.0666667
16 0.59375 0.0666667 0.15 0.0444444
16 0.625 0.0666667 0.1375 0.0444444
10 0.65625 0.0666667 0.125 0.0444444
10 0.68125 0.0666667 0.125 0.0444444
10 0.70625 0.0555556 0.1 0.0222222
10 0.70625 0.0555556 0.125 0.0666667
16 0.70625 0.0555556 0.15 0.0666667
16 0.74375 0.0666667 0.1 0.0444444
18 0.76875 0.0555556 0.075 0.0666667
14 0.79375 0.0666667 0.05 0.0444444
14 0.775 0.0666667 0.2125 0.0444444
18 0.825 0.0666667 0.1625 0.0444444
16 0.81875 0.0666667 0.175 0.0444444
21 0.86875 0.0666667 0.1 0.0444444
21 0.85625 0.0666667 0.05 0.0444444
18 0.971875 0.0555556 0.05625 0.0222222
19 0.053125 0.0555556 0.10625 0.111111
19 0.059375 0.0666667 0.11875 0.0888889
11 0.03125 0.0888889 0.05 0.0444444
6 0.03125 0.0888889 0.05 0.0444444
6 0.078125 0.0888889 0.15625 0.0444444
6 0.0875 0.0888889 0.1625 0.0444444
11 0.0625 0.0888889 0.0875 0.0444444
18 0.13125 0.0888889 0.025 0.0444444
19 0.1375 0.0888889 0.0375 0.0444444
21 0.15 0.0888889 0.0375 0.0444444
12 0.28125 0.0888889 0.1 0.0444444
12 0.3125 0.0888889 0.1125 0.0444444
12 0.33125 0.0777778 0.1 0.0222222
12 0.41875 0.0777778 0.1 0.0222222
10 0.425 0.0777778 0.1125 0.0222222
10 0.44375 0.0888889 0.125 0.0444444
10 0.46875 0.0888889 0.1 0.0444444
10 0.48125 0.0777778 0.1 0.0222222
10 0.4875 0.0888889 0.1125 0.0444444
10 0.5 0.0777778 0.1125 0.0222222
10 0.51875 0.0777778 0.1 0.0222222
21 0.525 0.0777778 0.1125 0.0222222
10 0.5375 0.0777778 0.1125 0.0222222
3 0.55625 0.0777778 0.1 0.0222222
21 0.5875 0.0777778 0.1125 0.0222222
55 0.59375 0.0888889 0.125 0.0444444
55 0.61875 0.0777778 0.1 0.0222222
16 0.625 0.0777778 0.0875 0.0222222
16 0.64375 0.0777778 0.1 0.0222222
21 0.65 0.0777778 0.1125 0.0222222
3 0.74375 0.0777778 0.1 0.0222222
22 0.7625 0.0888889 0.1125 0.0444444
18 0.76875 0.0888889 0.125 0.0444444
18 0.78125 0.0777778 0.125 0.0666667
18 0.79375 0.0666667 0.125 0.0444444
17 0.76875 0.0777778 0.2 0.0666667
14 0.8125 0.0777778 0.1375 0.0666667
18 0.8125 0.0777778 0.1625 0.0666667
19 0.8375 0.0777778 0.1375 0.0222222
21 0.84375 0.0666667 0.15 0.0444444
21 0.79375 0.0666667 0.275 0.0444444
11 0.80625 0.0777778 0.275 0.0666667
6 0.8875 0.0888889 0.1375 0.0444444
4 0.8875 0.0666667 0.1625 0.0444444
4 0.9125 0.0888889 0.1625 0.0444444
4 0.934375 0.0777778 0.13125 0.0222222
18 0.96875 0.0666667 0.025 0.0444444
18 0.975 0.0777778 0.0375 0.0222222
18 0.971875 0.0777778 0.05625 0.0666667
14 0.053125 0.0666667 0.10625 0.133333
19 0.059375 0.1 0.11875 0.0666667
19 0.03125 0.111111 0.05 0.0444444
6 0.075 0.111111 0.1375 0.0444444
6 0.08125 0.122222 0.15 0.0666667
2 0.13125 0.1 0.025 0.0666667
19 0.13125 0.1 0.025 0.0666667
12 0.225 0.111111 0.1625 0.0444444
12 0.28125 0.111111 0.1 0.0444444
12 0.2625 0.111111 0.1625 0.0444444
12 0.30625 0.111111 0.1 0.0444444
12 0.325 0.111111 0.1125 0.0444444
10 0.375 0.111111 0.1625 0.0444444
3 0.39375 0.111111 0.15 0.0444444
10 0.41875 0.1 0.15 0.0222222
3 0.43125 0.1 0.15 0.0222222
3 0.4375 0.111111 0.1625 0.0444444
3 0.4625 0.1 0.1375 0.0222222
1 0.48125 0.1 0.125 0.0222222
3 0.48125 0.111111 0.15 0.0444444
12 0.525 0.122222 0.1625 0.0666667
3 0.5375 0.1 0.1625 0.0222222
3 0.55 0.111111 0.1625 0.0444444
3 0.575 0.0888889 0.1375 0.0444444
3 0.58125 0.1 0.15 0.0222222
3 0.625 0.111111 0.1375 0.0444444
12 0.6375 0.111111 0.1375 0.0444444
10 0.6625 0.111111 0.1625 0.0444444
3 0.675 0.111111 0.1625 0.0444444
3 0.6875 0.1 0.1625 0.0222222
1 0.7 0.1 0.1625 0.0222222
3 0.75625 0.111111 0.1 0.0444444
16 0.7625 0.111111 0.1125 0.0444444
17 0.76875 0.111111 0.125 0.0444444
18 0.775 0.111111 0.1375 0.0444444
17 0.80625 0.111111 0.125 0.0444444
18 0.8125 0.1 0.1625 0.0666667
19 0.81875 0.1 0.175 0.0666667
19 0.8625 0.1 0.1375 0.0666667
21 0.86875 0.1 0.125 0.0666667
22 0.86875 0.1 0.15 0.0666667
11 0.875 0.0888889 0.1625 0.0888889
6 0.9 0.1 0.1625 0.0666667
4 0.915625 0.1 0.16875 0.0666667
25 0.921875 0.1 0.15625 0.0666667
4 0.934375 0.0888889 0.13125 0.0444444
1 0.93125 0.0888889 0.1 0.0444444
17 0.975 0.1 0.0375 0.0222222
18 0.975 0.1 0.0375 0.0222222
18 0.9875 0.0888889 0.0125 0.0444444
21 0.059375 0.111111 0.11875 0.133333
8 0.0625 0.122222 0.1125 0.0666667
19 0.03125 0.122222 0.05 0.0666667
19 0.04375 0.122222 0.05 0.0666667
6 0.034375 0.122222 0.06875 0.0666667
6 0.05625 0.122222 0.1 0.0666667
29 0.0625 0.111111 0.0875 0.0444444
2 0.13125 0.111111 0.025 0.0444444
2 0.14375 0.111111 0.025 0.0444444
25 0.15625 0.111111 0 0.0444444
60 0.1875 0.122222 0.1375 0.0666667
60 0.16875 0.111111 0.125 0.0444444
12 0.21875 0.122222 0.175 0.0666667
10 0.28125 0.122222 0.075 0.0666667
10 0.30625 0.122222 0.05 0.0666667
10 0.31875 0.122222 0.05 0.0666667
7 0.3 0.122222 0.2125 0.0666667
10 0.3125 0.122222 0.2125 0.0666667
10 0.33125 0.111111 0.2 0.0444444
3 0.35625 0.122222 0.2 0.0666667
10 0.39375 0.133333 0.2 0.0888889
10 0.4375 0.133333 0.1625 0.0888889
3 0.45625 0.122222 0.175 0.0666667
12 0.46875 0.133333 0.2 0.0888889
21 0.5 0.133333 0.1625 0.0888889
12 0.63125 0.133333 0.125 0.0444444
10 0.65625 0.133333 0.1 0.0444444
10 0.6125 0.133333 0.2125 0.0444444
10 0.66875 0.133333 0.15 0.0444444
10 0.6875 0.144444 0.1375 0.0666667
10 0.7125 0.133333 0.1125 0.0444444
3 0.71875 0.133333 0.125 0.0444444
1 0.7125 0.122222 0.1625 0.0666667
3 0.71875 0.111111 0.025 0.0444444
16 0.76875 0.122222 0.15 0.0666667
19 0.8 0.111111 0.1125 0.0444444
18 0.76875 0.122222 0.05 0.0222222
18 0.8125 0.122222 0.1625 0.0222222
18 0.8125 0.122222 0.1625 0.0666667
21 0.81875 0.122222 0.175 0.0666667
18 0.85625 0.111111 0.125 0.0444444
21 0.86875 0.111111 0.125 0.0444444
22 0.89375 0.122222 0.125 0.0666667
6 0.9125 0.111111 0.1125 0.0444444
6 0.875 0.111111 0.0875 0.0444444
6 0.921875 0.111111 0.15625 0.0444444
18 0.9625 0.122222 0.0125 0.0222222
17 0.9625 0.122222 0.0375 0.0222222
18 0.98125 0.122222 0.025 0.0222222
2 0.9875 0.111111 0.0125 0.0444444
19 0.0625 0.111111 0.1125 0.0888889
19 0.04375 0.144444 0.05 0.0222222
22 0.04375 0.155556 0.05 0.0444444
6 0.078125 0.155556 0.15625 0.0444444
6 0.0875 0.155556 0.1375 0.0444444
6 0.05625 0.155556 0.1 0.0444444
11 0.0875 0.133333 0.0875 0.133333
2 0.13125 0.133333 0.025 0.0888889
11 0.14375 0.133333 0.025 0.0444444
11 0.1375 0.155556 0.0375 0.0444444
6 0.1875 0.166667 0.1375 0.0666667
4 0.19375 0.155556 0.175 0.0444444
12 0.2 0.144444 0.1375 0.0222222
26 0.25 0.155556 0.0625 0.0888889
10 0.28125 0.133333 0.1 0.0444444
10 0.3 0.155556 0.1125 0.0888889
10 0.3125 0.144444 0.1125 0.0666667
