6 0.028125 0.0222222 0.05625 0.0444444
60 0.13125 0.0111111 0.15 0.0222222
11 0.2375 0.0111111 0.1625 0.0222222
6 0.24375 0.0111111 0.175 0.0222222
65 0.23125 0.0111111 0.125 0.0222222
21 0.49375 0.0222222 0.175 0.0444444
21 0.50625 0.0111111 0.2 0.0222222
43 0.94375 0.0111111 0.1 0.0222222
43 0.93125 0.0111111 0.05 0.0222222
8 0.89375 0.0111111 0.15 0.0222222
4 0.93125 0.0111111 0.1 0.0222222
4 0.946875 0.0111111 0.10625 0.0222222
44 0.959375 0.0111111 0.08125 0.0222222
6 0.015625 0.0222222 0.03125 0.0444444
6 0.03125 0.0222222 0.025 0.0444444
60 0.078125 0.0111111 0.15625 0.0222222
15 0.425 0.0333333 0.0875 0.0666667
14 0.4375 0.0333333 0.0875 0.0666667
21 0.4875 0.0333333 0.1625 0.0666667
21 0.51875 0.0222222 0.125 0.0444444
21 0.54375 0.0222222 0.125 0.0444444
21 0.51875 0.0111111 0.2 0.0222222
21 0.93125 0.0111111 0.1 0.0222222
8 0.946875 0.0111111 0.10625 0.0222222
6 0.940625 0.0111111 0.11875 0.0222222
4 0.940625 0.0111111 0.11875 0.0222222
4 0.946875 0.0222222 0.10625 0.0444444
4 0.95 0.0111111 0.0875 0.0222222
2 0.015625 0.0333333 0.03125 0.0666667
6 0.015625 0.0333333 0.03125 0.0666667
4 0.021875 0.0444444 0.04375 0.0888889
6 0.2375 0.0444444 0.1625 0.0888889
6 0.20625 0.0444444 0.1 0.0888889
6 0.2125 0.0444444 0.0875 0.0888889
15 0.43125 0.0444444 0.075 0.0888889
15 0.50625 0.0444444 0.125 0.0444444
15 0.5125 0.0555556 0.1375 0.0666667
15 0.53125 0.0333333 0.125 0.0666667
21 0.50625 0.0333333 0.2 0.0666667
21 0.51875 0.0444444 0.2 0.0444444
21 0.5375 0.0555556 0.1625 0.0666667
4 0.946875 0.0333333 0.10625 0.0666667
4 0.953125 0.0222222 0.09375 0.0444444
10 0.959375 0.0222222 0.08125 0.0444444
4 0.015625 0.0555556 0.03125 0.0666667
2 0.021875 0.0666667 0.04375 0.0888889
4 0.071875 0.0555556 0.14375 0.111111
21 0.08125 0.0444444 0.125 0.0888889
21 0.11875 0.0777778 0.175 0.0666667
78 0.13125 0.0777778 0.175 0.0666667
21 0.43125 0.0555556 0.025 0.0666667
14 0.45 0.0777778 0.0375 0.0666667
14 0.5 0.0666667 0.1125 0.0444444
21 0.48125 0.0666667 0.2 0.0444444
21 0.4625 0.0666667 0.2875 0.0444444
21 0.51875 0.0666667 0.2 0.0444444
21 0.4875 0.0555556 0.2875 0.0222222
21 0.54375 0.0555556 0.2 0.0222222
21 0.55625 0.0666667 0.2 0.0444444
21 0.58125 0.0666667 0.075 0.0444444
10 0.9125 0.0777778 0.1625 0.0666667
78 0.9 0.0666667 0.1125 0.0444444
21 0.90625 0.0666667 0.125 0.0444444
21 0.934375 0.0777778 0.13125 0.0666667
21 0.965625 0.0666667 0.06875 0.0444444
12 0.978125 0.0555556 0.04375 0.0222222
8 0.971875 0.0444444 0.05625 0.0888889
8 0.971875 0.0444444 0.05625 0.0444444
10 0.965625 0.0444444 0.06875 0.0444444
2 0.015625 0.0777778 0.03125 0.0666667
2 0.021875 0.0666667 0.04375 0.133333
6 0.1125 0.1 0.1125 0.0666667
6 0.13125 0.0888889 0.1 0.0444444
6 0.15625 0.0888889 0.1 0.0444444
6 0.18125 0.0888889 0.1 0.0444444
6 0.19375 0.0888889 0.1 0.0888889
2 0.2125 0.0888889 0.0875 0.0888889
4 0.225 0.0888889 0.0875 0.0888889
6 0.24375 0.0888889 0.1 0.0888889
6 0.26875 0.0888889 0.1 0.0888889
6 0.28125 0.0777778 0.075 0.111111
21 0.3625 0.0666667 0.0875 0.133333
21 0.375 0.0666667 0.0875 0.133333
21 0.3875 0.0666667 0.1125 0.133333
15 0.425 0.0555556 0.0375 0.0666667
14 0.4375 0.0777778 0.0375 0.0666667
14 0.45 0.0777778 0.2125 0.0666667
14 0.50625 0.0777778 0.125 0.0666667
14 0.48125 0.0888889 0.2 0.0888889
14 0.5125 0.0777778 0.2125 0.0666667
14 0.6 0.0777778 0.1125 0.0666667
10 0.775 0.0777778 0.1625 0.111111
10 0.86875 0.0666667 0.15 0.0888889
10 0.925 0.0666667 0.1375 0.0888889
10 0.9375 0.0777778 0.0625 0.0666667
10 0.95625 0.0777778 0.05 0.0666667
10 0.965625 0.0888889 0.06875 0.0444444
10 0.921875 0.0888889 0.15625 0.0444444
10 0.965625 0.0888889 0.06875 0.0888889
12 0.953125 0.0777778 0.09375 0.0666667
21 0.021875 0.0777778 0.04375 0.111111
6 0.01875 0.0777778 0.025 0.111111
4 0.025 0.0777778 0.0375 0.111111
4 0.03125 0.0777778 0.025 0.111111
6 0.034375 0.1 0.06875 0.111111
21 0.04375 0.1 0.075 0.111111
21 0.0625 0.1 0.0875 0.0666667
21 0.08125 0.1 0.075 0.0666667
4 0.09375 0.111111 0.075 0.0888889
4 0.1125 0.111111 0.0875 0.0888889
4 0.125 0.1 0.0875 0.111111
2 0.1375 0.1 0.0875 0.111111
2 0.1625 0.1 0.0875 0.111111
2 0.175 0.0777778 0.0875 0.155556
2 0.19375 0.0777778 0.1 0.155556
2 0.225 0.0888889 0.0875 0.133333
2 0.2375 0.0777778 0.0875 0.155556
4 0.2625 0.0888889 0.0875 0.133333
2 0.275 0.0666667 0.0875 0.133333
4 0.2875 0.0666667 0.0875 0.133333
21 0.3 0.0666667 0.0875 0.133333
21 0.325 0.0666667 0.0875 0.133333
14 0.3375 0.0777778 0.0875 0.155556
14 0.38125 0.0666667 0.025 0.133333
14 0.39375 0.0777778 0.025 0.155556
14 0.375 0.0777778 0.0875 0.155556
14 0.425 0.1 0.0375 0.0666667
14 0.40625 0.111111 0.1 0.0444444
14 0.45 0.111111 0.2125 0.0444444
14 0.4625 0.111111 0.0375 0.0444444
14 0.5 0.1 0.1375 0.0666667
14 0.55625 0.111111 0.1 0.0444444
21 0.55625 0.111111 0.15 0.0444444
21 0.675 0.1 0.0875 0.111111
21 0.7 0.1 0.0875 0.111111
21 0.71875 0.0888889 0.075 0.133333
21 0.73125 0.1 0.075 0.111111
21 0.971875 0.0888889 0.05625 0.0444444
18 0.053125 0.1 0.10625 0.111111
14 0.015625 0.1 0.03125 0.111111
14 0.025 0.1 0.0375 0.111111
6 0.04375 0.1 0.025 0.111111
14 0.05625 0.1 0.025 0.111111
14 0.0625 0.122222 0.0375 0.0666667
10 0.075 0.122222 0.0375 0.0666667
10 0.06875 0.1 0.075 0.111111
10 0.10625 0.111111 0.025 0.0888889
10 0.11875 0.1 0.025 0.111111
6 0.10625 0.1 0.075 0.111111
6 0.125 0.1 0.0875 0.111111
4 0.15 0.1 0.0875 0.111111
6 0.1625 0.1 0.0875 0.111111
4 0.1875 0.1 0.0875 0.111111
6 0.20625 0.1 0.075 0.111111
6 0.225 0.1 0.0875 0.111111
6 0.2375 0.0888889 0.0875 0.133333
6 0.26875 0.1 0.075 0.111111
6 0.29375 0.0888889 0.075 0.0888889
14 0.30625 0.0888889 0.075 0.0888889
14 0.34375 0.0777778 0.025 0.111111
14 0.3875 0.0777778 0.0125 0.155556
14 0.39375 0.0777778 0 0.155556
14 0.40625 0.111111 0.1 0.0888889
10 0.43125 0.111111 0.05 0.0444444
14 0.475 0.111111 0.1125 0.0444444
15 0.4375 0.111111 0.0625 0.0444444
14 0.4625 0.111111 0.0625 0.0444444
14 0.5125 0.122222 0.1625 0.0666667
21 0.51875 0.111111 0.175 0.0444444
21 0.5625 0.122222 0.1625 0.0666667
14 0.575 0.111111 0.1625 0.0444444
21 0.5875 0.111111 0.1625 0.0444444
21 0.55 0.111111 0.0875 0.0444444
21 0.58125 0.1 0.075 0.111111
21 0.6 0.1 0.0875 0.111111
21 0.6375 0.1 0.0375 0.111111
15 0.65 0.1 0.0375 0.111111
15 0.6625 0.1 0.0375 0.111111
15 0.675 0.0888889 0.0375 0.0888889
15 0.69375 0.0888889 0.025 0.0888889
21 0.70625 0.1 0.05 0.111111
21 0.7125 0.133333 0.0625 0.0444444
21 0.71875 0.144444 0.075 0.0666667
15 0.725 0.144444 0.0875 0.0666667
21 0.78125 0.144444 0.175 0.0666667
21 0.825 0.133333 0.1125 0.0444444
21 0.8125 0.133333 0.1625 0.0444444
10 0.978125 0.111111 0.04375 0.0444444
10 0.978125 0.1 0.04375 0.111111
21 0.053125 0.111111 0.10625 0.0888889
21 0.025 0.111111 0.0375 0.0888889
14 0.04375 0.122222 0.025 0.111111
14 0.0625 0.133333 0.0125 0.0444444
14 0.06875 0.133333 0.025 0.0444444
14 0.08125 0.133333 0.025 0.0444444
14 0.09375 0.111111 0.025 0.0888889
15 0.10625 0.111111 0.025 0.0888889
14 0.11875 0.111111 0.025 0.0888889
18 0.13125 0.111111 0.025 0.0888889
18 0.1375 0.111111 0.0375 0.0888889
18 0.15 0.111111 0.0375 0.0888889
14 0.1625 0.111111 0.0375 0.0888889
18 0.175 0.111111 0.0375 0.0888889
14 0.1875 0.111111 0.0375 0.0888889
21 0.2 0.111111 0.0375 0.0888889
21 0.2125 0.111111 0.0375 0.0888889
21 0.225 0.111111 0.0375 0.0888889
14 0.24375 0.111111 0.025 0.0888889
14 0.25625 0.111111 0.025 0.0888889
19 0.2375 0.111111 0.0875 0.0888889
21 0.25625 0.111111 0.075 0.0888889
21 0.2875 0.111111 0.0375 0.0888889
14 0.30625 0.111111 0.025 0.0888889
14 0.31875 0.122222 0.025 0.0666667
14 0.30625 0.133333 0.075 0.0888889
14 0.35625 0.122222 0.025 0.111111
14 0.34375 0.122222 0.075 0.111111
14 0.35625 0.133333 0.075 0.0888889
14 0.3625 0.122222 0.0625 0.0666667
14 0.425 0.144444 0.1625 0.0666667
14 0.4125 0.144444 0.0875 0.0666667
14 0.4375 0.144444 0.0375 0.0666667
14 0.46875 0.144444 0.175 0.0666667
14 0.45 0.144444 0.0875 0.0666667
14 0.46875 0.133333 0.075 0.0888889
21 0.5125 0.133333 0.1625 0.0888889
14 0.51875 0.133333 0.05 0.0888889
21 0.51875 0.133333 0.05 0.0888889
14 0.56875 0.122222 0.15 0.0666667
14 0.575 0.133333 0.1625 0.0888889
14 0.5875 0.144444 0.1625 0.111111
15 0.5625 0.133333 0.0875 0.0888889
21 0.5625 0.133333 0.0875 0.0888889
21 0.5875 0.122222 0.0625 0.0666667
15 0.59375 0.122222 0.075 0.155556
14 0.625 0.233333 0.0625 0.466667
14 0.64375 0.233333 0.05 0.466667
14 0.65625 0.0888889 0.05 0.177778
14 0.66875 0.111111 0.05 0.133333
14 0.66875 0.122222 0.075 0.155556
10 0.6625 0.122222 0.1125 0.155556
14 0.675 0.133333 0.1125 0.133333
14 0.7125 0.155556 0.0375 0.0888889
15 0.7125 0.155556 0.0625 0.0888889
18 0.71875 0.155556 0.075 0.0888889
21 0.725 0.155556 0.0875 0.0888889
21 0.83125 0.144444 0.1 0.111111
60 0.875 0.133333 0.0875 0.0444444
60 0.9 0.133333 0.0875 0.0444444
25 0.94375 0.166667 0.05 0.0666667
25 0.91875 0.155556 0.125 0.0888889
79 0.978125 0.122222 0.04375 0.155556
21 0.053125 0.144444 0.10625 0.111111
21 0.025 0.144444 0.0375 0.111111
21 0.028125 0.133333 0.05625 0.133333
14 0.0375 0.133333 0.0375 0.133333
14 0.04375 0.144444 0.05 0.0666667
21 0.05625 0.155556 0.1 0.0888889
14 0.06875 0.144444 0.1 0.0666667
21 0.075 0.144444 0.0875 0.0666667
21 0.075 0.133333 0.1125 0.133333
21 0.125 0.144444 0.0375 0.0666667
14 0.11875 0.133333 0.075 0.133333
21 0.125 0.133333 0.0875 0.133333
14 0.1375 0.144444 0.0875 0.0666667
21 0.20625 0.155556 0.175 0.0888889
21 0.23125 0.144444 0.175 0.111111
21 0.25625 0.155556 0.2 0.0888889
21 0.3 0.155556 0.1875 0.0888889
21 0.34375 0.155556 0.175 0.0888889
16 0.36875 0.155556 0.175 0.0888889
20 0.38125 0.166667 0.175 0.0666667
21 0.39375 0.166667 0.175 0.0666667
21 0.43125 0.166667 0.175 0.0666667
21 0.46875 0.166667 0.175 0.0666667
21 0.44375 0.166667 0.075 0.0666667
14 0.45625 0.144444 0.075 0.111111
21 0.475 0.144444 0.0875 0.111111
14 0.4875 0.166667 0.0875 0.0666667
14 0.50625 0.144444 0.075 0.111111
21 0.51875 0.144444 0.075 0.111111
21 0.58125 0.144444 0.15 0.111111
21 0.55 0.144444 0.0875 0.111111
21 0.5875 0.144444 0.0375 0.111111
14 0.625 0.144444 0.1625 0.111111
14 0.60625 0.155556 0.1 0.133333
14 0.63125 0.133333 0.075 0.133333
14 0.6375 0.122222 0.0625 0.111111
14 0.65625 0.122222 0.075 0.111111
15 0.66875 0.133333 0.075 0.133333
15 0.6875 0.133333 0.0625 0.133333
21 0.7125 0.155556 0.0375 0.133333
21 0.725 0.166667 0.0375 0.111111
15 0.71875 0.166667 0.075 0.111111
15 0.76875 0.177778 0.175 0.0888889
21 0.78125 0.188889 0.175 0.0666667
60 0.79375 0.177778 0.175 0.0444444
59 0.83125 0.177778 0.175 0.0444444
59 0.8625 0.177778 0.1625 0.0444444
60 0.86875 0.177778 0.175 0.0444444
