51 0.7 0.0111111 0.1875 0.0222222
25 0.725 0.0111111 0.1875 0.0222222
53 0.74375 0.0111111 0.175 0.0222222
23 0.71875 0 0.3 0
23 0.74375 0.0111111 0.275 0.0222222
23 0.75625 0.0111111 0.275 0.0222222
60 0.8125 0.0111111 0.2875 0.0222222
6 0.903125 0.0222222 0.19375 0.0444444
44 0.946875 0.0111111 0.10625 0.0222222
11 0.94375 0 0.1 0
11 0.990625 0.0111111 0.01875 0.0222222
11 0.015625 0.0222222 0.03125 0.0444444
11 0.5 0.0222222 0.1625 0.0444444
20 0.74375 0.0111111 0.15 0.0222222
20 0.7375 0.0222222 0.1625 0.0444444
18 0.75 0.0222222 0.1875 0.0444444
17 0.8125 0.0111111 0.1125 0.0222222
20 0.825 0.0111111 0.1375 0.0222222
20 0.8875 0.0111111 0.1125 0.0222222
51 0.95625 0.0333333 0.075 0.0666667
51 0.946875 0.0222222 0.10625 0.0444444
29 0.98125 0.0111111 0.025 0.0222222
18 0.990625 0.0333333 0.01875 0.0666667
21 0.015625 0.0333333 0.03125 0.0666667
17 0.81875 0.0222222 0.125 0.0444444
17 0.775 0.0222222 0.0375 0.0444444
18 0.85625 0.0222222 0.125 0.0444444
17 0.8875 0.0222222 0.1125 0.0444444
21 0.9125 0.0222222 0.1125 0.0444444
21 0.93125 0.0333333 0.125 0.0666667
60 0.925 0.0333333 0.1375 0.0666667
25 0.94375 0.0333333 0.1 0.0666667
47 0.959375 0.0333333 0.08125 0.0666667
19 0.984375 0.0333333 0.03125 0.0666667
21 0.025 0.0333333 0.0375 0.0666667
21 0.71875 0.0555556 0.125 0.0222222
18 0.74375 0.0555556 0.125 0.0222222
20 0.75 0.0666667 0.1375 0.0444444
18 0.7625 0.0666667 0.1125 0.0444444
18 0.73125 0.0555556 0.025 0.0222222
18 0.7875 0.0555556 0.1125 0.0222222
18 0.8125 0.0777778 0.1125 0.0666667
18 0.81875 0.0555556 0.125 0.0222222
18 0.79375 0.0555556 0.025 0.0222222
20 0.8625 0.0666667 0.1375 0.0444444
18 0.86875 0.0777778 0.125 0.0666667
18 0.875 0.0666667 0.1375 0.0444444
18 0.9125 0.0555556 0.1375 0.0222222
20 0.925 0.0555556 0.1375 0.0222222
21 0.934375 0.0555556 0.13125 0.0222222
21 0.940625 0.0333333 0.11875 0.0666667
21 0.946875 0.0444444 0.10625 0.0444444
14 0.965625 0.0444444 0.06875 0.0888889
4 0.98125 0.0555556 0.025 0.0222222
18 0.9875 0.0666667 0.0125 0.0444444
18 0.990625 0.0666667 0.01875 0.0444444
21 0.015625 0.0777778 0.03125 0.0666667
26 0.31875 0.0777778 0.175 0.0222222
26 0.34375 0.0666667 0.175 0.0444444
26 0.3625 0.0555556 0.1875 0.0666667
10 0.38125 0.0666667 0.175 0.0888889
3 0.36875 0.0666667 0.075 0.0888889
10 0.38125 0.0777778 0.075 0.0222222
10 0.40625 0.0777778 0.075 0.0222222
21 0.41875 0.0777778 0.075 0.0222222
11 0.41875 0.0777778 0.05 0.0222222
55 0.43125 0.0666667 0.025 0.0444444
11 0.44375 0.0666667 0.025 0.0444444
47 0.45625 0.0666667 0 0.0444444
47 0.4875 0.0666667 0.0625 0.0444444
21 0.4875 0.0666667 0.0625 0.0444444
21 0.50625 0.0666667 0.075 0.0444444
21 0.5625 0.0666667 0.1375 0.0444444
21 0.6 0.0666667 0.1375 0.0444444
20 0.61875 0.0666667 0.125 0.0444444
21 0.625 0.0666667 0.1125 0.0444444
20 0.64375 0.0666667 0.125 0.0444444
18 0.6625 0.0888889 0.1125 0.0444444
2 0.63125 0.0888889 0.05 0.0444444
2 0.6875 0.0777778 0.1125 0.0222222
2 0.70625 0.0888889 0.125 0.0444444
18 0.725 0.0888889 0.1375 0.0444444
18 0.70625 0.0888889 0.05 0.0444444
18 0.75 0.0888889 0.1125 0.0444444
2 0.7625 0.0888889 0.1125 0.0444444
10 0.775 0.0888889 0.1125 0.0444444
18 0.7875 0.0888889 0.1125 0.0444444
2 0.75625 0.0888889 0.025 0.0444444
18 0.8125 0.0888889 0.1125 0.0444444
2 0.7875 0.0888889 0.0375 0.0444444
2 0.80625 0.0888889 0.025 0.0444444
10 0.8625 0.0888889 0.1125 0.0444444
18 0.8375 0.0777778 0.0375 0.0222222
17 0.84375 0.0777778 0.025 0.0222222
18 0.85625 0.0777778 0.025 0.0222222
18 0.8625 0.0777778 0.0375 0.0222222
18 0.88125 0.0777778 0.025 0.0222222
20 0.934375 0.0666667 0.13125 0.0444444
21 0.946875 0.0777778 0.10625 0.0666667
21 0.959375 0.0666667 0.08125 0.0444444
20 0.9625 0.0666667 0.0625 0.0444444
21 0.965625 0.0666667 0.06875 0.0444444
14 0.98125 0.0666667 0.025 0.0444444
18 0.990625 0.0777778 0.01875 0.0666667
17 0.990625 0.0888889 0.01875 0.0444444
21 0.028125 0.0777778 0.05625 0.0666667
43 0.16875 0.111111 0.175 0.0444444
21 0.61875 0.111111 0.175 0.0888889
18 0.64375 0.1 0.125 0.0666667
18 0.68125 0.1 0.15 0.0666667
17 0.68125 0.1 0.05 0.0666667
17 0.69375 0.111111 0.05 0.0888889
17 0.7 0.1 0.0625 0.0666667
7 0.71875 0.1 0.075 0.0666667
2 0.74375 0.1 0.05 0.0666667
2 0.75625 0.1 0.025 0.0666667
2 0.775 0.1 0.0625 0.0666667
2 0.78125 0.1 0.025 0.0666667
2 0.79375 0.1 0.025 0.0666667
2 0.80625 0.111111 0.025 0.0888889
2 0.83125 0.0888889 0.05 0.0444444
2 0.83125 0.0888889 0.025 0.0444444
7 0.84375 0.0888889 0.025 0.0444444
17 0.85625 0.0888889 0.025 0.0444444
18 0.86875 0.0888889 0.025 0.0444444
14 0.88125 0.0888889 0.025 0.0444444
14 0.89375 0.0777778 0.025 0.0666667
14 0.946875 0.0777778 0.10625 0.0666667
20 0.953125 0.0888889 0.09375 0.0888889
20 0.965625 0.0777778 0.06875 0.0666667
14 0.9625 0.0888889 0.0625 0.0888889
14 0.98125 0.0888889 0.025 0.0444444
17 0.990625 0.1 0.01875 0.0666667
21 0.028125 0.111111 0.05625 0.0888889
44 0.1375 0.111111 0.1625 0.0888889
43 0.16875 0.122222 0.175 0.0666667
18 0.69375 0.122222 0.125 0.0666667
18 0.675 0.122222 0.0625 0.0666667
21 0.7 0.111111 0.0625 0.0888889
18 0.70625 0.111111 0.05 0.0888889
21 0.74375 0.111111 0.125 0.0888889
18 0.74375 0.111111 0.05 0.0888889
2 0.75 0.111111 0.0625 0.0888889
2 0.7875 0.1 0.0625 0.0666667
25 0.7875 0.111111 0.0375 0.0888889
4 0.85 0.111111 0.0625 0.0888889
4 0.85625 0.111111 0.05 0.0444444
23 0.875 0.122222 0.0375 0.0666667
21 0.89375 0.122222 0.025 0.0666667
21 0.940625 0.111111 0.11875 0.0888889
21 0.865625 0.1 0.26875 0.111111
21 0.959375 0.1 0.08125 0.0666667
21 0.9625 0.122222 0.0625 0.0222222
4 0.965625 0.111111 0.06875 0.0888889
4 0.98125 0.133333 0.025 0.0444444
18 0.975 0.133333 0.0375 0.0444444
17 0.990625 0.133333 0.01875 0.0444444
11 0.053125 0.122222 0.10625 0.0666667
11 0.025 0.122222 0.0375 0.0666667
21 0.5875 0.144444 0.1375 0.0222222
21 0.61875 0.144444 0.15 0.0222222
17 0.68125 0.155556 0.175 0.0444444
22 0.675 0.144444 0.0625 0.0222222
25 0.81875 0.144444 0.125 0.0222222
25 0.8 0.144444 0.0375 0.0222222
18 0.85625 0.144444 0.05 0.0222222
19 0.85 0.144444 0.0375 0.0222222
20 0.91875 0.144444 0.15 0.0222222
21 0.940625 0.144444 0.11875 0.0222222
21 0.946875 0.133333 0.10625 0.0444444
21 0.946875 0.144444 0.10625 0.0666667
21 0.9625 0.155556 0.0625 0.0444444
4 0.98125 0.144444 0.025 0.0222222
17 0.996875 0.122222 0.00625 0.111111
19 0.053125 0.166667 0.10625 0.0666667
19 0.028125 0.166667 0.05625 0.0666667
60 0.06875 0.144444 0.1 0.0666667
47 0.15625 0.155556 0.05 0.0444444
47 0.225 0.155556 0.1625 0.0444444
21 0.20625 0.155556 0.15 0.0444444
19 0.24375 0.166667 0.15 0.0222222
18 0.25625 0.166667 0.125 0.0222222
2 0.20625 0.166667 0.025 0.0222222
20 0.275 0.166667 0.1375 0.0222222
18 0.2875 0.166667 0.1125 0.0222222
18 0.25625 0.166667 0.025 0.0222222
18 0.2625 0.155556 0.0375 0.0444444
2 0.26875 0.155556 0.025 0.0444444
2 0.2875 0.155556 0.0375 0.0444444
2 0.3 0.155556 0.0375 0.0444444
2 0.30625 0.155556 0.025 0.0444444
2 0.325 0.155556 0.0375 0.0444444
2 0.3375 0.155556 0.0375 0.0444444
2 0.35 0.155556 0.0125 0.0444444
2 0.35625 0.155556 0.025 0.0444444
2 0.375 0.155556 0.0375 0.0444444
18 0.3875 0.155556 0.0375 0.0444444
18 0.4 0.155556 0.0375 0.0444444
2 0.4125 0.155556 0.0375 0.0444444
18 0.425 0.155556 0.0375 0.0444444
18 0.4375 0.155556 0.0375 0.0444444
18 0.45 0.155556 0.0375 0.0444444
18 0.4625 0.155556 0.0375 0.0444444
18 0.475 0.155556 0.0375 0.0444444
18 0.53125 0.155556 0.125 0.0444444
19 0.51875 0.155556 0.05 0.0444444
18 0.5625 0.155556 0.1125 0.0444444
19 0.56875 0.155556 0.125 0.0444444
17 0.5875 0.155556 0.1375 0.0444444
20 0.6125 0.155556 0.1375 0.0444444
18 0.61875 0.166667 0.125 0.0666667
20 0.64375 0.155556 0.125 0.0444444
17 0.68125 0.166667 0.125 0.0666667
17 0.675 0.166667 0.1875 0.0666667
22 0.7375 0.166667 0.1375 0.0666667
22 0.74375 0.177778 0.125 0.0444444
22 0.7125 0.177778 0.0625 0.0444444
18 0.7625 0.177778 0.1625 0.0444444
20 0.775 0.177778 0.1875 0.0444444
18 0.825 0.177778 0.1375 0.0444444
18 0.85 0.166667 0.1125 0.0222222
18 0.875 0.166667 0.1375 0.0222222
18 0.8375 0.166667 0.0375 0.0222222
18 0.91875 0.166667 0.15 0.0222222
19 0.925 0.155556 0.1375 0.0444444
20 0.93125 0.166667 0.125 0.0666667
21 0.940625 0.166667 0.11875 0.0666667
21 0.865625 0.155556 0.26875 0.0888889
20 0.965625 0.155556 0.06875 0.0444444
19 0.9625 0.155556 0.0625 0.0444444
18 0.96875 0.155556 0.05 0.0444444
14 0.98125 0.155556 0.025 0.0444444
18 0.975 0.177778 0.0375 0.0444444
17 0.996875 0.166667 0.00625 0.0222222
19 0.053125 0.177778 0.10625 0.0444444
19 0.028125 0.177778 0.05625 0.0444444
19 0.021875 0.155556 0.04375 0.0888889
60 0.13125 0.166667 0.075 0.0666667
47 0.1375 0.166667 0.0875 0.0666667
60 0.20625 0.177778 0.2 0.0444444
21 0.2 0.177778 0.1625 0.0444444
18 0.19375 0.177778 0.05 0.0444444
18 0.21875 0.177778 0.025 0.0444444
18 0.225 0.188889 0.0375 0.0222222
18 0.24375 0.177778 0.05 0.0444444
18 0.25625 0.177778 0.05 0.0444444
18 0.275 0.177778 0.0375 0.0444444
17 0.2875 0.177778 0.0375 0.0444444
17 0.29375 0.166667 0.05 0.0222222
19 0.2875 0.177778 0.1125 0.0444444
18 0.3125 0.166667 0.1125 0.0222222
18 0.36875 0.166667 0.025 0.0222222
18 0.3875 0.166667 0.0375 0.0222222
18 0.4 0.166667 0.0375 0.0222222
17 0.40625 0.166667 0.05 0.0222222
17 0.41875 0.166667 0.05 0.0222222
17 0.43125 0.166667 0.05 0.0222222
17 0.44375 0.177778 0.05 0.0444444
18 0.45625 0.177778 0.05 0.0444444
18 0.46875 0.177778 0.05 0.0444444
18 0.49375 0.166667 0.075 0.0222222
18 0.51875 0.177778 0.05 0.0444444
19 0.5375 0.177778 0.0375 0.0444444
20 0.54375 0.177778 0.05 0.0444444
19 0.53125 0.177778 0.025 0.0444444
18 0.65 0.177778 0.1875 0.0444444
20 0.6625 0.177778 0.1875 0.0444444
20 0.61875 0.177778 0.125 0.0444444
22 0.6375 0.177778 0.0375 0.0444444
18 0.65 0.177778 0.0375 0.0444444
18 0.675 0.188889 0.0625 0.0222222
18 0.75 0.188889 0.1375 0.0222222
17 0.7375 0.188889 0.1125 0.0222222
17 0.70625 0.188889 0.05 0.0222222
17 0.725 0.188889 0.0375 0.0222222
18 0.7375 0.188889 0.0375 0.0222222
18 0.7625 0.188889 0.0125 0.0222222
18 0.7625 0.177778 0.0375 0.0444444
18 0.825 0.188889 0.1375 0.0222222
18 0.85 0.188889 0.1125 0.0222222
18 0.8625 0.177778 0.1375 0.0444444
21 0.89375 0.177778 0.125 0.0444444
60 0.91875 0.177778 0.15 0.0444444
21 0.959375 0.177778 0.08125 0.0444444
21 0.9625 0.177778 0.0625 0.0444444
18 0.975 0.166667 0.0375 0.0666667
14 0.98125 0.177778 0.025 0.0444444
17 0.996875 0.188889 0.00625 0.0222222
19 0.028125 0.211111 0.05625 0.0666667
19 0.03125 0.2 0.05 0.0444444
47 0.14375 0.2 0.075 0.0444444
47 0.1375 0.177778 0.0875 0.0444444
21 0.1875 0.188889 0.0375 0.0222222
18 0.20625 0.188889 0.025 0.0222222
17 0.2125 0.2 0.0375 0.0444444
19 0.225 0.188889 0.0375 0.0222222
18 0.2375 0.188889 0.0375 0.0222222
18 0.25 0.188889 0.0375 0.0222222
19 0.2625 0.188889 0.0375 0.0222222
19 0.275 0.2 0.0375 0.0444444
