10 0.971875 0.0111111 0.05625 0.0222222
6 0.93125 0.0111111 0.05 0.0222222
10 0.9375 0.0111111 0.0375 0.0222222
10 0.7625 0.0444444 0.0875 0.0888889
10 0.775 0.0333333 0.0875 0.0666667
21 0.9 0.0333333 0.0875 0.0666667
10 0.91875 0.0444444 0.075 0.0888889
10 0.93125 0.0333333 0.075 0.0666667
10 0.94375 0.0222222 0.025 0.0444444
12 0.9375 0.0222222 0.0375 0.0444444
2 0.971875 0.0333333 0.05625 0.0666667
6 0.971875 0.0333333 0.05625 0.0666667
4 0.971875 0.0444444 0.05625 0.0888889
10 0.60625 0.0666667 0.125 0.0888889
10 0.61875 0.0555556 0.125 0.111111
10 0.63125 0.0555556 0.125 0.111111
10 0.66875 0.0444444 0.125 0.0888889
10 0.69375 0.0555556 0.125 0.0666667
10 0.70625 0.0666667 0.125 0.0888889
10 0.71875 0.0555556 0.125 0.111111
10 0.78125 0.0555556 0.125 0.111111
31 0.91875 0.0444444 0.125 0.0888889
4 0.9625 0.0666667 0.0375 0.0888889
4 0.9625 0.0777778 0.0625 0.0666667
10 0.625 0.0555556 0.0875 0.111111
3 0.64375 0.0555556 0.075 0.111111
3 0.68125 0.0555556 0.125 0.111111
3 0.70625 0.0555556 0.125 0.111111
3 0.6875 0.0555556 0.0625 0.111111
8 0.69375 0.0555556 0.05 0.111111
3 0.74375 0.0666667 0.125 0.0888889
3 0.73125 0.0555556 0.05 0.111111
8 0.75 0.0555556 0.0625 0.111111
0 0.7625 0.0555556 0.0625 0.111111
2 0.8375 0.0666667 0.0625 0.0888889
2 0.8625 0.0888889 0.0625 0.0444444
0 0.875 0.0777778 0.0625 0.0666667
6 0.9625 0.0777778 0.0375 0.0666667
12 0.58125 0.0888889 0.1 0.0888889
10 0.6125 0.1 0.0625 0.0666667
8 0.61875 0.0888889 0.075 0.0888889
8 0.6375 0.0777778 0.0625 0.0666667
0 0.64375 0.0888889 0.075 0.0888889
0 0.6625 0.0888889 0.0625 0.0888889
8 0.675 0.1 0.0625 0.0666667
8 0.675 0.111111 0.0375 0.0888889
8 0.6875 0.122222 0.0375 0.0666667
8 0.69375 0.122222 0.025 0.0666667
2 0.70625 0.111111 0.025 0.0444444
2 0.71875 0.1 0.025 0.0666667
2 0.7375 0.111111 0.0375 0.0444444
8 0.74375 0.1 0.025 0.0666667
8 0.75 0.1 0.0375 0.0666667
8 0.7625 0.1 0.0375 0.111111
8 0.775 0.0888889 0.0375 0.133333
0 0.775 0.0777778 0.0625 0.111111
0 0.8 0.1 0.0375 0.0666667
0 0.8125 0.1 0.0125 0.0666667
0 0.825 0.1 0.0125 0.0666667
2 0.8375 0.0888889 0.0125 0.0444444
2 0.85 0.0888889 0.0125 0.0444444
2 0.86875 0.0888889 0.025 0.0888889
2 0.88125 0.0888889 0.025 0.0888889
21 0.925 0.0777778 0.1125 0.0666667
2 0.940625 0.0888889 0.11875 0.0888889
6 0.946875 0.0888889 0.10625 0.0888889
8 0.965625 0.0888889 0.06875 0.0888889
11 0.965625 0.0888889 0.06875 0.0888889
12 0.9625 0.0888889 0.0375 0.0888889
4 0.965625 0.0888889 0.06875 0.0888889
2 0.965625 0.1 0.06875 0.111111
2 0.053125 0.111111 0.10625 0.0888889
0 0.0375 0.111111 0.0375 0.0888889
2 0.03125 0.122222 0.05 0.0666667
8 0.18125 0.111111 0.125 0.0888889
31 0.16875 0.111111 0.05 0.0888889
12 0.2125 0.111111 0.0625 0.0888889
12 0.23125 0.111111 0.05 0.0888889
12 0.25 0.111111 0.0375 0.0888889
12 0.2625 0.111111 0.0375 0.0888889
12 0.275 0.111111 0.0375 0.0888889
12 0.2875 0.111111 0.0375 0.0888889
8 0.29375 0.111111 0.05 0.0888889
8 0.3125 0.111111 0.0375 0.0888889
43 0.325 0.111111 0.0625 0.0888889
12 0.35625 0.111111 0.1 0.0888889
10 0.59375 0.111111 0.075 0.133333
0 0.59375 0.111111 0.05 0.133333
0 0.64375 0.111111 0.075 0.0888889
0 0.6625 0.122222 0.0625 0.111111
0 0.6625 0.122222 0.0375 0.111111
0 0.675 0.122222 0.0375 0.111111
0 0.6875 0.122222 0.0375 0.111111
3 0.7 0.122222 0.0375 0.111111
2 0.7125 0.122222 0.0375 0.111111
8 0.73125 0.122222 0.025 0.111111
8 0.7375 0.122222 0.0375 0.111111
8 0.75 0.122222 0.0375 0.111111
8 0.775 0.122222 0.0375 0.111111
8 0.7875 0.122222 0.0375 0.111111
8 0.8 0.144444 0.0375 0.0666667
8 0.81875 0.144444 0.025 0.0666667
8 0.83125 0.133333 0.025 0.0444444
8 0.84375 0.133333 0.025 0.0444444
2 0.85625 0.122222 0.025 0.111111
2 0.86875 0.133333 0.025 0.0888889
8 0.88125 0.122222 0.025 0.111111
6 0.89375 0.133333 0.025 0.0444444
12 0.90625 0.133333 0 0.0444444
6 0.91875 0.133333 0 0.0444444
12 0.965625 0.133333 0.06875 0.0444444
39 0.9375 0.133333 0.0125 0.0444444
12 0.95625 0.133333 0 0.0444444
12 0.971875 0.133333 0.05625 0.0444444
6 0.965625 0.1 0.06875 0.111111
6 0.053125 0.133333 0.10625 0.0888889
0 0.028125 0.155556 0.05625 0.133333
0 0.03125 0.133333 0.05 0.0888889
16 0.1375 0.122222 0.0375 0.0666667
16 0.15 0.122222 0.0375 0.0666667
31 0.1625 0.122222 0.0375 0.0666667
8 0.16875 0.133333 0.05 0.0888889
8 0.18125 0.133333 0.05 0.0888889
12 0.20625 0.144444 0.075 0.0666667
12 0.225 0.144444 0.0625 0.0666667
12 0.2625 0.155556 0.0375 0.0444444
12 0.2875 0.155556 0.0375 0.0444444
12 0.3125 0.155556 0.0375 0.0444444
12 0.325 0.155556 0.0375 0.0444444
25 0.33125 0.144444 0.05 0.0666667
6 0.3625 0.133333 0.0875 0.0888889
2 0.38125 0.155556 0.075 0.0888889
2 0.4 0.144444 0.0875 0.111111
11 0.58125 0.133333 0.05 0.0888889
0 0.58125 0.122222 0.025 0.111111
11 0.5875 0.122222 0.0375 0.111111
47 0.6 0.144444 0.0375 0.111111
0 0.64375 0.144444 0.075 0.111111
0 0.675 0.133333 0.0625 0.133333
0 0.66875 0.144444 0.05 0.111111
0 0.675 0.166667 0.0375 0.0666667
0 0.6875 0.144444 0.0375 0.111111
0 0.7 0.144444 0.0375 0.0666667
3 0.7125 0.155556 0.0375 0.0444444
8 0.73125 0.155556 0.025 0.0444444
3 0.7375 0.144444 0.0375 0.0666667
11 0.75625 0.155556 0.025 0.0444444
11 0.76875 0.155556 0.025 0.0444444
11 0.78125 0.155556 0.025 0.0444444
11 0.8 0.155556 0.0125 0.0444444
11 0.80625 0.155556 0.025 0.0444444
25 0.81875 0.155556 0.025 0.0444444
11 0.83125 0.155556 0.025 0.0444444
0 0.84375 0.155556 0.025 0.0444444
3 0.8625 0.155556 0.0125 0.0444444
8 0.875 0.155556 0.0125 0.0444444
3 0.88125 0.155556 0.025 0.0444444
3 0.89375 0.111111 0.025 0.133333
12 0.90625 0.144444 0.025 0.0666667
0 0.91875 0.133333 0 0.0888889
10 0.9375 0.144444 0.0125 0.0666667
12 0.94375 0.144444 0 0.0666667
39 0.95625 0.144444 0 0.0666667
12 0.96875 0.155556 0 0.0444444
10 0.98125 0.155556 0.025 0.0444444
2 0.965625 0.133333 0.06875 0.0888889
2 0.028125 0.177778 0.05625 0.133333
2 0.025 0.188889 0.0375 0.0666667
2 0.021875 0.166667 0.04375 0.111111
3 0.040625 0.166667 0.08125 0.111111
8 0.0625 0.155556 0.0875 0.133333
8 0.06875 0.133333 0.075 0.133333
8 0.0875 0.155556 0.0375 0.0888889
8 0.1 0.155556 0.0375 0.0888889
8 0.1125 0.155556 0.0375 0.0888889
8 0.125 0.155556 0.0375 0.0888889
8 0.1375 0.166667 0.0375 0.111111
8 0.15 0.166667 0.0375 0.111111
8 0.1625 0.166667 0.0375 0.111111
8 0.16875 0.188889 0.05 0.0666667
8 0.1875 0.177778 0.0375 0.0444444
8 0.1875 0.166667 0.0625 0.111111
8 0.2 0.155556 0.0625 0.0888889
8 0.2125 0.166667 0.0875 0.0666667
8 0.25 0.177778 0.0375 0.0444444
12 0.25 0.177778 0.0625 0.0444444
12 0.2625 0.177778 0.0625 0.0444444
12 0.275 0.177778 0.0375 0.0444444
12 0.29375 0.177778 0.075 0.0444444
12 0.31875 0.177778 0.025 0.0444444
12 0.3125 0.177778 0.0875 0.0444444
11 0.35 0.177778 0.0375 0.0444444
8 0.4 0.166667 0.1125 0.111111
3 0.3875 0.166667 0.0875 0.111111
2 0.45625 0.155556 0.1 0.0888889
8 0.60625 0.144444 0.1 0.0666667
8 0.58125 0.144444 0.025 0.0666667
8 0.5875 0.155556 0.0375 0.0888889
8 0.6 0.155556 0.0375 0.0888889
8 0.6125 0.144444 0.0125 0.111111
3 0.6625 0.144444 0.1125 0.111111
3 0.675 0.166667 0.0625 0.111111
11 0.675 0.144444 0.0625 0.111111
11 0.66875 0.155556 0.025 0.0888889
0 0.69375 0.155556 0.025 0.0888889
11 0.7 0.177778 0.0125 0.0444444
3 0.725 0.177778 0.0125 0.0444444
3 0.73125 0.177778 0.025 0.0444444
3 0.75 0.177778 0.0125 0.0444444
26 0.75625 0.177778 0.025 0.0444444
16 0.76875 0.177778 0.025 0.0444444
26 0.83125 0.177778 0.025 0.0444444
0 0.84375 0.177778 0.025 0.0444444
3 0.8625 0.177778 0.0125 0.0444444
3 0.8875 0.155556 0.0625 0.0888889
8 0.89375 0.155556 0.05 0.0888889
8 0.9 0.166667 0.0375 0.111111
8 0.90625 0.155556 0.05 0.0888889
3 0.91875 0.166667 0.05 0.111111
3 0.93125 0.166667 0.05 0.111111
10 0.94375 0.166667 0 0.111111
12 0.95 0.188889 0.0625 0.0666667
10 0.95 0.177778 0.0875 0.0444444
2 0.03125 0.2 0.05 0.0888889
9 0.021875 0.2 0.04375 0.0888889
3 0.078125 0.177778 0.15625 0.133333
8 0.09375 0.177778 0.15 0.133333
8 0.0625 0.177778 0.0625 0.133333
8 0.0875 0.188889 0.0375 0.111111
8 0.1 0.188889 0.0375 0.0666667
8 0.1125 0.2 0.0375 0.0444444
8 0.125 0.2 0.0375 0.0444444
8 0.1375 0.2 0.0375 0.0444444
8 0.15 0.2 0.0125 0.0444444
8 0.1625 0.2 0.0125 0.0444444
8 0.18125 0.2 0.025 0.0444444
8 0.19375 0.2 0 0.0444444
8 0.2 0.2 0.0125 0.0444444
8 0.2125 0.2 0.0125 0.0444444
8 0.2 0.188889 0.0625 0.111111
8 0.2375 0.177778 0.0375 0.0888889
8 0.25 0.177778 0.0375 0.0888889
8 0.24375 0.177778 0.075 0.0888889
12 0.24375 0.177778 0.075 0.0888889
12 0.28125 0.188889 0.025 0.0666667
12 0.35 0.2 0.0375 0.0444444
46 0.3625 0.2 0.0125 0.0444444
8 0.39375 0.177778 0.075 0.0888889
26 0.4125 0.177778 0.0625 0.0888889
10 0.4125 0.188889 0.0625 0.111111
22 0.49375 0.177778 0.15 0.0888889
8 0.65625 0.2 0.05 0.0444444
8 0.66875 0.2 0.05 0.0444444
12 0.93125 0.2 0.025 0.0444444
12 0.95 0.188889 0.0125 0.0666667
12 0.95 0.2 0.0875 0.0888889
10 0.959375 0.2 0.08125 0.0888889
2 0.028125 0.2 0.05625 0.0888889
12 0.025 0.2 0.0375 0.0888889
8 0.078125 0.2 0.15625 0.0888889
8 0.08125 0.222222 0.025 0.0444444
8 0.0875 0.222222 0.0125 0.0444444
24 0.1 0.222222 0.0125 0.0444444
43 0.1125 0.222222 0.0125 0.0444444
12 0.125 0.222222 0.0125 0.0444444
12 0.14375 0.222222 0 0.0444444
12 0.15 0.222222 0.0125 0.0444444
24 0.16875 0.222222 0.025 0.0444444
24 0.175 0.222222 0.0375 0.0444444
24 0.18125 0.222222 0.025 0.0444444
24 0.20625 0.222222 0.025 0.0444444
8 0.2125 0.222222 0.0125 0.0444444
24 0.225 0.222222 0.0125 0.0444444
24 0.2375 0.222222 0.0125 0.0444444
24 0.25 0.222222 0.0125 0.0444444
24 0.2625 0.222222 0.0125 0.0444444
12 0.275 0.222222 0.0125 0.0444444
12 0.33125 0.222222 0.125 0.0444444
12 0.35 0.222222 0.0375 0.0444444
24 0.38125 0.222222 0.05 0.0444444
3 0.4 0.222222 0.0625 0.0444444
25 0.40625 0.2 0.075 0.0888889
12 0.45 0.211111 0.0375 0.0666667
21 0.6125 0.233333 0.0625 0.111111
3 0.65 0.211111 0.0625 0.0666667
3 0.66875 0.233333 0.075 0.111111
0 0.675 0.211111 0.0625 0.155556
11 0.69375 0.2 0.025 0.0888889
3 0.7 0.2 0.0625 0.0888889
3 0.75625 0.2 0.05 0.0888889
10 0.75625 0.2 0.05 0.0888889
8 0.95 0.211111 0.0875 0.111111
10 0.996875 0.222222 0.00625 0.0444444
6 0.053125 0.222222 0.10625 0.0888889
9 0.021875 0.222222 0.04375 0.0888889
9 0.01875 0.211111 0.025 0.0666667
12 0.021875 0.211111 0.04375 0.0666667
8 0.078125 0.222222 0.15625 0.0888889
24 0.034375 0.244444 0.06875 0.0444444
24 0.0875 0.244444 0.0125 0.0444444
