11 0.2625 0.0444444 0.0875 0.0888889
11 0.29375 0.0444444 0.15 0.0888889
11 0.4 0.0555556 0.1375 0.111111
11 0.49375 0.0444444 0.125 0.0888889
21 0.046875 0.0666667 0.09375 0.0888889
47 0.025 0.0555556 0.0125 0.0666667
21 0.046875 0.0888889 0.09375 0.0888889
29 0.025 0.1 0.0125 0.0666667
44 0.08125 0.1 0.1 0.0666667
8 0.1125 0.1 0.1875 0.0666667
60 0.14375 0.1 0.125 0.0666667
60 0.175 0.1 0.1375 0.0666667
47 0.1875 0.1 0.1375 0.0666667
55 0.2 0.1 0.1375 0.0666667
60 0.225 0.1 0.1375 0.0666667
29 0.23125 0.1 0.15 0.0666667
60 0.275 0.1 0.1375 0.0666667
60 0.3 0.1 0.1375 0.0666667
3 0.31875 0.1 0.125 0.0666667
11 0.30625 0.111111 0.075 0.0444444
10 0.31875 0.111111 0.075 0.0444444
10 0.3625 0.1 0.1125 0.0666667
11 0.34375 0.1 0.075 0.0666667
55 0.39375 0.1 0.075 0.0666667
51 0.40625 0.111111 0.075 0.0444444
60 0.41875 0.1 0.075 0.0666667
11 0.475 0.1 0.1375 0.0666667
11 0.525 0.1 0.1375 0.0666667
11 0.55 0.0888889 0.1875 0.0888889
8 0.575 0.0888889 0.1875 0.0888889
6 0.5875 0.0888889 0.1875 0.0888889
11 0.6 0.0888889 0.1875 0.0888889
11 0.6125 0.1 0.1875 0.0666667
11 0.675 0.0777778 0.1625 0.111111
11 0.69375 0.0777778 0.075 0.0666667
21 0.015625 0.111111 0.03125 0.0888889
44 0.025 0.122222 0.0125 0.0666667
60 0.13125 0.111111 0.125 0.0444444
55 0.15625 0.111111 0.1 0.0888889
60 0.15625 0.122222 0.125 0.0666667
60 0.1875 0.111111 0.1375 0.0888889
49 0.19375 0.111111 0.075 0.0888889
55 0.225 0.122222 0.1375 0.0666667
60 0.23125 0.122222 0.075 0.0666667
55 0.31875 0.122222 0.125 0.0666667
3 0.33125 0.122222 0.125 0.0666667
3 0.3625 0.122222 0.1125 0.0666667
10 0.375 0.122222 0.1375 0.0666667
10 0.4125 0.122222 0.1125 0.0666667
55 0.4875 0.1 0.1125 0.0666667
10 0.5 0.1 0.1125 0.0666667
9 0.5625 0.133333 0.1125 0.0444444
6 0.56875 0.133333 0.125 0.0444444
5 0.58125 0.133333 0.125 0.0444444
5 0.59375 0.122222 0.125 0.0666667
2 0.625 0.133333 0.1125 0.0444444
2 0.65 0.122222 0.1125 0.0666667
6 0.65 0.122222 0.0625 0.0666667
20 0.015625 0.122222 0.03125 0.111111
60 0.13125 0.122222 0.05 0.0666667
57 0.13125 0.122222 0.075 0.0666667
10 0.38125 0.133333 0.125 0.0888889
10 0.55625 0.122222 0.075 0.0666667
5 0.56875 0.122222 0.075 0.0666667
10 0.60625 0.133333 0.125 0.0888889
6 0.6375 0.122222 0.1125 0.0666667
6 0.61875 0.122222 0.075 0.0666667
12 0.34375 0.144444 0.075 0.111111
3 0.35 0.144444 0.0875 0.111111
10 0.36875 0.144444 0.075 0.111111
12 0.5125 0.155556 0.1125 0.0888889
12 0.525 0.155556 0.0625 0.0888889
12 0.5375 0.155556 0.0625 0.0888889
10 0.575 0.166667 0.1125 0.111111
10 0.55625 0.144444 0.075 0.111111
3 0.56875 0.144444 0.075 0.111111
10 0.59375 0.144444 0.075 0.111111
12 0.60625 0.144444 0.075 0.111111
10 0.51875 0.166667 0.125 0.111111
12 0.50625 0.166667 0.075 0.111111
3 0.575 0.177778 0.0875 0.0888889
10 0.5125 0.188889 0.1375 0.155556
10 0.7125 0.188889 0.1125 0.111111
21 0.021875 0.2 0.04375 0.133333
21 0.015625 0.188889 0.03125 0.111111
10 0.7 0.2 0.1375 0.133333
10 0.725 0.2 0.1375 0.133333
47 0.053125 0.222222 0.10625 0.133333
21 0.015625 0.222222 0.03125 0.133333
10 0.15 0.222222 0.0875 0.177778
3 0.1625 0.188889 0.0875 0.288889
10 0.1875 0.222222 0.0625 0.177778
3 0.23125 0.233333 0.125 0.2
10 0.2375 0.233333 0.1375 0.2
3 0.2625 0.233333 0.1375 0.2
3 0.2875 0.222222 0.1375 0.177778
10 0.3 0.222222 0.1375 0.177778
32 0.978125 0.233333 0.04375 0.0666667
47 0.053125 0.255556 0.10625 0.111111
55 0.015625 0.255556 0.03125 0.111111
3 0.16875 0.166667 0.125 0.288889
1 0.18125 0.311111 0.125 0.577778
3 0.2 0.311111 0.1375 0.577778
1 0.2125 0.311111 0.1375 0.577778
1 0.2375 0.166667 0.1375 0.288889
1 0.2625 0.177778 0.1375 0.311111
3 0.275 0.166667 0.1375 0.288889
3 0.30625 0.166667 0.125 0.288889
3 0.31875 0.244444 0.125 0.133333
32 0.984375 0.255556 0.03125 0.0666667
12 0.0875 0.277778 0.1125 0.111111
3 0.16875 0.266667 0.125 0.133333
3 0.18125 0.288889 0.125 0.0888889
3 0.1875 0.311111 0.1375 0.0444444
3 0.2 0.3 0.1375 0.0666667
1 0.23125 0.3 0.125 0.0666667
1 0.24375 0.266667 0.125 0.133333
1 0.26875 0.255556 0.125 0.155556
3 0.275 0.266667 0.1375 0.133333
3 0.30625 0.266667 0.125 0.133333
3 0.33125 0.277778 0.125 0.155556
26 0.35625 0.266667 0.125 0.133333
11 0.984375 0.288889 0.03125 0.0888889
60 0.23125 0.311111 0.125 0.0888889
60 0.25625 0.311111 0.125 0.0888889
60 0.28125 0.311111 0.125 0.0888889
10 0.984375 0.288889 0.03125 0.0888889
10 0.984375 0.311111 0.03125 0.0888889
26 0.984375 0.333333 0.03125 0.133333
74 0.996875 0.388889 0.00625 0.111111
10 0.4 0.377778 0.0875 0.177778
10 0.55 0.4 0.0875 0.0888889
12 0.5875 0.4 0.0375 0.0888889
11 0.65625 0.4 0.075 0.0888889
11 0.675 0.4 0.0875 0.0888889
44 0.953125 0.366667 0.09375 0.111111
11 0.953125 0.388889 0.09375 0.0666667
10 0.996875 0.411111 0.00625 0.111111
10 0.3625 0.388889 0.1125 0.111111
3 0.36875 0.333333 0.1 0.311111
3 0.40625 0.333333 0.125 0.311111
3 0.425 0.333333 0.0875 0.311111
26 0.48125 0.411111 0.1 0.155556
3 0.5125 0.411111 0.1125 0.155556
11 0.60625 0.4 0.075 0.133333
11 0.6375 0.411111 0.0625 0.111111
10 0.65625 0.422222 0.075 0.0888889
26 0.959375 0.4 0.08125 0.0888889
26 0.978125 0.422222 0.04375 0.0888889
3 0.23125 0.455556 0.075 0.0666667
10 0.24375 0.455556 0.075 0.0666667
61 0.25 0.422222 0.0875 0.133333
61 0.275 0.422222 0.0875 0.133333
61 0.3125 0.433333 0.1125 0.155556
10 0.35 0.422222 0.1125 0.133333
10 0.35 0.433333 0.0875 0.111111
3 0.35625 0.433333 0.1 0.111111
3 0.375 0.433333 0.0875 0.111111
3 0.4125 0.433333 0.1125 0.111111
3 0.4375 0.444444 0.1125 0.0888889
1 0.45625 0.444444 0.1 0.0888889
1 0.475 0.444444 0.0875 0.0888889
1 0.49375 0.444444 0.125 0.0888889
1 0.5125 0.433333 0.1125 0.111111
3 0.525 0.433333 0.1125 0.111111
78 0.5875 0.422222 0.1125 0.133333
11 0.61875 0.422222 0.075 0.133333
10 0.65 0.433333 0.0625 0.111111
11 0.6625 0.444444 0.0875 0.0888889
6 0.965625 0.422222 0.06875 0.0888889
6 0.95625 0.444444 0.075 0.0888889
10 0.996875 0.466667 0.00625 0.0444444
11 0.01875 0.466667 0.025 0.0888889
18 0.1 0.477778 0.0875 0.111111
21 0.0875 0.477778 0.1375 0.111111
61 0.13125 0.477778 0.05 0.111111
78 0.1375 0.477778 0.0625 0.111111
61 0.16875 0.477778 0.1 0.111111
16 0.1875 0.455556 0.0875 0.155556
10 0.20625 0.455556 0.075 0.155556
10 0.225 0.455556 0.0875 0.155556
3 0.24375 0.477778 0.075 0.111111
3 0.25 0.455556 0.0875 0.155556
10 0.2625 0.444444 0.0875 0.133333
10 0.2875 0.444444 0.0875 0.133333
61 0.3 0.444444 0.0875 0.133333
78 0.3125 0.444444 0.0875 0.133333
10 0.56875 0.4 0.075 0.222222
3 0.575 0.422222 0.0875 0.311111
11 0.59375 0.444444 0.1 0.133333
11 0.61875 0.466667 0.075 0.0888889
11 0.6375 0.455556 0.0625 0.111111
11 0.65 0.466667 0.1125 0.133333
11 0.65625 0.488889 0.125 0.0888889
47 0.953125 0.455556 0.09375 0.0666667
11 0.978125 0.466667 0.04375 0.0444444
11 0.971875 0.455556 0.05625 0.0666667
66 0.975 0.455556 0.0125 0.0666667
58 0.996875 0.477778 0.00625 0.0666667
11 0.025 0.477778 0.0125 0.0666667
18 0.08125 0.488889 0.05 0.0888889
60 0.125 0.488889 0.1125 0.0888889
61 0.16875 0.5 0.05 0.111111
61 0.18125 0.5 0.05 0.111111
61 0.2 0.5 0.0625 0.111111
10 0.2125 0.5 0.0625 0.111111
7 0.2375 0.5 0.0875 0.111111
7 0.25625 0.488889 0.075 0.133333
10 0.2625 0.488889 0.0875 0.133333
10 0.275 0.5 0.0875 0.111111
10 0.2875 0.488889 0.0875 0.0888889
10 0.3 0.5 0.0875 0.0666667
10 0.31875 0.5 0.1 0.0666667
10 0.6125 0.511111 0.0875 0.0888889
11 0.63125 0.511111 0.075 0.0888889
11 0.69375 0.477778 0.1 0.155556
26 0.71875 0.466667 0.075 0.133333
26 0.7375 0.455556 0.0875 0.155556
26 0.75625 0.5 0.1 0.0666667
44 0.79375 0.511111 0.125 0.0444444
44 0.7875 0.5 0.1375 0.0666667
44 0.81875 0.511111 0.1 0.0444444
60 0.953125 0.5 0.09375 0.0666667
47 0.953125 0.5 0.09375 0.0666667
11 0.95625 0.488889 0.025 0.0444444
44 0.98125 0.477778 0 0.0666667
10 0.996875 0.5 0.00625 0.0666667
47 0.053125 0.488889 0.10625 0.133333
11 0.025 0.5 0.0125 0.0666667
67 0.15 0.522222 0.0375 0.111111
77 0.1625 0.522222 0.0375 0.111111
10 0.1875 0.522222 0.0375 0.111111
10 0.2 0.522222 0.0375 0.111111
10 0.23125 0.511111 0.075 0.133333
3 0.25625 0.511111 0.075 0.133333
3 0.2625 0.488889 0.0875 0.133333
60 0.5875 0.433333 0.0875 0.288889
47 0.60625 0.5 0.075 0.155556
47 0.6125 0.522222 0.0875 0.111111
42 0.6875 0.533333 0.0875 0.0444444
11 0.7 0.533333 0.0875 0.0444444
44 0.71875 0.533333 0.075 0.0444444
44 0.8375 0.511111 0.1125 0.0444444
44 0.88125 0.522222 0.075 0.0666667
51 0.9375 0.511111 0.0875 0.0888889
44 0.953125 0.522222 0.09375 0.0666667
25 0.96875 0.5 0 0.0666667
44 0.98125 0.5 0 0.0666667
11 0.015625 0.511111 0.03125 0.0888889
21 0.08125 0.522222 0.025 0.0666667
77 0.1375 0.533333 0.0375 0.133333
12 0.15 0.533333 0.0375 0.133333
10 0.16875 0.533333 0.05 0.133333
2 0.20625 0.533333 0.05 0.133333
2 0.21875 0.533333 0.05 0.133333
2 0.25 0.544444 0.0625 0.111111
1 0.2625 0.533333 0.0875 0.133333
1 0.275 0.522222 0.0875 0.111111
3 0.2875 0.522222 0.0875 0.111111
26 0.55625 0.511111 0.05 0.133333
3 0.5875 0.466667 0.0875 0.266667
9 0.60625 0.522222 0.075 0.111111
49 0.7 0.544444 0.0625 0.0666667
49 0.70625 0.533333 0.075 0.0444444
49 0.8125 0.533333 0.0875 0.0444444
47 0.95 0.522222 0.0875 0.111111
25 0.95625 0.522222 0.025 0.0666667
11 0.975 0.511111 0.0375 0.0888889
21 0.996875 0.522222 0.00625 0.111111
11 0.021875 0.544444 0.04375 0.111111
21 0.0875 0.555556 0.0375 0.0888889
77 0.125 0.566667 0.0625 0.111111
10 0.13125 0.555556 0.05 0.133333
77 0.1375 0.555556 0.0625 0.133333
10 0.15625 0.544444 0.075 0.155556
2 0.18125 0.544444 0.05 0.155556
10 0.1875 0.555556 0.0375 0.133333
10 0.2125 0.555556 0.0625 0.133333
3 0.21875 0.555556 0.05 0.133333
1 0.2375 0.566667 0.0375 0.111111
1 0.2625 0.566667 0.0875 0.111111
3 0.275 0.555556 0.1125 0.133333
26 0.54375 0.544444 0.075 0.155556
26 0.55625 0.544444 0.05 0.155556
3 0.5625 0.5 0.0625 0.244444
3 0.59375 0.555556 0.075 0.222222
5 0.6125 0.555556 0.0875 0.133333
60 0.70625 0.544444 0.075 0.0666667
46 0.996875 0.544444 0.00625 0.111111
47 0.053125 0.544444 0.10625 0.155556
11 0.021875 0.566667 0.04375 0.111111
10 0.0875 0.566667 0.0625 0.111111
10 0.10625 0.566667 0.075 0.111111
1 0.125 0.566667 0.0875 0.111111
1 0.13125 0.577778 0.075 0.0888889
77 0.14375 0.588889 0.075 0.111111
3 0.1625 0.588889 0.0625 0.111111
3 0.18125 0.588889 0.05 0.111111
3 0.20625 0.588889 0.075 0.111111
10 0.21875 0.588889 0.075 0.111111
