29 0.14375 0.0222222 0.175 0.0444444
37 0.15625 0.0111111 0.2 0.0222222
8 0.7125 0.0222222 0.1875 0.0444444
6 0.75 0.0222222 0.1875 0.0444444
8 0.7625 0.0222222 0.1875 0.0444444
43 0.946875 0.0222222 0.10625 0.0444444
4 0.953125 0.0111111 0.09375 0.0222222
23 0.046875 0.0222222 0.09375 0.0444444
44 0.11875 0.0111111 0.075 0.0222222
44 0.15 0.0222222 0.1375 0.0444444
44 0.175 0.0222222 0.1375 0.0444444
44 0.1875 0.0222222 0.1375 0.0444444
44 0.16875 0.0222222 0.075 0.0444444
44 0.175 0.0222222 0.0875 0.0444444
44 0.2 0.0333333 0.0875 0.0666667
10 0.946875 0.0111111 0.10625 0.0222222
34 0.953125 0.0222222 0.09375 0.0444444
79 0.953125 0.0111111 0.09375 0.0222222
8 0.053125 0.0333333 0.10625 0.0666667
21 0.996875 0.0333333 0.00625 0.0222222
44 0.015625 0.0444444 0.03125 0.0888889
8 0.06875 0.0333333 0.1 0.0666667
4 0.9125 0.0555556 0.0875 0.0666667
20 0.95 0.0555556 0.0625 0.0666667
14 0.953125 0.0555556 0.09375 0.0666667
14 0.953125 0.0555556 0.09375 0.0666667
21 0.975 0.0555556 0.0375 0.0666667
4 0.984375 0.0444444 0.03125 0.0444444
44 0.059375 0.0888889 0.11875 0.0888889
8 0.059375 0.0666667 0.11875 0.0444444
8 0.03125 0.0777778 0.05 0.0222222
8 0.04375 0.0888889 0.075 0.0444444
4 0.89375 0.0666667 0.075 0.0888889
4 0.91875 0.0666667 0.075 0.0888889
6 0.925 0.0666667 0.1125 0.0888889
4 0.959375 0.0666667 0.08125 0.0888889
4 0.95 0.0777778 0.0875 0.0666667
4 0.984375 0.0666667 0.03125 0.0888889
47 0.059375 0.1 0.11875 0.111111
8 0.04375 0.1 0.075 0.0222222
6 0.13125 0.0888889 0.075 0.0444444
4 0.14375 0.0888889 0.1 0.0444444
4 0.1375 0.1 0.1125 0.0666667
6 0.15 0.0888889 0.1125 0.0444444
4 0.953125 0.1 0.09375 0.0666667
4 0.990625 0.1 0.01875 0.0666667
21 0.065625 0.122222 0.13125 0.111111
21 0.059375 0.133333 0.11875 0.0888889
8 0.04375 0.122222 0.075 0.0666667
6 0.06875 0.122222 0.125 0.0666667
4 0.10625 0.111111 0.125 0.0444444
4 0.1375 0.111111 0.0875 0.0444444
4 0.959375 0.122222 0.08125 0.0666667
4 0.95 0.111111 0.0875 0.0888889
4 0.059375 0.144444 0.11875 0.111111
4 0.04375 0.122222 0.075 0.0666667
4 0.10625 0.122222 0.125 0.0666667
4 0.95 0.144444 0.0875 0.0666667
4 0.95 0.133333 0.0875 0.0444444
4 0.990625 0.133333 0.01875 0.0444444
5 0.03125 0.155556 0.05 0.0444444
6 0.075 0.144444 0.1375 0.0666667
25 0.10625 0.144444 0.1 0.0666667
6 0.1125 0.144444 0.1375 0.111111
6 0.95 0.166667 0.0875 0.0666667
23 0.990625 0.155556 0.01875 0.0444444
5 0.03125 0.177778 0.05 0.0444444
6 0.0375 0.177778 0.0375 0.0444444
2 0.05 0.177778 0.0125 0.0444444
44 0.05 0.188889 0.0625 0.0666667
47 0.06875 0.177778 0.125 0.0444444
23 0.10625 0.155556 0.1 0.0888889
4 0.10625 0.155556 0.1 0.133333
4 0.44375 0.188889 0.125 0.0666667
7 0.46875 0.166667 0.125 0.0666667
21 0.55 0.166667 0.1125 0.0666667
6 0.58125 0.166667 0.075 0.0666667
20 0.6 0.166667 0.0625 0.0666667
43 0.965625 0.188889 0.06875 0.0666667
4 0.95 0.177778 0.0875 0.0888889
4 0.984375 0.177778 0.03125 0.0444444
2 0.03125 0.188889 0.05 0.0666667
8 0.0375 0.2 0.0375 0.0444444
8 0.05625 0.2 0.025 0.0444444
25 0.0625 0.211111 0.1125 0.0666667
11 0.0625 0.211111 0.1125 0.0666667
6 0.45625 0.211111 0.125 0.0666667
6 0.54375 0.177778 0.075 0.0444444
6 0.5625 0.177778 0.0625 0.0444444
4 0.0375 0.222222 0.0375 0.0444444
8 0.06875 0.222222 0.1 0.0888889
4 0.028125 0.244444 0.05625 0.0888889
4 0.03125 0.244444 0.05 0.0888889
43 0.04375 0.244444 0.075 0.0888889
4 0.0625 0.244444 0.1125 0.0888889
11 0.0625 0.233333 0.1125 0.0666667
4 0.94375 0.255556 0.1 0.0666667
4 0.95 0.244444 0.0875 0.0444444
4 0.025 0.255556 0.0375 0.0666667
43 0.09375 0.266667 0.175 0.0444444
4 0.125 0.266667 0.0875 0.0444444
4 0.15625 0.266667 0.075 0.0444444
4 0.028125 0.277778 0.05625 0.0666667
21 0.025 0.277778 0.0375 0.0666667
4 0.1 0.288889 0.1625 0.0888889
4 0.125 0.288889 0.1625 0.0444444
4 0.15 0.288889 0.0875 0.0444444
2 0.15625 0.288889 0.075 0.0444444
4 0.175 0.3 0.0875 0.0222222
4 0.16875 0.3 0.125 0.0666667
4 0.175 0.288889 0.1125 0.0444444
4 0.325 0.277778 0.1125 0.0666667
4 0.35625 0.277778 0.125 0.0666667
4 0.38125 0.266667 0.075 0.0888889
4 0.38125 0.288889 0.075 0.0444444
23 0.4125 0.277778 0.0625 0.0666667
2 0.14375 0.322222 0.05 0.0222222
4 0.15 0.322222 0.0625 0.0222222
4 0.16875 0.333333 0.1 0.0444444
4 0.16875 0.322222 0.125 0.0666667
4 0.09375 0.333333 0.175 0.0444444
23 0.4 0.344444 0.0875 0.0666667
21 0.95 0.322222 0.0875 0.0666667
23 0.984375 0.322222 0.03125 0.0666667
4 0.1375 0.355556 0.1125 0.0444444
6 0.625 0.355556 0.0875 0.0888889
4 0.74375 0.366667 0.075 0.0666667
4 0.7375 0.366667 0.1125 0.0666667
4 0.76875 0.366667 0.125 0.0666667
4 0.8 0.366667 0.0875 0.0666667
4 0.825 0.366667 0.0625 0.0666667
21 0.984375 0.355556 0.03125 0.0888889
7 0.0375 0.366667 0.0375 0.0666667
6 0.05 0.377778 0.0125 0.0444444
0 0.04375 0.355556 0.075 0.0444444
4 0.425 0.377778 0.0625 0.0444444
4 0.4625 0.377778 0.1625 0.0888889
4 0.74375 0.388889 0.075 0.0666667
4 0.80625 0.388889 0.075 0.0666667
4 0.68125 0.4 0.075 0.0444444
4 0.675 0.411111 0.0875 0.0666667
4 0.7 0.411111 0.0625 0.0666667
23 0.8 0.4 0.0875 0.0888889
21 0.51875 0.422222 0.05 0.0444444
21 0.51875 0.411111 0.05 0.0666667
4 0.66875 0.433333 0.1 0.0666667
4 0.68125 0.422222 0.1 0.0444444
4 0.725 0.411111 0.0625 0.0666667
4 0.7625 0.433333 0.1625 0.0666667
9 0.80625 0.433333 0.075 0.0666667
4 0.81875 0.422222 0.05 0.0444444
6 0.028125 0.455556 0.05625 0.0666667
5 0.028125 0.455556 0.05625 0.0666667
8 0.046875 0.455556 0.09375 0.0666667
4 0.51875 0.433333 0.05 0.0666667
6 0.66875 0.444444 0.1 0.0888889
4 0.83125 0.455556 0.05 0.0666667
4 0.5125 0.488889 0.0625 0.0444444
4 0.51875 0.466667 0.05 0.0444444
23 0.53125 0.488889 0.05 0.0444444
23 0.68125 0.466667 0.075 0.0888889
21 0.69375 0.466667 0.05 0.0888889
4 0.7 0.466667 0.0625 0.0444444
47 0.028125 0.488889 0.05625 0.0888889
8 0.025 0.477778 0.0375 0.0666667
12 0.05 0.488889 0.0125 0.0444444
17 0.11875 0.488889 0.075 0.0888889
25 0.13125 0.488889 0.075 0.0888889
17 0.39375 0.488889 0.075 0.0444444
25 0.44375 0.488889 0.125 0.0444444
25 0.425 0.5 0.0625 0.0222222
2 0.4375 0.5 0.0625 0.0222222
4 0.48125 0.5 0.125 0.0222222
17 0.48125 0.5 0.175 0.0666667
17 0.51875 0.477778 0.05 0.0666667
18 0.69375 0.5 0.125 0.0666667
18 0.66875 0.488889 0.05 0.0444444
47 0.025 0.5 0.0375 0.0666667
12 0.05625 0.511111 0.025 0.0444444
23 0.06875 0.5 0.075 0.0666667
25 0.06875 0.5 0.1 0.0666667
25 0.10625 0.5 0.075 0.0666667
4 0.1125 0.522222 0.1375 0.0666667
4 0.175 0.522222 0.0875 0.0666667
2 0.3125 0.511111 0.0625 0.0444444
2 0.325 0.511111 0.0625 0.0444444
2 0.3125 0.511111 0.0125 0.0444444
2 0.33125 0.511111 0 0.0444444
18 0.34375 0.511111 0 0.0444444
10 0.35625 0.5 0.025 0.0666667
17 0.3625 0.5 0.0375 0.0666667
4 0.4125 0.5 0.0625 0.0666667
4 0.425 0.522222 0.0625 0.0222222
4 0.4375 0.511111 0.0875 0.0444444
4 0.46875 0.522222 0.15 0.0666667
4 0.69375 0.522222 0.125 0.0666667
23 0.66875 0.522222 0.025 0.0666667
21 0.03125 0.522222 0.05 0.0666667
11 0.03125 0.522222 0.025 0.0666667
12 0.075 0.533333 0.0625 0.0444444
4 0.16875 0.544444 0.15 0.0666667
22 0.18125 0.533333 0.075 0.0444444
4 0.20625 0.533333 0.075 0.0444444
23 0.20625 0.533333 0.075 0.0444444
17 0.20625 0.533333 0.075 0.0444444
17 0.2375 0.533333 0.1125 0.0444444
16 0.275 0.533333 0.0375 0.0444444
15 0.28125 0.533333 0.025 0.0444444
6 0.28125 0.533333 0.025 0.0444444
13 0.30625 0.533333 0.025 0.0444444
13 0.31875 0.533333 0.025 0.0444444
18 0.33125 0.533333 0.025 0.0444444
21 0.3375 0.533333 0.0375 0.0444444
7 0.35 0.533333 0.0375 0.0444444
25 0.38125 0.544444 0.1 0.0666667
17 0.40625 0.533333 0.075 0.0444444
25 0.41875 0.544444 0.075 0.0666667
4 0.43125 0.533333 0.075 0.0444444
4 0.475 0.555556 0.1625 0.0444444
25 0.53125 0.555556 0.125 0.0444444
25 0.50625 0.555556 0.025 0.0444444
25 0.51875 0.555556 0.025 0.0444444
18 0.53125 0.555556 0.025 0.0444444
18 0.54375 0.544444 0.025 0.0666667
25 0.55 0.544444 0.0375 0.0666667
25 0.6125 0.544444 0.1125 0.0666667
4 0.66875 0.533333 0.05 0.0444444
18 0.6625 0.533333 0.0375 0.0444444
4 0.725 0.533333 0.0875 0.0444444
4 0.74375 0.533333 0.025 0.0444444
4 0.8125 0.555556 0.0875 0.0444444
4 0.03125 0.533333 0.05 0.0888889
11 0.03125 0.544444 0.025 0.0666667
8 0.06875 0.555556 0.075 0.0444444
25 0.096875 0.566667 0.19375 0.0666667
6 0.1875 0.544444 0.1125 0.0666667
4 0.21875 0.544444 0.075 0.0666667
4 0.21875 0.544444 0.075 0.0222222
6 0.23125 0.533333 0.125 0.0444444
6 0.2375 0.544444 0.1125 0.0666667
10 0.275 0.555556 0.0625 0.0444444
4 0.29375 0.566667 0.125 0.0666667
4 0.29375 0.544444 0.125 0.0666667
4 0.36875 0.577778 0.175 0.0888889
4 0.40625 0.566667 0.075 0.111111
4 0.4125 0.544444 0.0875 0.0666667
2 0.39375 0.544444 0.15 0.0666667
4 0.40625 0.555556 0.15 0.0888889
4 0.43125 0.555556 0.1 0.0888889
4 0.48125 0.555556 0.175 0.0888889
4 0.51875 0.566667 0.125 0.0666667
20 0.5125 0.566667 0.0375 0.0666667
4 0.51875 0.566667 0.025 0.0666667
7 0.53125 0.566667 0.025 0.0666667
17 0.54375 0.555556 0.025 0.0444444
18 0.6875 0.555556 0.1125 0.0888889
4 0.66875 0.566667 0.05 0.0666667
4 0.7 0.566667 0.0625 0.0222222
4 0.75 0.566667 0.1625 0.0222222
4 0.74375 0.555556 0.05 0.0444444
4 0.7375 0.566667 0.0375 0.0666667
25 0.959375 0.566667 0.08125 0.0666667
4 0.03125 0.588889 0.05 0.0666667
4 0.43125 0.588889 0.05 0.0666667
25 0.44375 0.588889 0.05 0.0666667
25 0.66875 0.588889 0.125 0.0666667
17 0.6875 0.588889 0.1375 0.0666667
18 0.6875 0.588889 0.1125 0.0666667
25 0.66875 0.588889 0.05 0.0666667
4 0.68125 0.577778 0.075 0.0444444
4 0.75 0.577778 0.1625 0.0444444
4 0.74375 0.577778 0.05 0.0444444
8 0.7375 0.577778 0.0375 0.0444444
23 0.965625 0.577778 0.06875 0.0444444
47 0.025 0.588889 0.0375 0.0666667
25 0.41875 0.611111 0.025 0.0666667
25 0.43125 0.588889 0.025 0.0666667
25 0.6625 0.6 0.1375 0.0888889
18 0.66875 0.588889 0.05 0.0666667
4 0.7 0.588889 0.0625 0.0666667
23 0.965625 0.588889 0.06875 0.0666667
4 0.028125 0.622222 0.05625 0.0888889
58 0.03125 0.6 0.05 0.0444444
17 0.41875 0.611111 0.025 0.0666667
17 0.44375 0.611111 0.05 0.0666667
10 0.6 0.622222 0.0125 0.0444444
16 0.65 0.6 0.0625 0.0888889
17 0.6625 0.611111 0.0625 0.111111
17 0.6625 0.611111 0.0375 0.111111
17 0.990625 0.611111 0.01875 0.111111
4 0.028125 0.644444 0.05625 0.0888889
4 0.021875 0.644444 0.04375 0.0444444
0 0.025 0.644444 0.0375 0.0444444
17 0.4125 0.633333 0.0375 0.0666667
17 0.4375 0.633333 0.0625 0.0666667
17 0.64375 0.655556 0.05 0.0666667
17 0.66875 0.622222 0.075 0.133333
17 0.66875 0.644444 0.05 0.0888889
4 0.74375 0.644444 0.05 0.0888889
4 0.990625 0.622222 0.01875 0.0888889
