4 0.065625 0.0111111 0.13125 0.0222222
4 0.078125 0.0222222 0.15625 0.0444444
6 0.13125 0.0222222 0.175 0.0444444
4 0.14375 0.0222222 0.175 0.0444444
6 0.16875 0.0222222 0.175 0.0444444
6 0.18125 0.0111111 0.175 0.0222222
4 0.19375 0.0222222 0.175 0.0444444
6 0.24375 0.0222222 0.175 0.0444444
4 0.275 0.0222222 0.1875 0.0444444
4 0.3125 0.0222222 0.1875 0.0444444
4 0.325 0.0111111 0.1875 0.0222222
4 0.35 0.0222222 0.1875 0.0444444
4 0.375 0.0111111 0.1875 0.0222222
6 0.4 0.0111111 0.1875 0.0222222
6 0.4375 0.0111111 0.1875 0.0222222
6 0.475 0.0222222 0.1875 0.0444444
6 0.5125 0.0222222 0.1875 0.0444444
6 0.5625 0.0222222 0.1875 0.0444444
4 0.74375 0.0222222 0.175 0.0444444
4 0.75625 0.0111111 0.175 0.0222222
4 0.8 0.0111111 0.1875 0.0222222
4 0.8375 0.0111111 0.1875 0.0222222
4 0.875 0.0111111 0.1875 0.0222222
4 0.915625 0.0222222 0.16875 0.0444444
4 0.921875 0.0222222 0.15625 0.0444444
4 0.928125 0.0111111 0.14375 0.0222222
4 0.940625 0.0111111 0.11875 0.0222222
6 0.959375 0.0111111 0.08125 0.0222222
6 0.028125 0.0111111 0.05625 0.0222222
4 0.034375 0.0111111 0.06875 0.0222222
6 0.09375 0.0222222 0.175 0.0444444
4 0.1125 0.0222222 0.1625 0.0444444
4 0.13125 0.0111111 0.175 0.0222222
4 0.15625 0.0222222 0.175 0.0444444
6 0.19375 0.0111111 0.15 0.0222222
6 0.2 0.0111111 0.0875 0.0222222
4 0.23125 0.0222222 0.15 0.0444444
4 0.24375 0.0222222 0.175 0.0444444
6 0.35 0.0222222 0.1625 0.0444444
4 0.39375 0.0222222 0.175 0.0444444
6 0.4 0.0222222 0.1875 0.0444444
4 0.45 0.0222222 0.1875 0.0444444
4 0.4875 0.0222222 0.1875 0.0444444
4 0.53125 0.0222222 0.175 0.0444444
4 0.5625 0.0222222 0.1625 0.0444444
6 0.6125 0.0222222 0.1875 0.0444444
4 0.65625 0.0222222 0.175 0.0444444
6 0.66875 0.0222222 0.175 0.0444444
4 0.70625 0.0222222 0.175 0.0444444
4 0.73125 0.0222222 0.175 0.0444444
4 0.76875 0.0222222 0.175 0.0444444
4 0.79375 0.0222222 0.175 0.0444444
4 0.83125 0.0222222 0.175 0.0444444
4 0.84375 0.0222222 0.175 0.0444444
4 0.88125 0.0222222 0.175 0.0444444
4 0.915625 0.0222222 0.16875 0.0444444
4 0.946875 0.0222222 0.10625 0.0444444
4 0.953125 0.0222222 0.09375 0.0444444
4 0.959375 0.0111111 0.08125 0.0222222
6 0.03125 0.0333333 0.025 0.0222222
6 0.021875 0.0222222 0.04375 0.0444444
6 0.1625 0.0333333 0.1125 0.0222222
6 0.25625 0.0333333 0.1 0.0666667
6 0.28125 0.0222222 0.125 0.0444444
6 0.3125 0.0333333 0.1125 0.0666667
6 0.31875 0.0222222 0.1 0.0444444
6 0.3625 0.0333333 0.1125 0.0666667
6 0.4125 0.0333333 0.1875 0.0666667
6 0.4125 0.0444444 0.1125 0.0444444
6 0.74375 0.0222222 0.125 0.0444444
4 0.76875 0.0333333 0.125 0.0222222
6 0.78125 0.0333333 0.125 0.0222222
4 0.80625 0.0333333 0.125 0.0222222
4 0.85625 0.0333333 0.175 0.0222222
4 0.89375 0.0333333 0.075 0.0222222
4 0.8875 0.0222222 0.1125 0.0444444
6 0.94375 0.0222222 0.1 0.0444444
6 0.946875 0.0222222 0.10625 0.0444444
4 0.028125 0.0222222 0.05625 0.0444444
4 0.03125 0.0444444 0.025 0.0444444
4 0.0375 0.0444444 0.0125 0.0444444
4 0.028125 0.0444444 0.05625 0.0444444
4 0.11875 0.0444444 0.075 0.0444444
6 0.125 0.0555556 0.0625 0.0222222
60 0.11875 0.0444444 0.075 0.0444444
4 0.15 0.0333333 0.1375 0.0666667
6 0.1625 0.0333333 0.1125 0.0666667
6 0.2 0.0333333 0.0625 0.0666667
4 0.23125 0.0444444 0.05 0.0444444
4 0.3125 0.0555556 0.0375 0.0222222
4 0.31875 0.0444444 0.025 0.0444444
4 0.34375 0.0444444 0.05 0.0444444
6 0.35 0.0444444 0.0625 0.0444444
6 0.3625 0.0444444 0.0625 0.0444444
6 0.35625 0.0333333 0.1 0.0666667
6 0.38125 0.0333333 0.125 0.0666667
4 0.4125 0.0444444 0.1125 0.0444444
4 0.45 0.0444444 0.0625 0.0444444
6 0.4625 0.0444444 0.0625 0.0444444
6 0.45 0.0444444 0.1125 0.0444444
4 0.4625 0.0444444 0.1125 0.0444444
6 0.48125 0.0444444 0.125 0.0444444
6 0.5125 0.0444444 0.1125 0.0444444
4 0.53125 0.0444444 0.1 0.0444444
6 0.55 0.0444444 0.1125 0.0444444
6 0.6625 0.0333333 0.0625 0.0666667
6 0.6625 0.0444444 0.1125 0.0888889
6 0.675 0.0333333 0.1125 0.0666667
4 0.71875 0.0333333 0.05 0.0666667
4 0.71875 0.0444444 0.05 0.0444444
4 0.74375 0.0444444 0.075 0.0444444
4 0.7375 0.0444444 0.1125 0.0444444
4 0.7875 0.0444444 0.0625 0.0444444
6 0.775 0.0444444 0.1125 0.0444444
25 0.8 0.0444444 0.1375 0.0444444
6 0.80625 0.0444444 0.125 0.0444444
4 0.8125 0.0444444 0.1125 0.0444444
4 0.8375 0.0444444 0.1125 0.0444444
4 0.86875 0.0444444 0.1 0.0444444
4 0.90625 0.0333333 0.125 0.0666667
5 0.94375 0.0444444 0.075 0.0444444
4 0.9375 0.0444444 0.0875 0.0444444
4 0.9375 0.0333333 0.0875 0.0666667
6 0.95 0.0444444 0.0875 0.0444444
6 0.95625 0.0333333 0.075 0.0666667
6 0.053125 0.0444444 0.10625 0.0888889
6 0.0375 0.0444444 0.0375 0.0888889
7 0.05 0.0666667 0.0125 0.0444444
6 0.0875 0.0777778 0.0375 0.0222222
25 0.11875 0.0777778 0.125 0.0222222
6 0.078125 0.0888889 0.15625 0.0444444
4 0.125 0.0777778 0.0625 0.0222222
6 0.13125 0.0777778 0.1 0.0222222
60 0.16875 0.0777778 0.125 0.0666667
6 0.31875 0.0777778 0.075 0.0222222
6 0.4625 0.0777778 0.1125 0.0222222
6 0.55625 0.0888889 0.125 0.0444444
4 0.55625 0.0777778 0.125 0.0222222
6 0.56875 0.0777778 0.125 0.0222222
6 0.59375 0.0888889 0.125 0.0444444
6 0.625 0.0888889 0.1125 0.0444444
4 0.65 0.0888889 0.1125 0.0444444
4 0.68125 0.0888889 0.125 0.0444444
4 0.7125 0.0888889 0.1125 0.0444444
6 0.725 0.0888889 0.1125 0.0444444
6 0.75 0.0777778 0.1125 0.0222222
6 0.76875 0.0666667 0.1 0.0444444
6 0.79375 0.0666667 0.125 0.0444444
6 0.8 0.0444444 0.1375 0.0888889
6 0.81875 0.0666667 0.125 0.0444444
6 0.85 0.0666667 0.1125 0.0444444
6 0.875 0.0666667 0.1125 0.0444444
66 0.94375 0.0666667 0.05 0.0444444
6 0.94375 0.0666667 0.05 0.0444444
66 0.95625 0.0666667 0.025 0.0444444
2 0.9375 0.0444444 0.0875 0.0888889
6 0.95 0.0444444 0.0875 0.0888889
10 0.990625 0.0444444 0.01875 0.0888889
6 0.125 0.0888889 0.0625 0.0444444
4 0.11875 0.0888889 0.05 0.0444444
6 0.15 0.0888889 0.0625 0.0444444
4 0.1375 0.0888889 0.1125 0.0444444
6 0.15625 0.0777778 0.125 0.0666667
6 0.16875 0.0888889 0.125 0.0888889
25 0.175 0.0777778 0.1375 0.0666667
25 0.1875 0.0888889 0.1375 0.0444444
6 0.23125 0.0888889 0.075 0.0444444
6 0.3375 0.0888889 0.1375 0.0888889
6 0.5 0.0777778 0.1375 0.0666667
6 0.5125 0.0888889 0.1375 0.0444444
6 0.53125 0.1 0.125 0.0666667
4 0.55 0.0777778 0.1125 0.0666667
6 0.56875 0.0777778 0.125 0.0666667
4 0.6125 0.0777778 0.1875 0.0666667
6 0.625 0.0888889 0.1875 0.0444444
6 0.65 0.1 0.1625 0.0666667
6 0.68125 0.1 0.175 0.0666667
6 0.6875 0.0888889 0.1625 0.0444444
4 0.7 0.1 0.1875 0.0666667
4 0.73125 0.0888889 0.125 0.0888889
6 0.74375 0.0888889 0.125 0.0888889
6 0.76875 0.0888889 0.15 0.0888889
23 0.81875 0.0777778 0.125 0.0666667
6 0.84375 0.0888889 0.1 0.0888889
6 0.86875 0.0888889 0.125 0.0888889
71 0.990625 0.0888889 0.01875 0.0444444
71 0.990625 0.1 0.01875 0.0222222
6 0.040625 0.111111 0.08125 0.0888889
6 0.053125 0.111111 0.10625 0.0888889
6 0.084375 0.111111 0.16875 0.0888889
5 0.11875 0.1 0.05 0.0666667
6 0.1375 0.1 0.0875 0.0666667
21 0.225 0.1 0.0625 0.0666667
6 0.23125 0.1 0.075 0.0666667
4 0.3375 0.1 0.1375 0.111111
4 0.54375 0.1 0.1 0.0666667
6 0.55625 0.1 0.125 0.0666667
6 0.5875 0.111111 0.1125 0.0888889
6 0.5875 0.122222 0.1125 0.0222222
6 0.63125 0.122222 0.075 0.0222222
6 0.65 0.122222 0.0625 0.0222222
6 0.65 0.122222 0.0375 0.0222222
6 0.65625 0.133333 0.025 0.0444444
6 0.6625 0.133333 0.1125 0.0444444
6 0.675 0.111111 0.1125 0.0888889
4 0.6875 0.111111 0.1125 0.0444444
4 0.725 0.122222 0.0625 0.0222222
5 0.7125 0.122222 0.0125 0.0222222
5 0.73125 0.133333 0 0.0444444
6 0.74375 0.122222 0 0.0222222
0 0.75625 0.122222 0.025 0.0222222
7 0.75 0.111111 0.0625 0.0444444
21 0.7875 0.1 0.0375 0.0666667
6 0.79375 0.0888889 0.125 0.0888889
21 0.8 0.0888889 0.1375 0.0888889
25 0.85 0.122222 0.0625 0.0222222
25 0.81875 0.111111 0.05 0.0444444
21 0.83125 0.122222 0.05 0.0222222
23 0.86875 0.0888889 0.125 0.0888889
71 0.990625 0.1 0.01875 0.0666667
4 0.053125 0.122222 0.10625 0.111111
6 0.075 0.122222 0.1125 0.0666667
6 0.125 0.144444 0.0625 0.0222222
4 0.14375 0.166667 0.1 0.0666667
4 0.15 0.155556 0.1375 0.0444444
4 0.16875 0.166667 0.125 0.0666667
6 0.2 0.155556 0.1125 0.0444444
6 0.23125 0.166667 0.15 0.0666667
4 0.29375 0.122222 0.125 0.111111
6 0.3 0.155556 0.1125 0.0444444
6 0.46875 0.122222 0.125 0.0666667
4 0.46875 0.122222 0.125 0.0666667
6 0.5 0.111111 0.1125 0.0888889
4 0.5125 0.111111 0.1125 0.0888889
5 0.525 0.122222 0.1125 0.0666667
4 0.575 0.122222 0.0625 0.0666667
4 0.59375 0.133333 0.05 0.0444444
4 0.59375 0.133333 0.125 0.0444444
4 0.60625 0.133333 0.075 0.0444444
4 0.6375 0.133333 0.0375 0.0444444
6 0.66875 0.133333 0.05 0.0444444
6 0.675 0.122222 0.0375 0.0666667
6 0.7375 0.133333 0.1125 0.0444444
5 0.71875 0.133333 0.075 0.0444444
5 0.73125 0.122222 0.05 0.0666667
6 0.7375 0.122222 0.0125 0.0666667
6 0.75 0.122222 0.0375 0.0666667
2 0.7375 0.122222 0.0875 0.0666667
2 0.75 0.155556 0.0875 0.0444444
21 0.76875 0.155556 0.125 0.0444444
53 0.78125 0.155556 0.125 0.0444444
60 0.8 0.155556 0.1375 0.0444444
25 0.85 0.133333 0.1625 0.0888889
6 0.83125 0.122222 0.1 0.0666667
21 0.8375 0.122222 0.0875 0.0666667
25 0.8625 0.122222 0.1125 0.0666667
25 0.925 0.111111 0.1125 0.133333
3 0.990625 0.1 0.01875 0.155556
4 0.1125 0.177778 0.1125 0.0444444
4 0.14375 0.177778 0.175 0.0444444
4 0.1875 0.166667 0.1875 0.0666667
6 0.18125 0.166667 0.125 0.0666667
25 0.24375 0.166667 0.175 0.0666667
4 0.3125 0.166667 0.1125 0.0666667
6 0.33125 0.166667 0.125 0.0666667
4 0.3375 0.166667 0.1375 0.0666667
6 0.36875 0.166667 0.075 0.0222222
4 0.46875 0.155556 0.1 0.0444444
4 0.4875 0.155556 0.1125 0.0444444
4 0.5125 0.155556 0.1375 0.0444444
4 0.525 0.177778 0.1375 0.0444444
4 0.53125 0.166667 0.125 0.0222222
4 0.55 0.177778 0.1375 0.0444444
4 0.59375 0.177778 0.125 0.0444444
6 0.6125 0.177778 0.1375 0.0444444
6 0.64375 0.177778 0.2 0.0444444
25 0.675 0.177778 0.2125 0.0444444
60 0.6875 0.166667 0.2125 0.0222222
8 0.69375 0.166667 0.2 0.0222222
11 0.70625 0.177778 0.1 0.0444444
4 0.7625 0.166667 0.1625 0.0666667
4 0.76875 0.177778 0.125 0.0444444
25 0.78125 0.177778 0.125 0.0444444
25 0.8 0.166667 0.1375 0.0666667
6 0.8375 0.166667 0.1875 0.0666667
4 0.825 0.166667 0.0875 0.0666667
25 0.84375 0.144444 0.125 0.111111
21 0.85625 0.144444 0.125 0.111111
3 0.990625 0.155556 0.01875 0.0444444
6 0.028125 0.2 0.05625 0.0888889
4 0.053125 0.188889 0.10625 0.111111
4 0.1125 0.2 0.1125 0.0444444
4 0.125 0.188889 0.1125 0.0222222
4 0.1375 0.2 0.1125 0.0444444
6 0.14375 0.2 0.125 0.0444444
6 0.175 0.2 0.1125 0.0444444
6 0.21875 0.188889 0.175 0.0666667
8 0.25 0.166667 0.1375 0.111111
8 0.2875 0.177778 0.1625 0.0444444
8 0.2875 0.188889 0.0875 0.0222222
