22 0.11875 0 0.075 0
11 0.15625 0 0.175 0
11 0.16875 0 0.05 0
42 0.38125 0 0.125 0
10 0.45 0 0.0875 0
10 0.475 0 0.0875 0
10 0.51875 0 0.125 0
10 0.54375 0 0.15 0
6 0.55625 0 0.175 0
3 0.54375 0 0.15 0
3 0.55625 0.0111111 0.15 0.0222222
3 0.59375 0.0111111 0.1 0.0222222
3 0.65 0.0111111 0.1125 0.0222222
3 0.61875 0 0.075 0
10 0.64375 0.0111111 0.05 0.0222222
6 0.6625 0.0111111 0.1375 0.0222222
10 0.675 0.0111111 0.1375 0.0222222
6 0.6875 0.0111111 0.1375 0.0222222
3 0.6875 0 0.1375 0
3 0.68125 0.0111111 0.175 0.0222222
3 0.7125 0.0111111 0.0375 0.0222222
3 0.7125 0.0111111 0.0625 0.0222222
6 0.74375 0.0111111 0.05 0.0222222
6 0.75625 0.0111111 0.125 0.0222222
6 0.7625 0.0111111 0.1375 0.0222222
15 0.7625 0 0.0875 0
3 0.775 0 0.0875 0
3 0.78125 0 0.125 0
3 0.85 0 0.1125 0
6 0.8125 0 0.2125 0
6 0.81875 0.0222222 0.2 0.0444444
44 0.83125 0.0222222 0.2 0.0444444
43 0.83125 0.0222222 0.15 0.0444444
6 0.9125 0.0222222 0.1375 0.0444444
3 0.94375 0 0.1 0
3 0.953125 0 0.09375 0
44 0.940625 0 0.11875 0
26 0.915625 0.0222222 0.16875 0.0444444
6 0.940625 0.0222222 0.11875 0.0444444
43 0.959375 0.0222222 0.08125 0.0444444
79 0.959375 0.0222222 0.08125 0.0444444
44 0.35625 0.0111111 0.05 0.0222222
44 0.375 0.0111111 0.0625 0.0222222
6 0.6 0.0333333 0.1875 0.0666667
21 0.6125 0.0333333 0.1875 0.0666667
50 0.65 0.0333333 0.1125 0.0666667
50 0.6625 0.0111111 0.1125 0.0222222
55 0.6875 0.0111111 0.1125 0.0222222
50 0.7 0.0111111 0.1125 0.0222222
50 0.66875 0.0111111 0.175 0.0222222
55 0.68125 0.0333333 0.175 0.0666667
9 0.934375 0.0222222 0.13125 0.0444444
9 0.959375 0.0222222 0.08125 0.0444444
44 0.959375 0.0222222 0.08125 0.0444444
6 0.525 0.0333333 0.1625 0.0666667
6 0.55 0.0333333 0.2875 0.0666667
6 0.6 0.0444444 0.2125 0.0444444
66 0.56875 0.0444444 0.3 0.0444444
6 0.60625 0.0333333 0.275 0.0666667
66 0.65625 0.0555556 0.2 0.0666667
66 0.66875 0.0444444 0.2 0.0444444
43 0.68125 0.0555556 0.2 0.0666667
6 0.675 0.0555556 0.1625 0.0666667
6 0.75 0.0555556 0.1625 0.0666667
8 0.95 0.0555556 0.0875 0.0666667
20 0.65 0.0888889 0.0875 0.0444444
7 0.946875 0.0777778 0.10625 0.0666667
21 0.95 0.0666667 0.0875 0.0444444
11 0.45 0.1 0.1125 0.111111
0 0.66875 0.111111 0.05 0.0444444
18 0.675 0.122222 0.0125 0.0222222
21 0.953125 0.0888889 0.09375 0.0444444
23 0.16875 0.133333 0.15 0.0444444
8 0.45625 0.144444 0.05 0.0666667
8 0.46875 0.122222 0.05 0.0666667
8 0.4625 0.122222 0.0875 0.111111
2 0.5625 0.144444 0.1625 0.0666667
2 0.575 0.122222 0.1625 0.0666667
19 0.58125 0.133333 0.15 0.0444444
17 0.64375 0.133333 0.15 0.0444444
7 0.6 0.133333 0.1125 0.0444444
10 0.65625 0.144444 0.025 0.0222222
2 0.66875 0.133333 0.025 0.0444444
10 0.68125 0.144444 0.025 0.0666667
13 0.7 0.144444 0.0375 0.0222222
25 0.725 0.155556 0.0625 0.0444444
25 0.78125 0.144444 0.15 0.0666667
0 0.9875 0.122222 0.0125 0.0666667
10 0.990625 0.133333 0.01875 0.0444444
10 0.35625 0.144444 0.15 0.0666667
23 0.44375 0.155556 0.05 0.0444444
23 0.4625 0.155556 0.0625 0.0888889
6 0.575 0.144444 0.1875 0.0666667
55 0.59375 0.144444 0.2 0.0666667
21 0.60625 0.144444 0.2 0.0666667
11 0.60625 0.144444 0.1 0.0666667
3 0.64375 0.144444 0.05 0.0666667
2 0.68125 0.155556 0.025 0.0888889
7 0.71875 0.155556 0.075 0.0444444
47 0.74375 0.155556 0.075 0.0444444
21 0.7625 0.155556 0.0875 0.0888889
21 0.7875 0.155556 0.1375 0.0888889
21 0.8 0.144444 0.1375 0.0666667
6 0.8 0.144444 0.1125 0.0666667
15 0.85625 0.144444 0.05 0.0666667
6 0.86875 0.144444 0.05 0.0666667
2 0.88125 0.144444 0.05 0.0666667
2 0.84375 0.144444 0.15 0.0666667
23 0.959375 0.144444 0.08125 0.111111
1 0.9875 0.144444 0.0125 0.0666667
26 0.99375 0.144444 0 0.0222222
11 0.2125 0.166667 0.1375 0.0666667
9 0.4125 0.2 0.0125 0.0444444
3 0.44375 0.188889 0.05 0.0666667
6 0.6125 0.188889 0.1875 0.0222222
11 0.61875 0.188889 0.075 0.0222222
22 0.59375 0.2 0.125 0.0444444
11 0.60625 0.2 0.125 0.0444444
25 0.625 0.188889 0.0625 0.0666667
11 0.66875 0.2 0.025 0.0444444
25 0.66875 0.2 0.05 0.0444444
17 0.71875 0.188889 0.125 0.0666667
7 0.7375 0.177778 0.1125 0.0888889
10 0.7375 0.177778 0.1125 0.0888889
21 0.74375 0.166667 0.1 0.111111
2 0.75625 0.155556 0.1 0.0888889
2 0.76875 0.166667 0.1 0.111111
2 0.7625 0.166667 0.2125 0.111111
6 0.81875 0.188889 0.15 0.0666667
21 0.39375 0.188889 0.15 0.0666667
12 0.43125 0.2 0.05 0.0444444
11 0.48125 0.211111 0.2 0.111111
6 0.5625 0.222222 0.0875 0.0444444
6 0.5875 0.222222 0.1625 0.0444444
22 0.60625 0.222222 0.175 0.0444444
17 0.59375 0.222222 0.125 0.0444444
14 0.61875 0.211111 0.075 0.0222222
18 0.61875 0.211111 0.075 0.0222222
21 0.61875 0.211111 0.05 0.0222222
21 0.65 0.2 0.0375 0.0444444
21 0.6625 0.188889 0.0375 0.0666667
21 0.69375 0.2 0.025 0.0444444
18 0.7 0.211111 0.0125 0.0222222
7 0.70625 0.211111 0.025 0.0222222
7 0.7375 0.211111 0.0375 0.0222222
6 0.80625 0.188889 0.1 0.0666667
12 0.81875 0.211111 0.1 0.0222222
65 0.775 0.211111 0.2125 0.0222222
6 0.84375 0.2 0.2 0.0888889
6 0.921875 0.2 0.15625 0.0888889
11 0.26875 0.188889 0.1 0.111111
0 0.3125 0.211111 0.0375 0.0666667
15 0.3375 0.211111 0.0375 0.0666667
10 0.4 0.211111 0.0625 0.0666667
12 0.41875 0.211111 0.05 0.0666667
11 0.5 0.222222 0.1625 0.0888889
11 0.55 0.222222 0.1125 0.0444444
19 0.60625 0.222222 0.175 0.0444444
17 0.625 0.222222 0.0625 0.0444444
18 0.6125 0.233333 0.0625 0.0666667
18 0.625 0.233333 0.0375 0.0666667
20 0.6875 0.222222 0.1625 0.0444444
17 0.70625 0.222222 0.15 0.0444444
21 0.7 0.222222 0.0375 0.0444444
18 0.7 0.222222 0.0125 0.0444444
17 0.725 0.222222 0.0625 0.0444444
17 0.74375 0.233333 0.05 0.0222222
20 0.7375 0.233333 0.0875 0.0222222
6 0.78125 0.233333 0.05 0.0222222
21 0.11875 0.244444 0.15 0.0888889
12 0.38125 0.233333 0.1 0.111111
12 0.35625 0.244444 0.075 0.0888889
12 0.38125 0.233333 0.05 0.0666667
0 0.46875 0.266667 0.025 0.0444444
0 0.50625 0.266667 0.075 0.0444444
11 0.51875 0.255556 0.075 0.0666667
12 0.56875 0.233333 0.05 0.0666667
10 0.575 0.233333 0.0625 0.0666667
0 0.5625 0.244444 0.0125 0.0444444
0 0.575 0.244444 0.0125 0.0444444
10 0.59375 0.244444 0.025 0.0444444
10 0.60625 0.244444 0.025 0.0444444
10 0.6125 0.244444 0.0375 0.0444444
12 0.61875 0.233333 0.05 0.0666667
21 0.63125 0.244444 0.05 0.0444444
21 0.73125 0.255556 0.15 0.0666667
20 0.75625 0.255556 0.125 0.0666667
17 0.74375 0.266667 0.125 0.0444444
10 0.75625 0.266667 0.15 0.0444444
6 0.7625 0.255556 0.1375 0.0666667
22 0.76875 0.255556 0.15 0.0666667
9 0.7625 0.255556 0.1875 0.0666667
6 0.934375 0.222222 0.13125 0.133333
25 0.946875 0.255556 0.10625 0.0666667
6 0.953125 0.255556 0.09375 0.0666667
8 0.95625 0.244444 0.075 0.0444444
9 0.01875 0.266667 0.025 0.0888889
21 0.1125 0.288889 0.1625 0.0888889
3 0.46875 0.266667 0.025 0.0444444
0 0.475 0.266667 0.0375 0.0444444
3 0.50625 0.266667 0.075 0.0888889
11 0.525 0.277778 0.0875 0.0666667
11 0.53125 0.266667 0.1 0.0888889
12 0.53125 0.277778 0.125 0.0666667
10 0.5625 0.266667 0.0625 0.0888889
10 0.575 0.266667 0.0375 0.0888889
10 0.58125 0.266667 0.025 0.0888889
10 0.59375 0.277778 0.025 0.0666667
10 0.60625 0.277778 0.025 0.0666667
10 0.61875 0.277778 0.025 0.0666667
10 0.625 0.277778 0.0375 0.0666667
10 0.65 0.277778 0.0125 0.0666667
10 0.68125 0.266667 0.05 0.0444444
44 0.69375 0.288889 0.05 0.0888889
10 0.20625 0.288889 0.05 0.0444444
3 0.24375 0.311111 0.2 0.0888889
3 0.2875 0.288889 0.1375 0.0444444
65 0.3625 0.3 0.1625 0.0666667
6 0.375 0.3 0.1625 0.0666667
65 0.3875 0.311111 0.1375 0.0444444
6 0.425 0.311111 0.1875 0.0444444
3 0.44375 0.3 0.2 0.111111
3 0.4375 0.288889 0.1375 0.0888889
3 0.46875 0.277778 0.2 0.0666667
3 0.48125 0.288889 0.2 0.0888889
12 0.50625 0.277778 0.2 0.0666667
11 0.49375 0.277778 0.15 0.0666667
10 0.5375 0.277778 0.1875 0.0666667
11 0.55625 0.288889 0.05 0.0444444
12 0.575 0.3 0.0125 0.0666667
10 0.575 0.3 0.0375 0.0666667
10 0.5875 0.3 0.0375 0.0666667
3 0.60625 0.277778 0.025 0.0666667
21 0.6375 0.277778 0.0125 0.0666667
25 0.71875 0.3 0.175 0.0666667
6 0.79375 0.311111 0.15 0.0444444
6 0.85 0.311111 0.0625 0.0444444
10 0.98125 0.266667 0.025 0.0444444
10 0.959375 0.277778 0.08125 0.0222222
6 0.21875 0.3 0.05 0.0666667
6 0.39375 0.333333 0.15 0.0444444
6 0.425 0.333333 0.1375 0.0444444
50 0.45 0.322222 0.1375 0.0222222
8 0.60625 0.322222 0.05 0.0222222
11 0.7125 0.3 0.1875 0.0666667
22 0.78125 0.311111 0.15 0.0444444
14 0.8375 0.311111 0.0625 0.0444444
14 0.85 0.311111 0.0625 0.0444444
13 0.84375 0.311111 0.1 0.0444444
10 0.86875 0.311111 0.075 0.0444444
17 0.875 0.311111 0.0875 0.0444444
22 0.9 0.322222 0.1125 0.0666667
22 0.925 0.322222 0.1125 0.0666667
0 0.984375 0.3 0.03125 0.0666667
0 0.9875 0.311111 0.0125 0.0444444
10 0.996875 0.3 0.00625 0.0666667
10 0.39375 0.344444 0.05 0.0222222
10 0.40625 0.344444 0.05 0.0222222
6 0.38125 0.322222 0.15 0.0666667
6 0.39375 0.333333 0.15 0.0888889
6 0.425 0.344444 0.1375 0.0666667
11 0.58125 0.344444 0.1 0.0222222
11 0.61875 0.366667 0.15 0.0666667
9 0.9875 0.322222 0.0125 0.0666667
6 0.19375 0.366667 0.125 0.0666667
6 0.3 0.377778 0.1875 0.0444444
6 0.3 0.366667 0.1125 0.0222222
6 0.34375 0.366667 0.05 0.0222222
2 0.35625 0.366667 0.05 0.0222222
2 0.38125 0.366667 0.05 0.0222222
5 0.35 0.377778 0.1625 0.0444444
6 0.3875 0.377778 0.1125 0.0444444
6 0.41875 0.377778 0.125 0.0444444
6 0.43125 0.388889 0.125 0.0666667
11 0.58125 0.377778 0.1 0.0444444
4 0.625 0.366667 0.1875 0.0666667
10 0.60625 0.366667 0.15 0.0666667
53 0.7375 0.388889 0.0875 0.0666667
6 0.7625 0.388889 0.0625 0.0666667
6 0.275 0.388889 0.1125 0.0666667
6 0.34375 0.388889 0.05 0.0222222
6 0.35625 0.377778 0.05 0.0444444
6 0.34375 0.388889 0.125 0.0666667
6 0.35625 0.4 0.125 0.0444444
6 0.38125 0.388889 0.15 0.0666667
6 0.425 0.4 0.1375 0.0888889
6 0.4625 0.4 0.1875 0.0888889
25 0.59375 0.388889 0.125 0.0222222
13 0.6375 0.4 0.0625 0.0444444
25 0.6125 0.4 0.1875 0.0888889
25 0.69375 0.4 0.125 0.0888889
25 0.7375 0.388889 0.0625 0.0666667
6 0.71875 0.4 0.2 0.0888889
21 0.78125 0.388889 0.1 0.111111
25 0.5875 0.411111 0.0875 0.0666667
6 0.75 0.4 0.0625 0.0888889
2 0.7625 0.411111 0.0625 0.0666667
18 0.78125 0.4 0.125 0.0888889
10 0.05625 0.422222 0.075 0.0444444
19 0.16875 0.422222 0.125 0.0444444
