67 0.00625 0 0 0
67 0.01875 0 0 0
35 0.03125 0.0111111 0 0.0222222
35 0.021875 0.0111111 0.04375 0.0222222
26 0.05625 0 0 0
26 0.06875 0 0 0
26 0.08125 0 0 0
26 0.09375 0 0 0
26 0.10625 0 0 0
26 0.11875 0 0 0
26 0.13125 0 0 0
26 0.14375 0 0 0
26 0.15625 0 0 0
26 0.16875 0 0 0
63 0.18125 0 0 0
66 0.19375 0 0 0
66 0.20625 0 0 0
66 0.21875 0 0 0
53 0.23125 0 0 0
53 0.24375 0 0 0
66 0.25625 0 0 0
66 0.26875 0 0 0
35 0.28125 0.0111111 0 0.0222222
35 0.29375 0 0 0
26 0.30625 0 0 0
26 0.31875 0 0 0
26 0.33125 0 0 0
26 0.28125 0.0111111 0.125 0.0222222
60 0.39375 0.0222222 0.2 0.0444444
29 0.40625 0.0111111 0.2 0.0222222
29 0.44375 0.0111111 0.125 0.0222222
11 0.45625 0.0111111 0.1 0.0222222
11 0.4625 0.0222222 0.1125 0.0444444
8 0.46875 0.0222222 0.1 0.0444444
11 0.5125 0 0.1875 0
53 0.61875 0 0 0
35 0.63125 0.0111111 0 0.0222222
26 0.64375 0 0 0
26 0.65625 0 0 0
26 0.66875 0 0 0
35 0.68125 0 0 0
35 0.69375 0 0 0
26 0.70625 0 0 0
26 0.71875 0 0 0
26 0.73125 0 0 0
26 0.74375 0 0 0
26 0.75625 0 0 0
26 0.76875 0 0 0
26 0.78125 0 0 0
26 0.79375 0 0 0
26 0.80625 0 0 0
26 0.81875 0 0 0
26 0.83125 0 0 0
26 0.84375 0 0 0
26 0.85625 0 0 0
26 0.86875 0 0 0
26 0.88125 0 0 0
35 0.89375 0 0 0
55 0.90625 0 0 0
55 0.91875 0 0 0
55 0.93125 0 0 0
35 0.94375 0 0 0
35 0.95625 0 0 0
35 0.96875 0 0 0
26 0.98125 0 0 0
26 0.99375 0 0 0
67 0.00625 0.0111111 0 0.0222222
67 0.01875 0.0111111 0 0.0222222
35 0.028125 0.0222222 0.05625 0.0444444
35 0.071875 0.0222222 0.14375 0.0444444
35 0.1 0.0111111 0.1375 0.0222222
35 0.18125 0.0111111 0 0.0222222
35 0.19375 0.0111111 0 0.0222222
67 0.20625 0.0111111 0 0.0222222
67 0.21875 0.0111111 0 0.0222222
67 0.23125 0.0111111 0 0.0222222
67 0.24375 0.0111111 0 0.0222222
67 0.25625 0.0111111 0 0.0222222
67 0.26875 0.0111111 0 0.0222222
67 0.28125 0.0111111 0 0.0222222
67 0.29375 0.0111111 0 0.0222222
35 0.30625 0.0111111 0 0.0222222
8 0.41875 0.0111111 0.1 0.0222222
8 0.425 0.0111111 0.1125 0.0222222
2 0.43125 0.0111111 0.125 0.0222222
2 0.45 0.0111111 0.1125 0.0222222
4 0.45625 0.0111111 0.1 0.0222222
4 0.48125 0.0111111 0.125 0.0222222
8 0.51875 0.0222222 0.175 0.0444444
8 0.5625 0.0222222 0.0625 0.0444444
8 0.55 0.0222222 0.1125 0.0444444
67 0.625 0.0111111 0.0125 0.0222222
12 0.575 0.0111111 0.1125 0.0222222
67 0.5875 0.0222222 0.1125 0.0444444
35 0.60625 0.0222222 0.125 0.0444444
67 0.61875 0.0222222 0.125 0.0444444
12 0.65 0.0111111 0.1125 0.0222222
12 0.675 0.0111111 0.1125 0.0222222
12 0.7 0.0111111 0.1125 0.0222222
12 0.725 0.0111111 0.1125 0.0222222
67 0.73125 0.0111111 0.125 0.0222222
67 0.75625 0.0111111 0.125 0.0222222
67 0.00625 0.0222222 0 0.0444444
67 0.01875 0.0222222 0 0.0444444
67 0.03125 0.0222222 0 0.0444444
67 0.15625 0.0222222 0 0.0444444
67 0.16875 0.0222222 0 0.0444444
67 0.18125 0.0222222 0 0.0444444
67 0.19375 0.0222222 0 0.0444444
67 0.20625 0.0222222 0 0.0444444
26 0.21875 0.0222222 0 0.0444444
26 0.23125 0.0222222 0 0.0444444
67 0.24375 0.0222222 0 0.0444444
67 0.25625 0.0222222 0 0.0444444
67 0.26875 0.0222222 0 0.0444444
67 0.28125 0.0222222 0 0.0444444
67 0.63125 0.0222222 0 0.0444444
26 0.64375 0.0333333 0 0.0666667
26 0.65625 0.0333333 0 0.0666667
26 0.675 0.0333333 0.0125 0.0666667
35 0.73125 0.0222222 0 0.0444444
35 0.74375 0.0222222 0 0.0444444
35 0.75625 0.0222222 0 0.0444444
39 0.79375 0.0222222 0 0.0444444
39 0.80625 0.0222222 0 0.0444444
67 0.81875 0.0222222 0 0.0444444
67 0.83125 0.0222222 0 0.0444444
67 0.85625 0.0222222 0 0.0444444
67 0.86875 0.0222222 0 0.0444444
67 0.88125 0.0222222 0 0.0444444
66 0.94375 0.0222222 0 0.0444444
39 0.996875 0.0222222 0.00625 0.0444444
67 0.00625 0.0444444 0 0.0444444
67 0.025 0.0444444 0.0125 0.0444444
12 0.03125 0.0444444 0 0.0444444
12 0.04375 0.0444444 0 0.0444444
26 0.05625 0.0444444 0 0.0444444
26 0.06875 0.0444444 0 0.0444444
12 0.08125 0.0444444 0 0.0444444
12 0.09375 0.0444444 0 0.0444444
12 0.10625 0.0444444 0 0.0444444
12 0.11875 0.0444444 0 0.0444444
12 0.13125 0.0444444 0 0.0444444
12 0.14375 0.0444444 0 0.0444444
11 0.15625 0.0444444 0 0.0444444
11 0.16875 0.0444444 0 0.0444444
11 0.18125 0.0444444 0 0.0444444
11 0.19375 0.0444444 0 0.0444444
11 0.20625 0.0444444 0 0.0444444
11 0.21875 0.0444444 0 0.0444444
11 0.23125 0.0444444 0 0.0444444
11 0.24375 0.0444444 0 0.0444444
12 0.25625 0.0444444 0 0.0444444
12 0.26875 0.0444444 0 0.0444444
12 0.2875 0.0444444 0.0125 0.0444444
11 0.29375 0.0444444 0 0.0444444
11 0.30625 0.0555556 0 0.0222222
11 0.31875 0.0666667 0 0.0888889
11 0.55 0.0555556 0.1125 0.0666667
11 0.6125 0.0444444 0.0125 0.0444444
11 0.625 0.0444444 0.0125 0.0444444
12 0.63125 0.0444444 0 0.0444444
12 0.65 0.0444444 0.0125 0.0444444
12 0.6625 0.0444444 0.0125 0.0444444
12 0.675 0.0444444 0.0125 0.0444444
26 0.68125 0.0333333 0 0.0666667
26 0.69375 0.0444444 0 0.0444444
26 0.70625 0.0444444 0 0.0444444
26 0.71875 0.0444444 0 0.0444444
26 0.73125 0.0444444 0 0.0444444
26 0.74375 0.0444444 0 0.0444444
26 0.75625 0.0444444 0 0.0444444
26 0.76875 0.0444444 0 0.0444444
39 0.78125 0.0444444 0 0.0444444
26 0.79375 0.0444444 0 0.0444444
26 0.80625 0.0444444 0 0.0444444
26 0.81875 0.0444444 0 0.0444444
26 0.83125 0.0444444 0 0.0444444
26 0.84375 0.0444444 0 0.0444444
26 0.85625 0.0444444 0 0.0444444
26 0.86875 0.0444444 0 0.0444444
26 0.88125 0.0444444 0 0.0444444
26 0.89375 0.0444444 0 0.0444444
67 0.90625 0.0444444 0 0.0444444
67 0.91875 0.0444444 0 0.0444444
67 0.93125 0.0444444 0 0.0444444
67 0.94375 0.0444444 0 0.0444444
39 0.95625 0.0444444 0 0.0444444
39 0.96875 0.0444444 0 0.0444444
67 0.9875 0.0555556 0.0125 0.0222222
32 0.996875 0.0555556 0.00625 0.0222222
67 0.00625 0.0555556 0 0.0666667
67 0.01875 0.0666667 0 0.0444444
12 0.03125 0.0666667 0 0.0444444
12 0.04375 0.0666667 0 0.0444444
12 0.05625 0.0666667 0 0.0444444
11 0.06875 0.0555556 0 0.0666667
11 0.08125 0.0555556 0 0.0666667
11 0.09375 0.0555556 0 0.0666667
11 0.10625 0.0555556 0 0.0666667
11 0.11875 0.0555556 0 0.0666667
11 0.13125 0.0555556 0 0.0666667
11 0.14375 0.0555556 0 0.0666667
11 0.15625 0.0555556 0 0.0666667
11 0.16875 0.0555556 0 0.0666667
11 0.18125 0.0666667 0 0.0444444
11 0.19375 0.0666667 0 0.0444444
11 0.20625 0.0555556 0 0.0666667
11 0.21875 0.0555556 0 0.0666667
11 0.175 0.0555556 0.1125 0.0666667
11 0.24375 0.0555556 0 0.0666667
11 0.25625 0.0555556 0 0.0666667
11 0.26875 0.0555556 0 0.0666667
11 0.28125 0.0555556 0 0.0666667
11 0.29375 0.0555556 0 0.0666667
10 0.30625 0.0555556 0 0.0666667
11 0.25625 0.0777778 0.125 0.111111
3 0.33125 0.0777778 0 0.111111
3 0.3375 0.0666667 0.0625 0.133333
11 0.3625 0.0777778 0.0125 0.0666667
8 0.4 0.1 0.0625 0.0666667
8 0.4 0.1 0.1625 0.0666667
11 0.40625 0.0555556 0.175 0.0666667
11 0.6125 0.0555556 0.0125 0.0666667
11 0.61875 0.0555556 0 0.0666667
11 0.63125 0.0555556 0 0.0666667
10 0.64375 0.0555556 0 0.0666667
10 0.65625 0.0666667 0 0.0444444
11 0.675 0.0555556 0.0125 0.0666667
11 0.68125 0.0555556 0 0.0666667
11 0.7 0.0555556 0.0125 0.0666667
12 0.70625 0.0555556 0 0.0666667
12 0.71875 0.0555556 0 0.0666667
12 0.73125 0.0555556 0 0.0666667
26 0.74375 0.0555556 0 0.0666667
67 0.75625 0.0555556 0 0.0666667
67 0.76875 0.0555556 0 0.0666667
67 0.78125 0.0555556 0 0.0666667
67 0.79375 0.0555556 0 0.0666667
26 0.75 0.0555556 0.1125 0.0666667
26 0.775 0.0555556 0.1125 0.0666667
26 0.85625 0.0666667 0 0.0444444
35 0.86875 0.0666667 0 0.0444444
35 0.88125 0.0666667 0 0.0444444
35 0.89375 0.0555556 0 0.0666667
35 0.85 0.0555556 0.1125 0.0666667
35 0.8625 0.0666667 0.1125 0.0444444
35 0.8875 0.0666667 0.1125 0.0444444
67 0.00625 0.0888889 0 0.0444444
35 0.01875 0.0888889 0 0.0444444
26 0.04375 0.0888889 0 0.0444444
26 0.028125 0.1 0.05625 0.0666667
26 0.040625 0.111111 0.08125 0.0888889
26 0.040625 0.1 0.08125 0.0666667
26 0.046875 0.1 0.09375 0.111111
35 0.059375 0.1 0.11875 0.111111
35 0.06875 0.1 0.125 0.0666667
26 0.0875 0.1 0.1375 0.0666667
26 0.125 0.1 0.1375 0.0666667
26 0.15 0.1 0.1375 0.0666667
26 0.1875 0.1 0.1125 0.0666667
26 0.2 0.0888889 0.1125 0.0444444
26 0.225 0.1 0.1125 0.0666667
24 0.23125 0.1 0.125 0.0666667
24 0.24375 0.0888889 0.15 0.0888889
24 0.25625 0.1 0.15 0.111111
26 0.3125 0.111111 0.0625 0.0888889
11 0.375 0.1 0.1125 0.0222222
11 0.4625 0.0888889 0.2875 0.0444444
11 0.63125 0.0666667 0 0.0888889
11 0.65 0.0666667 0.0125 0.0888889
10 0.6625 0.0666667 0.0125 0.0888889
11 0.68125 0.0666667 0 0.0888889
11 0.69375 0.0666667 0 0.0888889
11 0.70625 0.0666667 0 0.0888889
11 0.71875 0.0777778 0 0.0666667
11 0.73125 0.0777778 0 0.0666667
11 0.74375 0.0777778 0 0.0666667
11 0.7 0.0777778 0.1125 0.0666667
11 0.76875 0.0777778 0 0.0666667
35 0.725 0.0777778 0.1125 0.0666667
35 0.7375 0.0888889 0.1125 0.0444444
35 0.7625 0.0777778 0.1125 0.111111
35 0.775 0.0888889 0.1125 0.0888889
35 0.8 0.0888889 0.1125 0.0444444
35 0.825 0.0888889 0.1125 0.0444444
35 0.85 0.0888889 0.1125 0.0444444
35 0.875 0.0888889 0.1125 0.0444444
35 0.9 0.0888889 0.1125 0.0444444
35 0.9875 0.0888889 0.0125 0.0444444
67 0.00625 0.1 0 0.0666667
35 0.01875 0.111111 0 0.0444444
26 0.0375 0.111111 0.0125 0.0444444
26 0.04375 0.111111 0 0.0444444
26 0.05625 0.1 0 0.0666667
26 0.040625 0.111111 0.08125 0.0444444
26 0.08125 0.111111 0 0.0444444
26 0.09375 0.111111 0 0.0444444
26 0.10625 0.111111 0 0.0444444
26 0.11875 0.111111 0 0.0444444
