21 0.1125 0.0111111 0.1875 0.0222222
21 0.19375 0.0111111 0.175 0.0222222
21 0.23125 0.0111111 0.2 0.0222222
11 0.45625 0.0111111 0.15 0.0222222
31 0.5125 0.0111111 0.1375 0.0222222
31 0.69375 0.0111111 0.275 0.0222222
11 0.85625 0.0111111 0.25 0.0222222
21 0.096875 0.0333333 0.19375 0.0666667
21 0.1375 0.0444444 0.1375 0.0444444
54 0.15625 0.0444444 0.125 0.0444444
21 0.2375 0.0333333 0.1375 0.0666667
21 0.58125 0.0333333 0.3 0.0222222
50 0.959375 0.0333333 0.08125 0.0666667
10 0.984375 0.0222222 0.03125 0.0444444
10 0.028125 0.0444444 0.05625 0.0444444
54 0.125 0.0555556 0.1375 0.0222222
21 0.3375 0.0555556 0.1375 0.0222222
21 0.375 0.0555556 0.1375 0.0222222
21 0.53125 0.0555556 0.15 0.0222222
21 0.56875 0.0666667 0.175 0.0444444
21 0.58125 0.0555556 0.15 0.0222222
21 0.5875 0.0444444 0.1625 0.0444444
21 0.6 0.0333333 0.1625 0.0666667
21 0.5875 0.0444444 0.0625 0.0444444
21 0.675 0.0555556 0.1125 0.0222222
21 0.675 0.0555556 0.2125 0.0222222
21 0.8 0.0444444 0.2125 0.0888889
10 0.978125 0.0444444 0.04375 0.0444444
3 0.021875 0.0555556 0.04375 0.0666667
21 0.028125 0.0555556 0.05625 0.0666667
44 0.1125 0.0666667 0.1375 0.0444444
16 0.1125 0.0666667 0.1625 0.0444444
16 0.0875 0.0666667 0.0875 0.0444444
1 0.1 0.0666667 0.0375 0.0444444
1 0.1125 0.0666667 0.0375 0.0444444
1 0.15 0.0666667 0.0625 0.0444444
1 0.1625 0.0666667 0.0625 0.0444444
54 0.20625 0.0666667 0.125 0.0444444
16 0.225 0.0666667 0.1375 0.0444444
16 0.1875 0.0666667 0.0375 0.0444444
1 0.20625 0.0666667 0.025 0.0444444
1 0.21875 0.0666667 0.025 0.0444444
1 0.23125 0.0666667 0.025 0.0444444
16 0.24375 0.0666667 0.025 0.0444444
16 0.25625 0.0666667 0.025 0.0444444
54 0.26875 0.0666667 0.025 0.0444444
19 0.3625 0.0666667 0.0875 0.0444444
21 0.3875 0.0666667 0.0875 0.0444444
21 0.43125 0.0666667 0.175 0.0444444
54 0.43125 0.0666667 0.15 0.0444444
50 0.46875 0.0666667 0.125 0.0444444
21 0.5125 0.0666667 0.2125 0.0444444
21 0.5625 0.0777778 0.1875 0.0666667
50 0.58125 0.0666667 0.175 0.0444444
74 0.975 0.0666667 0.0375 0.0444444
71 0.978125 0.0555556 0.04375 0.0222222
3 0.053125 0.1 0.10625 0.0666667
54 0.078125 0.0666667 0.15625 0.0888889
44 0.0625 0.0777778 0.0625 0.0666667
44 0.075 0.0888889 0.0875 0.0444444
1 0.10625 0.0888889 0.05 0.0444444
1 0.11875 0.0888889 0.05 0.0444444
1 0.1375 0.0888889 0.0625 0.0444444
1 0.15 0.0888889 0.0625 0.0444444
17 0.16875 0.0888889 0.075 0.0444444
1 0.16875 0.0888889 0.05 0.0444444
1 0.19375 0.0888889 0.025 0.0444444
1 0.20625 0.0888889 0.025 0.0444444
1 0.21875 0.0777778 0.025 0.0222222
1 0.23125 0.0888889 0.025 0.0444444
16 0.24375 0.0888889 0.025 0.0444444
16 0.25625 0.0888889 0.025 0.0444444
54 0.26875 0.0888889 0.025 0.0444444
54 0.3 0.0888889 0.0625 0.0444444
54 0.35 0.0888889 0.0875 0.0444444
54 0.375 0.0888889 0.0625 0.0444444
44 0.78125 0.0777778 0.175 0.0666667
44 0.7625 0.0777778 0.1125 0.0666667
4 0.8375 0.0777778 0.1125 0.0666667
71 0.9375 0.0777778 0.0625 0.0666667
71 0.9625 0.0888889 0.0125 0.0444444
54 0.984375 0.0888889 0.03125 0.0444444
3 0.028125 0.111111 0.05625 0.0888889
54 0.078125 0.0888889 0.15625 0.0888889
1 0.0625 0.1 0.0625 0.0666667
1 0.08125 0.111111 0.05 0.0444444
1 0.09375 0.111111 0.05 0.0444444
1 0.10625 0.111111 0.05 0.0444444
1 0.125 0.111111 0.0625 0.0444444
1 0.14375 0.111111 0.075 0.0444444
16 0.16875 0.111111 0.05 0.0444444
17 0.175 0.111111 0.0375 0.0444444
1 0.175 0.111111 0.0375 0.0444444
1 0.19375 0.111111 0.05 0.0444444
1 0.21875 0.111111 0.025 0.0444444
1 0.23125 0.111111 0.025 0.0444444
1 0.24375 0.111111 0.025 0.0444444
1 0.25625 0.111111 0.025 0.0444444
1 0.26875 0.111111 0.025 0.0444444
54 0.3 0.111111 0.0625 0.0444444
54 0.3125 0.111111 0.0625 0.0444444
54 0.325 0.111111 0.0625 0.0444444
54 0.3375 0.111111 0.0625 0.0444444
54 0.35 0.111111 0.0625 0.0444444
54 0.36875 0.111111 0.075 0.0444444
9 0.4375 0.1 0.0625 0.0222222
44 0.76875 0.1 0.125 0.0666667
44 0.775 0.111111 0.1375 0.0444444
71 0.8375 0.111111 0.1625 0.0444444
48 0.96875 0.111111 0 0.0444444
74 0.98125 0.111111 0.025 0.0444444
64 0.984375 0.111111 0.03125 0.0444444
74 0.021875 0.111111 0.04375 0.0888889
49 0.071875 0.111111 0.14375 0.0888889
74 0.05625 0.122222 0.05 0.0222222
9 0.125 0.122222 0.0375 0.0222222
74 0.15 0.122222 0.0625 0.0222222
58 0.15625 0.122222 0.05 0.0222222
9 0.19375 0.122222 0.025 0.0222222
1 0.20625 0.122222 0.025 0.0222222
1 0.21875 0.122222 0.025 0.0222222
1 0.23125 0.122222 0.025 0.0222222
1 0.24375 0.122222 0.025 0.0222222
9 0.25625 0.122222 0.025 0.0222222
9 0.26875 0.122222 0.025 0.0222222
11 0.2875 0.133333 0.0375 0.0444444
12 0.30625 0.122222 0.05 0.0222222
9 0.45 0.122222 0.0375 0.0222222
2 0.45 0.122222 0.0375 0.0222222
9 0.4625 0.122222 0.0625 0.0222222
9 0.48125 0.122222 0.05 0.0222222
66 0.78125 0.133333 0.125 0.0444444
13 0.84375 0.133333 0.15 0.0444444
6 0.934375 0.111111 0.13125 0.0444444
5 0.9125 0.111111 0.1375 0.0888889
5 0.925 0.122222 0.0875 0.0666667
21 0.9625 0.122222 0.0125 0.0222222
74 0.975 0.133333 0.0125 0.0444444
1 0.984375 0.144444 0.03125 0.0666667
58 0.1125 0.133333 0.0125 0.0444444
58 0.15625 0.133333 0.05 0.0444444
58 0.16875 0.133333 0.05 0.0444444
58 0.175 0.144444 0.0375 0.0666667
9 0.2125 0.144444 0.0625 0.0666667
1 0.21875 0.144444 0.025 0.0666667
1 0.24375 0.155556 0.05 0.0444444
1 0.24375 0.144444 0.025 0.0666667
5 0.25625 0.144444 0.025 0.0666667
9 0.2875 0.144444 0.0625 0.0666667
2 0.3 0.144444 0.0625 0.0666667
2 0.3125 0.144444 0.0625 0.0666667
6 0.475 0.144444 0.1375 0.0666667
6 0.4625 0.144444 0.0125 0.0666667
6 0.91875 0.133333 0.15 0.0888889
18 0.95 0.144444 0.0375 0.0666667
18 0.9625 0.155556 0.0125 0.0444444
21 0.98125 0.155556 0.025 0.0444444
54 0.984375 0.166667 0.03125 0.0666667
68 0.1625 0.177778 0.0625 0.0444444
6 0.18125 0.166667 0.075 0.0666667
9 0.18125 0.155556 0.05 0.0444444
12 0.2125 0.166667 0.0375 0.0222222
10 0.225 0.166667 0.0375 0.0222222
6 0.23125 0.166667 0.025 0.0222222
6 0.24375 0.166667 0.025 0.0222222
9 0.25 0.166667 0.0125 0.0222222
9 0.26875 0.166667 0 0.0222222
9 0.29375 0.155556 0.05 0.0444444
12 0.3125 0.155556 0.0625 0.0444444
19 0.95 0.177778 0.0375 0.0444444
18 0.96875 0.177778 0.025 0.0444444
20 0.98125 0.177778 0.025 0.0444444
21 0.984375 0.177778 0.03125 0.0444444
12 0.053125 0.188889 0.10625 0.0666667
12 0.21875 0.188889 0.075 0.0666667
6 0.24375 0.188889 0.05 0.0666667
9 0.25625 0.177778 0.025 0.0444444
9 0.2625 0.177778 0.0125 0.0444444
9 0.29375 0.188889 0.05 0.0666667
21 0.74375 0.211111 0.1 0.0222222
7 0.8625 0.2 0.0375 0.0444444
3 0.88125 0.188889 0.025 0.0222222
7 0.9 0.2 0.0125 0.0444444
18 0.95625 0.188889 0.05 0.0666667
18 0.9625 0.188889 0.0375 0.0222222
21 0.98125 0.2 0.025 0.0444444
7 0.990625 0.2 0.01875 0.0444444
3 0.053125 0.222222 0.10625 0.0444444
66 0.1 0.222222 0.1125 0.0444444
66 0.13125 0.222222 0.1 0.0444444
68 0.23125 0.222222 0.1 0.0444444
9 0.2625 0.222222 0.0375 0.0444444
12 0.26875 0.211111 0.025 0.0666667
68 0.3 0.222222 0.0625 0.0444444
21 0.7125 0.222222 0.0375 0.0444444
71 0.8375 0.222222 0.0375 0.0444444
71 0.85 0.222222 0.0375 0.0444444
70 0.8625 0.222222 0.0375 0.0444444
2 0.88125 0.222222 0.025 0.0444444
7 0.89375 0.222222 0.025 0.0444444
70 0.9125 0.211111 0.0375 0.0666667
70 0.91875 0.222222 0.025 0.0444444
18 0.94375 0.222222 0.05 0.0444444
18 0.95625 0.222222 0.05 0.0444444
7 0.95625 0.222222 0.05 0.0444444
18 0.975 0.222222 0.0125 0.0444444
2 0.984375 0.211111 0.03125 0.0666667
3 0.053125 0.244444 0.10625 0.0444444
44 0.13125 0.244444 0.125 0.0444444
71 0.24375 0.244444 0.1 0.0444444
68 0.25 0.244444 0.0875 0.0444444
68 0.28125 0.244444 0.075 0.0444444
6 0.59375 0.233333 0.175 0.0666667
68 0.85 0.244444 0.0625 0.0444444
7 0.84375 0.244444 0.075 0.0444444
2 0.875 0.244444 0.0125 0.0444444
3 0.88125 0.244444 0.025 0.0444444
7 0.8875 0.244444 0.0125 0.0444444
68 0.9125 0.233333 0.0375 0.0666667
7 0.925 0.233333 0.0375 0.0666667
18 0.94375 0.233333 0.05 0.0666667
18 0.95 0.244444 0.0375 0.0444444
18 0.9625 0.244444 0.0125 0.0444444
7 0.98125 0.233333 0.025 0.0222222
2 0.984375 0.222222 0.03125 0.0444444
24 0.053125 0.266667 0.10625 0.0444444
44 0.14375 0.255556 0.175 0.0666667
44 0.125 0.266667 0.1125 0.0444444
66 0.225 0.255556 0.1375 0.0666667
6 0.25 0.255556 0.1125 0.0666667
5 0.25 0.255556 0.1125 0.0666667
5 0.26875 0.266667 0.1 0.0444444
68 0.30625 0.266667 0.175 0.0444444
58 0.60625 0.277778 0.1 0.0666667
43 0.8 0.255556 0.1125 0.0666667
6 0.8125 0.255556 0.0625 0.0666667
14 0.84375 0.255556 0.075 0.0666667
10 0.88125 0.266667 0.025 0.0444444
7 0.88125 0.266667 0.025 0.0444444
7 0.9125 0.255556 0.0625 0.0666667
6 0.9125 0.255556 0.0625 0.111111
71 0.91875 0.266667 0.05 0.0888889
19 0.95 0.255556 0.0375 0.0222222
20 0.9625 0.266667 0.0125 0.0444444
7 0.9875 0.266667 0.0125 0.0444444
2 0.984375 0.266667 0.03125 0.0444444
71 0.16875 0.277778 0.1 0.0666667
71 0.175 0.266667 0.0875 0.0888889
6 0.21875 0.266667 0.175 0.0888889
68 0.24375 0.266667 0.175 0.0888889
68 0.2375 0.288889 0.1375 0.0444444
68 0.2625 0.288889 0.1125 0.0444444
10 0.5875 0.277778 0.2125 0.0666667
8 0.60625 0.288889 0.15 0.0444444
10 0.60625 0.3 0.1 0.0222222
43 0.8 0.277778 0.1125 0.0666667
6 0.8 0.266667 0.0875 0.0888889
71 0.8125 0.266667 0.0875 0.0888889
6 0.83125 0.277778 0.1 0.0666667
6 0.9125 0.288889 0.0625 0.0888889
79 0.946875 0.288889 0.10625 0.0888889
19 0.9375 0.288889 0.0625 0.0444444
21 0.971875 0.288889 0.05625 0.0444444
7 0.971875 0.3 0.05625 0.0666667
60 0.059375 0.311111 0.11875 0.0444444
49 0.065625 0.311111 0.13125 0.0444444
71 0.19375 0.311111 0.05 0.0444444
39 0.26875 0.311111 0.05 0.0444444
50 0.375 0.311111 0.1125 0.0444444
44 0.43125 0.311111 0.075 0.0444444
44 0.50625 0.311111 0.15 0.0444444
44 0.4875 0.322222 0.0625 0.0222222
10 0.625 0.322222 0.2625 0.0666667
10 0.60625 0.322222 0.05 0.0222222
10 0.6125 0.333333 0.0375 0.0444444
10 0.61875 0.322222 0.05 0.0222222
44 0.675 0.322222 0.1875 0.0666667
79 0.8 0.311111 0.0875 0.0444444
21 0.94375 0.311111 0.05 0.0444444
21 0.953125 0.322222 0.09375 0.0666667
19 0.971875 0.322222 0.05625 0.0666667
49 0.059375 0.322222 0.11875 0.0666667
55 0.36875 0.333333 0.15 0.0444444
6 0.8 0.333333 0.0875 0.0444444
7 0.971875 0.344444 0.05625 0.0666667
21 0.059375 0.333333 0.11875 0.0444444
49 0.059375 0.344444 0.11875 0.0666667
7 0.953125 0.344444 0.09375 0.0666667
12 0.04375 0.377778 0.075 0.0444444
68 0.95 0.355556 0.0875 0.0888889
11 0.04375 0.4 0.075 0.0444444
10 0.95 0.388889 0.0875 0.0666667
68 0.984375 0.377778 0.03125 0.0888889
12 0.2625 0.4 0.0125 0.0444444
10 0.26875 0.411111 0 0.0222222
17 0.053125 0.455556 0.10625 0.0666667
10 0.2625 0.433333 0.0125 0.0222222
43 0.959375 0.444444 0.08125 0.0888889
13 0.953125 0.433333 0.09375 0.111111
1 0.053125 0.466667 0.10625 0.0888889
