6 0.175 0.0111111 0.1875 0.0222222
6 0.23125 0 0.2 0
43 0.3125 0.0111111 0.1875 0.0222222
6 0.325 0.0111111 0.1875 0.0222222
6 0.34375 0 0.2 0
25 0.35625 0 0.175 0
25 0.36875 0.0111111 0.2 0.0222222
21 0.41875 0.0111111 0.15 0.0222222
53 0.43125 0 0.1 0
4 0.43125 0.0111111 0.225 0.0222222
4 0.425 0 0.2375 0
29 0.5125 0 0.2625 0
6 0.49375 0.0111111 0.075 0.0222222
6 0.5 0.0111111 0.0375 0.0222222
2 0.50625 0.0111111 0.025 0.0222222
2 0.525 0.0111111 0.0375 0.0222222
29 0.53125 0.0111111 0.05 0.0222222
29 0.54375 0.0111111 0.05 0.0222222
2 0.55625 0.0111111 0.05 0.0222222
2 0.56875 0.0111111 0.05 0.0222222
2 0.59375 0.0111111 0.025 0.0222222
2 0.5875 0.0111111 0.1375 0.0222222
2 0.63125 0.0111111 0.05 0.0222222
6 0.64375 0.0111111 0.05 0.0222222
3 0.6625 0.0111111 0.0375 0.0222222
1 0.66875 0 0.025 0
65 0.69375 0 0.05 0
65 0.69375 0 0.1 0
25 0.73125 0 0.15 0
25 0.7625 0 0.1125 0
43 0.75 0.0111111 0.1125 0.0222222
3 0.725 0.0111111 0.0625 0.0222222
8 0.78125 0.0111111 0.15 0.0222222
25 0.80625 0 0.175 0
25 0.7375 0.0111111 0.3125 0.0222222
4 0.7625 0.0111111 0.2375 0.0222222
12 0.89375 0.0111111 0.15 0.0222222
12 0.86875 0.0111111 0.075 0.0222222
6 0.875 0.0111111 0.0875 0.0222222
2 0.88125 0.0111111 0.05 0.0222222
3 0.9 0.0111111 0.0875 0.0222222
2 0.940625 0.0111111 0.11875 0.0222222
3 0.95 0 0.0625 0
43 0.95625 0.0111111 0.075 0.0222222
29 0.95 0.0111111 0.0875 0.0222222
4 0.071875 0.0222222 0.14375 0.0444444
6 0.375 0.0222222 0.1375 0.0444444
47 0.39375 0.0111111 0.025 0.0222222
47 0.40625 0.0222222 0.075 0.0444444
2 0.41875 0.0111111 0.05 0.0222222
22 0.43125 0.0111111 0.075 0.0222222
7 0.43125 0.0111111 0.075 0.0222222
15 0.46875 0.0111111 0.025 0.0222222
3 0.4625 0.0111111 0.0375 0.0222222
3 0.49375 0.0111111 0.05 0.0222222
10 0.5125 0.0111111 0.0375 0.0222222
10 0.525 0.0111111 0.0375 0.0222222
11 0.53125 0.0222222 0.025 0.0444444
12 0.54375 0.0333333 0.025 0.0666667
2 0.5875 0.0222222 0.0375 0.0444444
2 0.59375 0.0222222 0.025 0.0444444
2 0.60625 0.0222222 0.05 0.0444444
2 0.625 0.0222222 0.0625 0.0444444
6 0.6375 0.0222222 0.0375 0.0444444
6 0.64375 0.0222222 0.025 0.0444444
44 0.75 0.0111111 0.0875 0.0222222
12 0.8625 0.0111111 0.0875 0.0222222
12 0.8875 0.0111111 0.0625 0.0222222
9 0.8875 0.0111111 0.0625 0.0222222
44 0.946875 0.0111111 0.10625 0.0222222
44 0.946875 0.0222222 0.10625 0.0444444
6 0.36875 0.0444444 0.175 0.0444444
6 0.325 0.0444444 0.3125 0.0888889
6 0.3875 0.0333333 0.1625 0.0666667
6 0.39375 0.0444444 0.025 0.0444444
53 0.425 0.0444444 0.0625 0.0444444
2 0.425 0.0444444 0.0625 0.0444444
21 0.4375 0.0333333 0.0875 0.0666667
7 0.53125 0.0222222 0.125 0.0444444
7 0.525 0.0222222 0.0375 0.0444444
7 0.5375 0.0222222 0.0375 0.0444444
0 0.5375 0.0444444 0.0375 0.0888889
0 0.55 0.0444444 0.0375 0.0888889
2 0.56875 0.0444444 0.025 0.0888889
4 0.65 0.0222222 0.1375 0.0444444
6 0.63125 0.0222222 0.075 0.0444444
23 0.03125 0.0777778 0.025 0.0666667
2 0.03125 0.0666667 0.05 0.0444444
11 0.0375 0.0555556 0.0375 0.0666667
6 0.05625 0.0555556 0.1 0.0222222
21 0.36875 0.0666667 0.125 0.0444444
4 0.38125 0.0444444 0.15 0.0888889
20 0.425 0.0666667 0.0625 0.0444444
20 0.4375 0.0666667 0.0375 0.0444444
21 0.4375 0.0666667 0.0625 0.0444444
21 0.51875 0.0444444 0.05 0.0888889
21 0.53125 0.0444444 0.05 0.0888889
21 0.54375 0.0555556 0.05 0.111111
20 0.55 0.0444444 0.0625 0.0888889
20 0.56875 0.0444444 0.025 0.0888889
20 0.58125 0.0444444 0.05 0.0888889
4 0.5875 0.0555556 0.0375 0.111111
4 0.6125 0.0444444 0.0875 0.0888889
23 0.025 0.1 0.0375 0.0666667
2 0.03125 0.0888889 0.05 0.0888889
6 0.1 0.0888889 0.1875 0.0888889
6 0.125 0.0888889 0.1875 0.0444444
6 0.3875 0.0777778 0.1375 0.0222222
6 0.3625 0.0888889 0.1125 0.0444444
6 0.36875 0.0888889 0.05 0.0444444
6 0.41875 0.0888889 0.175 0.0444444
21 0.40625 0.0777778 0.05 0.0222222
16 0.41875 0.1 0.075 0.0666667
21 0.425 0.0888889 0.0625 0.0444444
6 0.5375 0.0888889 0.1625 0.0444444
6 0.53125 0.111111 0.075 0.0888889
2 0.54375 0.0888889 0.075 0.0444444
23 0.60625 0.0777778 0.075 0.0222222
2 0.021875 0.111111 0.04375 0.0444444
4 0.03125 0.0888889 0.05 0.0888889
6 0.11875 0.111111 0.125 0.0444444
6 0.34375 0.111111 0.15 0.0444444
6 0.3625 0.122222 0.1375 0.0666667
6 0.36875 0.1 0.075 0.0666667
6 0.38125 0.111111 0.1 0.0444444
6 0.5375 0.111111 0.0875 0.0444444
2 0.5375 0.111111 0.0875 0.0444444
6 0.55625 0.1 0.1 0.0222222
4 0.56875 0.111111 0.075 0.0444444
6 0.90625 0.0777778 0.05 0.111111
6 0.9125 0.111111 0.0375 0.0444444
2 0.053125 0.111111 0.10625 0.0888889
2 0.021875 0.144444 0.04375 0.0666667
2 0.03125 0.122222 0.05 0.0222222
2 0.025 0.1 0.0375 0.111111
5 0.1 0.1 0.1625 0.111111
6 0.23125 0.133333 0.125 0.0444444
6 0.3 0.122222 0.1875 0.0666667
6 0.33125 0.133333 0.1 0.0444444
6 0.55 0.122222 0.0875 0.0666667
6 0.5375 0.122222 0.0875 0.0222222
6 0.58125 0.111111 0.175 0.0444444
6 0.9125 0.0888889 0.0375 0.0888889
2 0.028125 0.155556 0.05625 0.0444444
2 0.0375 0.144444 0.0375 0.0222222
2 0.03125 0.144444 0.025 0.0222222
8 0.075 0.144444 0.0625 0.0222222
2 0.06875 0.144444 0.1 0.0222222
4 0.0875 0.144444 0.0625 0.0222222
6 0.10625 0.155556 0.075 0.0444444
6 0.11875 0.155556 0.125 0.0444444
6 0.15 0.155556 0.1625 0.0444444
43 0.19375 0.155556 0.2 0.0444444
4 0.15625 0.155556 0.1 0.0444444
6 0.2125 0.155556 0.1375 0.0444444
4 0.24375 0.133333 0.1 0.0444444
6 0.25 0.144444 0.1375 0.0666667
43 0.2875 0.133333 0.1875 0.0444444
6 0.3 0.133333 0.1875 0.0444444
6 0.50625 0.133333 0.2 0.0888889
4 0.55 0.122222 0.0875 0.0666667
2 0.54375 0.122222 0.075 0.0666667
11 0.58125 0.122222 0.175 0.0666667
4 0.60625 0.133333 0.1 0.0888889
6 0.90625 0.111111 0.05 0.0888889
2 0.028125 0.166667 0.05625 0.0666667
2 0.028125 0.166667 0.05625 0.0222222
44 0.075 0.166667 0.1125 0.0666667
44 0.15625 0.166667 0.1 0.0222222
43 0.25625 0.144444 0.025 0.0666667
34 0.2625 0.144444 0.0375 0.0666667
44 0.325 0.144444 0.1375 0.0666667
44 0.35625 0.144444 0.1 0.0666667
9 0.31875 0.133333 0.075 0.0888889
2 0.375 0.133333 0.0625 0.0888889
6 0.38125 0.133333 0.075 0.0888889
11 0.59375 0.133333 0.175 0.0888889
19 0.5875 0.133333 0.0375 0.0888889
2 0.028125 0.2 0.05625 0.0444444
11 0.028125 0.2 0.05625 0.0444444
6 0.06875 0.188889 0.1 0.0666667
44 0.0625 0.177778 0.1125 0.0444444
6 0.06875 0.177778 0.1 0.0444444
44 0.31875 0.188889 0.125 0.0222222
6 0.325 0.188889 0.1125 0.0222222
6 0.36875 0.177778 0.075 0.0444444
6 0.38125 0.188889 0.075 0.0666667
2 0.53125 0.166667 0.05 0.111111
25 0.6 0.155556 0.1875 0.0888889
11 0.59375 0.2 0.175 0.177778
18 0.5625 0.166667 0.1125 0.111111
11 0.6 0.188889 0.0375 0.0222222
2 0.6875 0.155556 0.0375 0.0888889
2 0.7 0.188889 0.0375 0.0222222
21 0.7125 0.211111 0.0625 0.0666667
21 0.73125 0.188889 0.075 0.111111
14 0.89375 0.166667 0.025 0.0666667
2 0.028125 0.188889 0.05625 0.0666667
8 0.021875 0.2 0.04375 0.0888889
43 0.50625 0.188889 0.2 0.111111
25 0.51875 0.188889 0.2 0.111111
49 0.51875 0.188889 0.175 0.111111
21 0.51875 0.2 0.05 0.0888889
7 0.51875 0.188889 0.05 0.111111
7 0.53125 0.188889 0.075 0.111111
25 0.6 0.2 0.1875 0.177778
21 0.5875 0.188889 0.1875 0.111111
21 0.58125 0.2 0.075 0.0888889
20 0.5875 0.211111 0.0625 0.0222222
21 0.6125 0.2 0.0875 0.0888889
29 0.61875 0.188889 0.1 0.111111
25 0.6625 0.188889 0.1625 0.111111
21 0.68125 0.188889 0.2 0.111111
11 0.65625 0.188889 0.1 0.0666667
21 0.7 0.2 0.0375 0.0444444
21 0.70625 0.2 0.025 0.0444444
21 0.7125 0.2 0.0375 0.0444444
21 0.73125 0.2 0.025 0.0888889
21 0.75 0.2 0.0625 0.0888889
2 0.028125 0.233333 0.05625 0.0222222
18 0.021875 0.2 0.04375 0.0888889
6 0.0625 0.2 0.0625 0.0888889
6 0.28125 0.233333 0.05 0.0222222
6 0.375 0.244444 0.0625 0.0444444
4 0.38125 0.244444 0.05 0.0444444
25 0.475 0.222222 0.0875 0.0888889
25 0.50625 0.244444 0.05 0.0444444
25 0.51875 0.244444 0.05 0.0444444
25 0.5375 0.244444 0.0375 0.0444444
21 0.575 0.244444 0.0625 0.0444444
25 0.6 0.222222 0.0875 0.0888889
21 0.6875 0.211111 0.1875 0.111111
21 0.69375 0.244444 0.025 0.0444444
21 0.69375 0.233333 0.05 0.0222222
21 0.7125 0.211111 0.0375 0.0666667
11 0.71875 0.211111 0.025 0.0666667
25 0.73125 0.211111 0.025 0.0666667
25 0.7375 0.222222 0.0875 0.0888889
25 0.74375 0.222222 0.05 0.0888889
25 0.7625 0.233333 0.1375 0.2
25 0.76875 0.222222 0.125 0.133333
21 0.8875 0.2 0.0375 0.0888889
2 0.021875 0.244444 0.04375 0.0888889
6 0.06875 0.244444 0.075 0.0444444
6 0.06875 0.255556 0.075 0.0222222
6 0.09375 0.233333 0.075 0.111111
4 0.18125 0.266667 0.05 0.0444444
6 0.1875 0.266667 0.0625 0.0444444
6 0.2625 0.266667 0.0625 0.0444444
4 0.28125 0.266667 0.05 0.0444444
25 0.3625 0.255556 0.0125 0.0222222
6 0.38125 0.255556 0.05 0.0222222
6 0.39375 0.255556 0.075 0.0222222
60 0.5875 0.255556 0.0625 0.0666667
25 0.6125 0.244444 0.0875 0.0888889
25 0.63125 0.244444 0.075 0.0888889
21 0.65625 0.266667 0.1 0.0444444
21 0.68125 0.266667 0.05 0.0444444
25 0.65625 0.266667 0.125 0.0444444
25 0.725 0.255556 0.0125 0.0222222
25 0.73125 0.244444 0 0.0888889
25 0.74375 0.255556 0 0.0222222
25 0.75625 0.255556 0.025 0.0222222
25 0.775 0.233333 0.0375 0.0666667
25 0.75 0.244444 0.0875 0.0888889
25 0.775 0.266667 0.1125 0.177778
21 0.76875 0.266667 0.125 0.177778
25 0.825 0.233333 0.0875 0.111111
21 0.9125 0.233333 0.1375 0.111111
21 0.8875 0.233333 0.0625 0.111111
2 0.95 0.266667 0.0875 0.0444444
4 0.990625 0.255556 0.01875 0.0222222
2 0.015625 0.288889 0.03125 0.0444444
5 0.015625 0.288889 0.03125 0.0444444
6 0.075 0.266667 0.0625 0.0888889
6 0.06875 0.288889 0.075 0.0444444
6 0.09375 0.288889 0.075 0.0444444
4 0.1 0.288889 0.0875 0.0444444
6 0.125 0.288889 0.0625 0.0444444
6 0.1875 0.288889 0.0375 0.0444444
6 0.1875 0.288889 0.0625 0.0444444
6 0.1875 0.277778 0.0625 0.0222222
6 0.25625 0.288889 0.2 0.0444444
6 0.2625 0.288889 0.0625 0.0444444
4 0.26875 0.288889 0.075 0.0444444
6 0.28125 0.288889 0.05 0.0444444
43 0.39375 0.288889 0.2 0.0444444
6 0.38125 0.277778 0.05 0.0222222
25 0.6 0.255556 0.0875 0.111111
44 0.66875 0.266667 0.075 0.0888889
60 0.65 0.288889 0.0875 0.0444444
25 0.65625 0.288889 0.1 0.0444444
25 0.6625 0.277778 0.0875 0.0666667
25 0.6875 0.288889 0.0625 0.0444444
25 0.7 0.277778 0.0625 0.111111
25 0.70625 0.266667 0.075 0.133333
25 0.73125 0.266667 0.05 0.133333
25 0.75625 0.266667 0.025 0.133333
25 0.74375 0.266667 0.1 0.133333
25 0.78125 0.288889 0.025 0.0888889
