11 0.021875 0.0222222 0.04375 0.0444444
11 0.3375 0.0222222 0.1125 0.0444444
11 0.55 0.0222222 0.1125 0.0444444
11 0.021875 0.0222222 0.04375 0.0444444
11 0.39375 0.0333333 0.1 0.0666667
11 0.4375 0.0444444 0.0625 0.0888889
11 0.45 0.0555556 0.0625 0.111111
26 0.45625 0.0555556 0.075 0.111111
11 0.58125 0.0444444 0.075 0.0888889
11 0.56875 0.0444444 0.025 0.0888889
11 0.56875 0.0555556 0.05 0.111111
26 0.6 0.0555556 0.1125 0.111111
11 0.66875 0.0333333 0.1 0.0666667
44 0.93125 0.0333333 0.075 0.0666667
2 0.4125 0.0888889 0.0625 0.0444444
10 0.40625 0.0888889 0.025 0.0444444
12 0.41875 0.0555556 0.025 0.111111
11 0.44375 0.0555556 0.025 0.111111
10 0.50625 0.0888889 0.075 0.0444444
3 0.5125 0.0888889 0.0625 0.0444444
10 0.56875 0.0888889 0.15 0.0444444
9 0.575 0.0666667 0.0375 0.0888889
3 0.5875 0.0888889 0.0375 0.0444444
3 0.6375 0.0777778 0.0625 0.0222222
3 0.64375 0.0444444 0.075 0.0888889
3 0.66875 0.0555556 0.075 0.111111
10 0.6875 0.0555556 0.0625 0.111111
10 0.6875 0.0888889 0.0375 0.0444444
13 0.83125 0.0777778 0.125 0.0666667
55 0.875 0.0777778 0.1375 0.0666667
55 0.85 0.0777778 0.0875 0.0666667
2 0.41875 0.1 0.05 0.0666667
2 0.40625 0.1 0.05 0.0666667
2 0.41875 0.0777778 0.025 0.111111
3 0.44375 0.0666667 0.025 0.133333
8 0.50625 0.111111 0.15 0.0444444
8 0.475 0.111111 0.0625 0.0444444
12 0.4875 0.1 0.0625 0.0222222
10 0.5 0.1 0.0625 0.0222222
10 0.51875 0.1 0.05 0.0222222
47 0.51875 0.1 0.05 0.0222222
44 0.54375 0.0888889 0.075 0.0444444
49 0.56875 0.1 0.05 0.0222222
44 0.575 0.111111 0.0625 0.0444444
3 0.58125 0.111111 0.05 0.0444444
3 0.6 0.1 0.0375 0.0666667
16 0.61875 0.0888889 0.05 0.0444444
19 0.65 0.111111 0.0625 0.0444444
20 0.6625 0.111111 0.0625 0.0444444
47 0.675 0.111111 0.0625 0.0444444
10 0.68125 0.1 0.075 0.0222222
12 0.68125 0.1 0.05 0.0222222
44 0.74375 0.1 0.05 0.0222222
44 0.75625 0.0888889 0.025 0.0444444
10 0.75625 0.0888889 0.05 0.0444444
10 0.76875 0.0888889 0.05 0.0444444
44 0.825 0.0777778 0.0625 0.0666667
44 0.83125 0.0888889 0.075 0.0444444
44 0.925 0.0888889 0.1125 0.0888889
6 0.965625 0.0777778 0.06875 0.111111
43 0.35625 0.0888889 0.1 0.133333
6 0.4125 0.1 0.0625 0.0666667
3 0.4125 0.1 0.0625 0.0666667
3 0.5 0.111111 0.1375 0.0444444
55 0.5 0.122222 0.1625 0.0666667
28 0.475 0.1 0.0625 0.0666667
44 0.55625 0.111111 0.2 0.0444444
8 0.55 0.122222 0.1875 0.0666667
49 0.64375 0.111111 0.1 0.0444444
17 0.65 0.111111 0.0625 0.0444444
12 0.015625 0.1 0.03125 0.111111
11 0.3375 0.111111 0.0625 0.133333
8 0.375 0.133333 0.0625 0.0888889
8 0.35625 0.122222 0.1 0.111111
4 0.3625 0.111111 0.1125 0.133333
3 0.4625 0.1 0.1625 0.111111
8 0.5 0.111111 0.1375 0.133333
8 0.5 0.133333 0.1375 0.0888889
6 0.55 0.111111 0.1875 0.0888889
17 0.65 0.111111 0.0625 0.0888889
43 0.7625 0.133333 0.1875 0.0888889
13 0.85 0.111111 0.1125 0.0888889
43 0.8625 0.111111 0.1125 0.0888889
12 0.021875 0.133333 0.04375 0.133333
10 0.325 0.133333 0.0625 0.0888889
30 0.3375 0.122222 0.0625 0.111111
2 0.4125 0.133333 0.0625 0.133333
2 0.4625 0.122222 0.1625 0.111111
21 0.45625 0.122222 0.15 0.111111
9 0.65 0.133333 0.0875 0.0888889
17 0.65625 0.133333 0.075 0.0888889
12 0.01875 0.155556 0.025 0.0888889
43 0.225 0.177778 0.1125 0.133333
44 0.25625 0.155556 0.075 0.0888889
8 0.275 0.166667 0.0625 0.111111
2 0.35 0.166667 0.0375 0.111111
2 0.375 0.188889 0.0125 0.0222222
2 0.38125 0.2 0.025 0.0444444
3 0.4 0.2 0.0375 0.0444444
19 0.41875 0.2 0.025 0.0444444
3 0.49375 0.166667 0.15 0.111111
8 0.4875 0.155556 0.1375 0.0888889
12 0.48125 0.155556 0.075 0.0888889
66 0.48125 0.155556 0.075 0.0888889
9 0.64375 0.155556 0.075 0.0888889
12 0.009375 0.177778 0.01875 0.133333
12 0.025 0.188889 0.0125 0.0666667
6 0.15625 0.188889 0.1 0.111111
25 0.24375 0.188889 0.15 0.111111
19 0.26875 0.2 0.025 0.0444444
18 0.375 0.2 0.0125 0.0444444
19 0.38125 0.2 0.025 0.0444444
19 0.4125 0.2 0.0625 0.0444444
3 0.43125 0.2 0.025 0.0444444
21 0.5 0.188889 0.1625 0.0666667
8 0.4625 0.177778 0.0625 0.0888889
6 0.4625 0.177778 0.0375 0.0888889
22 0.48125 0.177778 0.075 0.0888889
43 0.475 0.177778 0.0875 0.0888889
21 0.6375 0.2 0.0375 0.0444444
21 0.63125 0.2 0.025 0.0444444
11 0.65625 0.177778 0.075 0.0888889
12 0.015625 0.211111 0.03125 0.0666667
8 0.2625 0.211111 0.1375 0.111111
19 0.31875 0.211111 0.125 0.0666667
6 0.325 0.211111 0.1125 0.111111
19 0.3625 0.211111 0.0375 0.0666667
25 0.39375 0.211111 0.05 0.0666667
21 0.40625 0.211111 0.075 0.0666667
59 0.4125 0.211111 0.0625 0.0666667
21 0.44375 0.2 0.05 0.0888889
25 0.46875 0.2 0.1 0.133333
3 0.63125 0.211111 0.025 0.0666667
3 0.64375 0.222222 0.05 0.0444444
21 0.65625 0.222222 0.075 0.0888889
8 0.15625 0.222222 0.075 0.0888889
8 0.16875 0.222222 0.05 0.0888889
10 0.1625 0.233333 0.1125 0.111111
10 0.25 0.255556 0.1625 0.0666667
58 0.2 0.244444 0.0375 0.0444444
6 0.2 0.244444 0.0625 0.0444444
23 0.25625 0.222222 0.075 0.0888889
10 0.33125 0.222222 0.075 0.0888889
3 0.6 0.222222 0.0875 0.0888889
3 0.625 0.244444 0.0125 0.0444444
3 0.63125 0.233333 0.025 0.0666667
3 0.65 0.222222 0.0625 0.0888889
8 0.009375 0.255556 0.01875 0.155556
8 0.18125 0.255556 0.15 0.111111
8 0.15 0.277778 0.0875 0.0666667
8 0.1625 0.266667 0.0625 0.0444444
7 0.19375 0.255556 0.05 0.111111
6 0.1875 0.255556 0.0375 0.111111
6 0.2 0.277778 0.0375 0.0666667
6 0.225 0.266667 0.0125 0.0444444
8 0.24375 0.288889 0.075 0.0444444
8 0.275 0.288889 0.0625 0.0444444
8 0.28125 0.255556 0.075 0.111111
8 0.29375 0.244444 0.075 0.0888889
8 0.33125 0.233333 0.15 0.111111
8 0.31875 0.233333 0.075 0.111111
44 0.34375 0.244444 0.025 0.0888889
8 0.375 0.244444 0.0625 0.0888889
8 0.39375 0.244444 0.075 0.0888889
47 0.4125 0.255556 0.0625 0.111111
11 0.4625 0.244444 0.1625 0.133333
55 0.53125 0.244444 0.05 0.0888889
3 0.6 0.244444 0.0875 0.0888889
3 0.6 0.255556 0.0625 0.0666667
9 0.63125 0.244444 0.025 0.0888889
9 0.65 0.244444 0.0625 0.0888889
8 0.95 0.244444 0.0875 0.0888889
11 0.15625 0.288889 0.05 0.0444444
11 0.1875 0.266667 0.0125 0.0888889
6 0.275 0.266667 0.2125 0.0888889
6 0.26875 0.277778 0.15 0.0666667
44 0.275 0.288889 0.1625 0.0444444
6 0.275 0.288889 0.0625 0.0444444
6 0.275 0.3 0.0875 0.0666667
6 0.33125 0.288889 0.15 0.0888889
6 0.38125 0.3 0.15 0.0666667
44 0.46875 0.255556 0.175 0.111111
44 0.5 0.255556 0.1625 0.111111
3 0.5875 0.277778 0.0625 0.0666667
3 0.60625 0.288889 0.05 0.0444444
9 0.6375 0.266667 0.0125 0.0888889
9 0.65 0.277778 0.0625 0.111111
11 0.65 0.266667 0.0375 0.133333
9 0.6625 0.266667 0.0375 0.0888889
12 0.75 0.277778 0.0625 0.111111
21 0.7625 0.266667 0.0625 0.133333
12 0.7875 0.255556 0.0625 0.111111
11 0.98125 0.266667 0.025 0.0888889
11 0.95 0.288889 0.0875 0.133333
8 0.009375 0.288889 0.01875 0.133333
25 0.35625 0.288889 0.15 0.0888889
25 0.39375 0.3 0.175 0.111111
8 0.46875 0.288889 0.175 0.133333
44 0.5375 0.277778 0.1875 0.111111
44 0.56875 0.288889 0.15 0.0888889
26 0.56875 0.277778 0.1 0.111111
11 0.5875 0.3 0.0625 0.0666667
3 0.59375 0.3 0.05 0.0666667
0 0.65 0.322222 0.0625 0.0666667
0 0.65625 0.288889 0.05 0.0888889
11 0.6625 0.3 0.0375 0.0666667
10 0.675 0.288889 0.0125 0.0888889
10 0.6875 0.288889 0.0375 0.0888889
3 0.7125 0.288889 0.0125 0.0888889
10 0.71875 0.288889 0.025 0.0888889
8 0.75 0.288889 0.0625 0.0888889
21 0.76875 0.288889 0.05 0.133333
9 0.40625 0.311111 0.075 0.0888889
2 0.4125 0.311111 0.0625 0.0888889
21 0.475 0.322222 0.2375 0.0666667
21 0.4625 0.311111 0.0125 0.0888889
44 0.5625 0.311111 0.2625 0.0888889
44 0.50625 0.311111 0.025 0.0888889
44 0.53125 0.311111 0.025 0.0888889
11 0.56875 0.311111 0.075 0.0888889
3 0.575 0.311111 0.1375 0.0888889
3 0.59375 0.311111 0.075 0.0888889
0 0.6 0.322222 0.1375 0.0666667
1 0.65625 0.344444 0.05 0.0222222
26 0.6625 0.333333 0.0625 0.0444444
26 0.675 0.333333 0.0625 0.0444444
26 0.66875 0.344444 0.075 0.0666667
26 0.7 0.333333 0.0625 0.0444444
8 0.775 0.333333 0.1375 0.0444444
44 0.775 0.333333 0.1625 0.0444444
6 0.33125 0.377778 0.15 0.0444444
10 0.33125 0.366667 0.025 0.0222222
6 0.33125 0.366667 0.025 0.0222222
6 0.375 0.333333 0.0625 0.0888889
6 0.36875 0.344444 0.075 0.111111
5 0.35625 0.344444 0.05 0.111111
6 0.375 0.344444 0.0375 0.111111
6 0.39375 0.333333 0.025 0.0888889
2 0.4125 0.344444 0.0625 0.111111
6 0.475 0.344444 0.1625 0.111111
47 0.4625 0.333333 0.1375 0.0888889
19 0.41875 0.355556 0.1 0.0444444
16 0.4625 0.366667 0.0625 0.0222222
19 0.475 0.366667 0.0375 0.0222222
25 0.48125 0.366667 0.025 0.0222222
8 0.4875 0.366667 0.0375 0.0222222
6 0.50625 0.355556 0.025 0.0444444
6 0.51875 0.355556 0.025 0.0444444
8 0.525 0.355556 0.0375 0.0444444
11 0.55 0.355556 0.0625 0.0444444
26 0.5625 0.333333 0.0625 0.133333
25 0.5625 0.322222 0.0875 0.111111
60 0.5875 0.333333 0.0375 0.0888889
25 0.59375 0.333333 0.05 0.0888889
3 0.59375 0.344444 0.1 0.111111
2 0.6 0.366667 0.0625 0.0666667
3 0.625 0.366667 0.0875 0.0666667
3 0.65 0.366667 0.0625 0.0666667
60 0.6625 0.366667 0.0625 0.0666667
49 0.675 0.355556 0.0625 0.0444444
55 0.3 0.355556 0.0625 0.133333
47 0.3 0.377778 0.0625 0.0888889
50 0.35625 0.4 0.1 0.0444444
10 0.31875 0.4 0.05 0.0444444
10 0.3375 0.4 0.0625 0.0444444
5 0.3375 0.377778 0.0375 0.0444444
5 0.35625 0.355556 0.025 0.0888889
5 0.34375 0.377778 0.075 0.0444444
6 0.3875 0.355556 0.0125 0.0888889
6 0.4 0.355556 0.0375 0.0888889
6 0.4125 0.355556 0.0125 0.0888889
19 0.46875 0.355556 0.125 0.0888889
3 0.45625 0.377778 0.025 0.0444444
19 0.50625 0.4 0.15 0.0444444
49 0.51875 0.4 0.125 0.0444444
44 0.49375 0.377778 0.025 0.0444444
44 0.50625 0.377778 0.025 0.0444444
44 0.51875 0.377778 0.025 0.0444444
44 0.54375 0.377778 0.05 0.0444444
44 0.54375 0.377778 0.025 0.0444444
44 0.5625 0.4 0.0625 0.0444444
44 0.56875 0.388889 0.075 0.0222222
44 0.575 0.388889 0.0375 0.0222222
44 0.59375 0.388889 0.05 0.0222222
44 0.6 0.377778 0.0375 0.0444444
32 0.6125 0.366667 0.0375 0.0666667
32 0.63125 0.388889 0.075 0.0666667
32 0.65 0.377778 0.0375 0.0444444
60 0.65 0.355556 0.0375 0.0888889
60 0.6625 0.377778 0.0375 0.0444444
7 0.68125 0.377778 0.025 0.0444444
7 0.6875 0.377778 0.0375 0.0444444
9 0.015625 0.377778 0.03125 0.0888889
8 0.19375 0.411111 0.025 0.0222222
29 0.275 0.411111 0.1375 0.0222222
25 0.21875 0.422222 0.125 0.0444444
25 0.25 0.422222 0.0375 0.0444444
49 0.31875 0.4 0.15 0.0444444
25 0.325 0.4 0.1625 0.0444444
49 0.29375 0.4 0.05 0.0444444
