6 0.053125 0.0111111 0.10625 0.0222222
6 0.021875 0.0111111 0.04375 0.0222222
25 0.09375 0.0111111 0.175 0.0222222
25 0.275 0.0111111 0.3125 0.0222222
25 0.2875 0.0111111 0.3125 0.0222222
25 0.3 0.0222222 0.3125 0.0444444
25 0.325 0 0.3125 0
25 0.43125 0 0.125 0
42 0.44375 0.0111111 0.15 0.0222222
25 0.45625 0.0111111 0.175 0.0222222
6 0.45 0.0111111 0.1875 0.0222222
43 0.48125 0.0111111 0.175 0.0222222
42 0.49375 0.0111111 0.175 0.0222222
25 0.5125 0.0111111 0.1875 0.0222222
6 0.525 0.0111111 0.1875 0.0222222
6 0.55625 0.0111111 0.175 0.0222222
11 0.56875 0.0222222 0.175 0.0444444
11 0.60625 0 0.05 0
25 0.69375 0.0111111 0.175 0.0222222
6 0.025 0.0111111 0.0375 0.0222222
25 0.375 0.0222222 0.1375 0.0444444
25 0.425 0.0111111 0.1375 0.0222222
11 0.4375 0.0111111 0.1625 0.0222222
11 0.45625 0.0222222 0.175 0.0444444
11 0.49375 0.0111111 0.175 0.0222222
11 0.50625 0.0111111 0.175 0.0222222
11 0.55625 0.0111111 0.175 0.0222222
11 0.70625 0.0222222 0.1 0.0444444
11 0.725 0.0222222 0.1125 0.0444444
47 0.54375 0.0333333 0.125 0.0666667
11 0.525 0.0333333 0.0375 0.0666667
6 0.6 0.0444444 0.1125 0.0444444
6 0.625 0.0333333 0.1125 0.0666667
6 0.65625 0.0222222 0.125 0.0444444
11 0.64375 0.0222222 0.025 0.0444444
11 0.65 0.0222222 0.0125 0.0444444
11 0.63125 0.0444444 0.2 0.0444444
26 0.7 0.0444444 0.0875 0.0444444
11 0.015625 0.0333333 0.03125 0.0666667
21 0.48125 0.0333333 0.15 0.0666667
20 0.49375 0.0333333 0.15 0.0666667
19 0.5 0.0333333 0.1375 0.0666667
20 0.53125 0.0333333 0.125 0.0666667
17 0.55 0.0333333 0.1125 0.0666667
10 0.55625 0.0333333 0.125 0.0666667
10 0.55 0.0444444 0.0625 0.0444444
6 0.58125 0.0444444 0.025 0.0444444
12 0.5875 0.0444444 0.0125 0.0444444
12 0.5875 0.0444444 0.0375 0.0444444
26 0.6125 0.0444444 0.0125 0.0444444
26 0.63125 0.0444444 0 0.0444444
12 0.64375 0.0444444 0 0.0444444
10 0.65625 0.0444444 0 0.0444444
26 0.66875 0.0444444 0 0.0444444
11 0.68125 0.0444444 0 0.0444444
11 0.69375 0.0333333 0 0.0666667
11 0.70625 0.0333333 0 0.0666667
11 0.74375 0.0333333 0.05 0.0666667
10 0.996875 0.0555556 0.00625 0.0222222
11 0.053125 0.0444444 0.10625 0.0888889
11 0.015625 0.0555556 0.03125 0.0666667
21 0.18125 0.0555556 0.125 0.111111
25 0.4625 0.0555556 0.1375 0.111111
17 0.49375 0.0555556 0.15 0.111111
17 0.525 0.0555556 0.0875 0.111111
17 0.53125 0.0555556 0.125 0.111111
11 0.5375 0.0444444 0.1375 0.0888889
10 0.55625 0.0555556 0.125 0.0666667
7 0.5875 0.0555556 0.1125 0.0666667
10 0.5625 0.0555556 0.0125 0.0666667
7 0.60625 0.0555556 0.1 0.0666667
7 0.625 0.0555556 0.0875 0.0666667
11 0.63125 0.0666667 0.1 0.0444444
11 0.65625 0.0666667 0.075 0.0444444
26 0.66875 0.0666667 0.075 0.0444444
26 0.66875 0.0666667 0 0.0444444
26 0.7125 0.0666667 0.0625 0.0444444
11 0.8125 0.0666667 0.1125 0.0444444
11 0.8125 0.0777778 0.0875 0.0666667
11 0.88125 0.0777778 0.1 0.0666667
25 0.925 0.0777778 0.0875 0.0666667
11 0.9375 0.0666667 0.0875 0.0444444
25 0.959375 0.0777778 0.08125 0.0666667
25 0.959375 0.0666667 0.08125 0.0444444
1 0.996875 0.0555556 0.00625 0.0666667
21 0.059375 0.0777778 0.11875 0.111111
21 0.1125 0.0777778 0.1375 0.155556
21 0.13125 0.0888889 0.125 0.177778
21 0.10625 0.0888889 0.025 0.177778
21 0.13125 0.0777778 0.05 0.155556
21 0.18125 0.0666667 0.1 0.133333
21 0.19375 0.0888889 0.125 0.177778
21 0.21875 0.0888889 0.125 0.177778
11 0.40625 0.0777778 0.075 0.0666667
11 0.44375 0.0666667 0.15 0.0888889
11 0.45625 0.0666667 0.15 0.133333
10 0.59375 0.0888889 0.1 0.0444444
3 0.6125 0.1 0.0875 0.0666667
25 0.9125 0.0888889 0.1125 0.0444444
25 0.93125 0.0888889 0.1 0.0444444
25 0.946875 0.0888889 0.10625 0.0444444
21 0.05625 0.0777778 0.05 0.155556
17 0.11875 0.0777778 0.075 0.155556
10 0.13125 0.0777778 0.075 0.155556
10 0.15625 0.0777778 0.1 0.155556
17 0.16875 0.0777778 0.1 0.155556
49 0.225 0.0888889 0.1375 0.177778
11 0.4125 0.111111 0.1125 0.0888889
10 0.41875 0.122222 0.125 0.0666667
10 0.4125 0.122222 0.0875 0.0666667
3 0.41875 0.111111 0.1 0.0444444
3 0.44375 0.111111 0.075 0.0444444
26 0.45 0.122222 0.0875 0.0666667
60 0.8375 0.144444 0.1125 0.0666667
60 0.81875 0.144444 0.175 0.0666667
60 0.84375 0.133333 0.175 0.0888889
60 0.9 0.133333 0.1125 0.0444444
60 0.9 0.144444 0.1625 0.0666667
60 0.90625 0.133333 0.175 0.0444444
60 0.946875 0.133333 0.10625 0.0444444
21 0.065625 0.122222 0.13125 0.111111
49 0.065625 0.133333 0.13125 0.0888889
21 0.1 0.0777778 0.1125 0.155556
49 0.10625 0.122222 0.1 0.0666667
7 0.13125 0.122222 0.075 0.0666667
3 0.15625 0.122222 0.075 0.0666667
17 0.16875 0.122222 0.075 0.0666667
4 0.1875 0.122222 0.0875 0.0666667
25 0.2 0.122222 0.1375 0.0666667
25 0.20625 0.0777778 0.125 0.155556
3 0.21875 0.0888889 0.125 0.177778
3 0.2375 0.0777778 0.1125 0.155556
11 0.29375 0.122222 0.15 0.0666667
11 0.35625 0.122222 0.125 0.0666667
1 0.4375 0.122222 0.1125 0.0666667
3 0.45 0.122222 0.0625 0.0666667
9 0.984375 0.133333 0.03125 0.0444444
21 0.028125 0.155556 0.05625 0.0888889
11 0.54375 0.2 0.1 0.0444444
11 0.55 0.177778 0.1125 0.0888889
21 0.53125 0.177778 0.075 0.0888889
21 0.35 0.188889 0.0875 0.111111
46 0.525 0.211111 0.1375 0.0666667
10 0.54375 0.222222 0.1 0.0444444
8 0.53125 0.2 0.075 0.0444444
21 0.5375 0.211111 0.0875 0.0666667
25 0.55625 0.211111 0.075 0.0666667
11 0.73125 0.2 0.1 0.0444444
9 0.53125 0.211111 0.125 0.0666667
10 0.51875 0.211111 0.075 0.0666667
11 0.5375 0.255556 0.1625 0.0666667
21 0.015625 0.266667 0.03125 0.0888889
11 0.25 0.288889 0.0625 0.0444444
11 0.51875 0.266667 0.15 0.0888889
7 0.85625 0.255556 0.025 0.0666667
10 0.86875 0.255556 0.025 0.0666667
25 0.89375 0.244444 0.05 0.0888889
8 0.053125 0.288889 0.10625 0.0888889
21 0.075 0.2 0.0625 0.311111
21 0.1375 0.266667 0.0375 0.0888889
21 0.1375 0.3 0.0375 0.0666667
21 0.46875 0.3 0.125 0.0666667
10 0.36875 0.222222 0.05 0.266667
0 0.38125 0.311111 0.05 0.0888889
21 0.45 0.244444 0.1625 0.266667
21 0.4625 0.322222 0.1625 0.111111
21 0.4625 0.311111 0.1375 0.0888889
25 0.475 0.344444 0.1125 0.0666667
25 0.475 0.344444 0.0625 0.0666667
11 0.5 0.344444 0.1375 0.0666667
21 0.825 0.288889 0.1125 0.266667
21 0.7625 0.444444 0.1375 0.0444444
21 0.7625 0.433333 0.1375 0.0666667
21 0.7625 0.455556 0.1375 0.0666667
47 0.8125 0.466667 0.1125 0.0888889
6 0.059375 0.455556 0.11875 0.111111
11 0.7 0.444444 0.1375 0.133333
21 0.71875 0.444444 0.15 0.133333
18 0.79375 0.444444 0.125 0.133333
11 0.0375 0.488889 0.0625 0.0444444
21 0.175 0.455556 0.1375 0.155556
11 0.7 0.433333 0.1375 0.2
10 0.7125 0.433333 0.1375 0.2
5 0.3375 0.511111 0.1375 0.0888889
4 0.31875 0.511111 0.1 0.0888889
8 0.39375 0.522222 0.15 0.0666667
6 0.50625 0.522222 0.175 0.0666667
8 0.58125 0.511111 0.125 0.0888889
23 0.959375 0.5 0.08125 0.111111
8 0.034375 0.511111 0.06875 0.0888889
21 0.1375 0.477778 0.0875 0.2
23 0.20625 0.544444 0.025 0.111111
2 0.31875 0.522222 0.1 0.0666667
4 0.38125 0.533333 0.175 0.0888889
8 0.43125 0.533333 0.075 0.0888889
25 0.5875 0.522222 0.1875 0.0666667
11 0.925 0.477778 0.0625 0.2
8 0.425 0.544444 0.1375 0.0666667
8 0.4125 0.544444 0.0875 0.0666667
8 0.56875 0.544444 0.15 0.0666667
23 0.575 0.533333 0.1625 0.0888889
23 0.59375 0.544444 0.175 0.111111
25 0.60625 0.544444 0.2 0.111111
11 0.2125 0.566667 0.0625 0.111111
21 0.3 0.566667 0.1625 0.155556
8 0.425 0.588889 0.1375 0.0666667
6 0.5125 0.566667 0.1625 0.111111
25 0.6 0.566667 0.1375 0.0666667
11 0.63125 0.566667 0.125 0.0666667
11 0.625 0.566667 0.0875 0.0666667
25 0.959375 0.577778 0.08125 0.0888889
6 0.028125 0.588889 0.05625 0.111111
8 0.059375 0.588889 0.11875 0.111111
10 0.25 0.6 0.0625 0.0888889
8 0.4 0.588889 0.0875 0.0666667
5 0.45 0.588889 0.1875 0.111111
11 0.74375 0.611111 0.125 0.0666667
21 0.7375 0.611111 0.0875 0.0666667
21 0.7625 0.622222 0.1125 0.0888889
9 0.959375 0.577778 0.08125 0.0888889
11 0.23125 0.611111 0.075 0.111111
10 0.2625 0.6 0.1375 0.0888889
11 0.29375 0.6 0.15 0.0888889
21 0.30625 0.6 0.175 0.0888889
12 0.78125 0.633333 0.15 0.111111
11 0.946875 0.6 0.10625 0.0888889
21 0.1875 0.622222 0.1375 0.133333
10 0.1875 0.611111 0.1375 0.111111
11 0.4 0.633333 0.0875 0.0666667
10 0.73125 0.644444 0.15 0.0888889
21 0.7375 0.655556 0.1375 0.111111
21 0.93125 0.622222 0.075 0.0888889
25 0.965625 0.622222 0.06875 0.0888889
21 0.990625 0.6 0.01875 0.133333
11 0.021875 0.666667 0.04375 0.0888889
11 0.034375 0.655556 0.06875 0.111111
21 0.26875 0.688889 0.05 0.0444444
11 0.425 0.666667 0.1375 0.0444444
21 0.7625 0.666667 0.1375 0.133333
21 0.94375 0.655556 0.025 0.0666667
21 0.965625 0.644444 0.06875 0.0888889
9 0.978125 0.666667 0.04375 0.0444444
19 0.978125 0.666667 0.04375 0.0888889
11 0.2625 0.677778 0.1375 0.0666667
11 0.3 0.677778 0.1125 0.0666667
21 0.29375 0.688889 0.175 0.0888889
23 0.36875 0.677778 0.125 0.0666667
11 0.425 0.677778 0.1375 0.0666667
21 0.9375 0.7 0.0625 0.0666667
21 0.9375 0.677778 0.0375 0.0666667
11 0.975 0.677778 0.0375 0.0666667
9 0.984375 0.677778 0.03125 0.0666667
6 0.028125 0.7 0.05625 0.111111
8 0.034375 0.677778 0.06875 0.111111
11 0.30625 0.7 0.125 0.0666667
6 0.36875 0.711111 0.15 0.0888889
6 0.39375 0.711111 0.125 0.0888889
4 0.40625 0.711111 0.15 0.0888889
6 0.41875 0.711111 0.15 0.0888889
9 0.55 0.7 0.1375 0.0666667
10 0.575 0.711111 0.1125 0.0444444
10 0.55625 0.711111 0.025 0.0444444
10 0.575 0.711111 0.0125 0.0444444
11 0.61875 0.711111 0.1 0.0444444
10 0.940625 0.7 0.11875 0.0666667
9 0.98125 0.711111 0.025 0.0444444
11 0.984375 0.7 0.03125 0.0666667
9 0.028125 0.688889 0.05625 0.133333
23 0.40625 0.733333 0.15 0.0888889
10 0.5375 0.733333 0.0125 0.0444444
3 0.55625 0.733333 0.025 0.0444444
17 0.978125 0.722222 0.04375 0.0666667
7 0.984375 0.7 0.03125 0.2
8 0.028125 0.788889 0.05625 0.0666667
11 0.125 0.777778 0.0375 0.133333
11 0.1625 0.766667 0.0625 0.111111
11 0.16875 0.777778 0.075 0.0888889
11 0.18125 0.788889 0.05 0.0666667
14 0.959375 0.788889 0.08125 0.111111
11 0.934375 0.811111 0.13125 0.111111
14 0.959375 0.788889 0.08125 0.111111
8 0.2875 0.844444 0.1125 0.0444444
8 0.44375 0.844444 0.125 0.0888889
8 0.85625 0.833333 0.15 0.0666667
8 0.86875 0.844444 0.15 0.0888889
8 0.275 0.855556 0.1375 0.0666667
17 0.996875 0.844444 0.00625 0.133333
17 0.996875 0.877778 0.00625 0.0666667
11 0.29375 0.9 0.125 0.0666667
11 0.971875 0.9 0.05625 0.0666667
3 0.996875 0.922222 0.00625 0.0222222
6 0.053125 0.922222 0.10625 0.111111
10 0.16875 0.922222 0.15 0.111111
21 0.18125 0.922222 0.15 0.111111
11 0.29375 0.922222 0.125 0.0666667
6 0.940625 0.944444 0.11875 0.0666667
21 0.1625 0.933333 0.1375 0.133333
4 0.940625 0.955556 0.11875 0.0888889
44 0.16875 0.966667 0.125 0.0666667
21 0.15625 0.966667 0.075 0.0666667
