34 0.58125 0.0111111 0.125 0.0222222
34 0.63125 0.0111111 0.175 0.0222222
4 0.74375 0.0111111 0.175 0.0222222
4 0.76875 0.0111111 0.175 0.0222222
4 0.040625 0.0222222 0.08125 0.0444444
4 0.046875 0.0111111 0.09375 0.0222222
4 0.053125 0.0111111 0.10625 0.0222222
8 0.2125 0.0111111 0.1125 0.0222222
8 0.225 0.0222222 0.1125 0.0444444
8 0.25 0.0222222 0.1125 0.0444444
4 0.2625 0.0222222 0.1125 0.0444444
10 0.38125 0.0111111 0.1 0.0222222
10 0.3875 0.0222222 0.1125 0.0444444
10 0.41875 0.0222222 0.1 0.0444444
16 0.46875 0.0333333 0.1 0.0666667
4 0.48125 0.0222222 0.1 0.0444444
10 0.6125 0.0111111 0.0625 0.0222222
44 0.625 0.0111111 0.0625 0.0222222
44 0.6375 0.0111111 0.0625 0.0222222
44 0.65 0.0111111 0.0625 0.0222222
44 0.6625 0.0111111 0.0625 0.0222222
44 0.725 0.0111111 0.1375 0.0222222
44 0.69375 0.0111111 0.1 0.0222222
44 0.71875 0.0222222 0.125 0.0444444
44 0.74375 0.0222222 0.1 0.0444444
44 0.946875 0.0222222 0.10625 0.0444444
10 0.125 0.0333333 0.0875 0.0222222
10 0.1 0.0222222 0.0375 0.0444444
30 0.675 0.0222222 0.0875 0.0444444
4 0.71875 0.0333333 0.125 0.0666667
10 0.11875 0.0444444 0.025 0.0888889
10 0.14375 0.0333333 0.05 0.0666667
10 0.14375 0.0333333 0.025 0.0666667
8 0.24375 0.0444444 0.075 0.0888889
8 0.2625 0.0444444 0.0875 0.0888889
8 0.4625 0.0444444 0.1125 0.0888889
4 0.6875 0.0222222 0.1625 0.0444444
4 0.675 0.0333333 0.1125 0.0666667
4 0.725 0.0444444 0.1125 0.0888889
8 0.825 0.0333333 0.1625 0.0666667
4 0.80625 0.0444444 0.125 0.0888889
4 0.84375 0.0444444 0.175 0.0888889
4 0.84375 0.0444444 0.125 0.0888889
8 0.85625 0.0444444 0.125 0.0888889
8 0.8875 0.0444444 0.1125 0.0888889
60 0.053125 0.0555556 0.10625 0.111111
8 0.021875 0.0666667 0.04375 0.0888889
4 0.05625 0.0666667 0.1 0.0888889
8 0.225 0.0666667 0.1125 0.133333
8 0.25 0.0666667 0.0875 0.133333
8 0.2625 0.0555556 0.1125 0.111111
8 0.3375 0.0555556 0.1375 0.111111
4 0.3125 0.0555556 0.1125 0.111111
10 0.39375 0.0444444 0.075 0.0888889
10 0.41875 0.0444444 0.1 0.0888889
10 0.4375 0.0555556 0.1125 0.111111
6 0.475 0.0555556 0.0875 0.0666667
2 0.70625 0.0444444 0.15 0.0888889
4 0.7125 0.0555556 0.1125 0.0666667
4 0.8375 0.0555556 0.1625 0.0666667
4 0.84375 0.0666667 0.175 0.0888889
4 0.8625 0.0555556 0.1625 0.111111
4 0.021875 0.0777778 0.04375 0.0666667
60 0.028125 0.0777778 0.05625 0.0666667
21 0.41875 0.0666667 0.15 0.133333
16 0.4125 0.0666667 0.1375 0.133333
10 0.4 0.0555556 0.0625 0.111111
10 0.4625 0.0888889 0.0625 0.0888889
16 0.6625 0.0555556 0.0875 0.111111
8 0.68125 0.0666667 0.1 0.0888889
21 0.825 0.0666667 0.1375 0.0888889
2 0.025 0.122222 0.0375 0.0666667
8 0.275 0.0777778 0.1375 0.155556
8 0.2625 0.122222 0.0125 0.0666667
39 0.26875 0.122222 0 0.0666667
8 0.3 0.1 0.0625 0.0666667
8 0.3125 0.111111 0.1625 0.0888889
8 0.35 0.0888889 0.1375 0.0888889
8 0.31875 0.0888889 0.1 0.133333
10 0.4625 0.122222 0.0625 0.0666667
8 0.45625 0.111111 0.05 0.0444444
16 0.68125 0.0666667 0.125 0.133333
10 0.69375 0.1 0.075 0.0666667
59 0.8125 0.1 0.1125 0.0666667
10 0.80625 0.1 0.075 0.0666667
16 0.80625 0.1 0.05 0.0666667
8 0.021875 0.133333 0.04375 0.0888889
2 0.01875 0.133333 0.025 0.0444444
4 0.021875 0.133333 0.04375 0.0444444
10 0.1125 0.155556 0.0625 0.0444444
10 0.1625 0.144444 0.1125 0.0222222
7 0.13125 0.133333 0.05 0.0444444
3 0.29375 0.122222 0.075 0.0666667
8 0.30625 0.122222 0.05 0.0666667
8 0.325 0.122222 0.0875 0.0666667
59 0.425 0.144444 0.1625 0.111111
60 0.425 0.133333 0.0875 0.133333
8 0.45625 0.122222 0.075 0.0666667
8 0.4625 0.133333 0.0625 0.0888889
60 0.50625 0.133333 0.15 0.0888889
59 0.53125 0.122222 0.175 0.111111
4 0.021875 0.144444 0.04375 0.0666667
2 0.015625 0.155556 0.03125 0.0444444
8 0.0625 0.144444 0.0625 0.111111
4 0.125 0.155556 0.0875 0.0444444
4 0.15625 0.155556 0.075 0.0444444
4 0.15625 0.144444 0.075 0.0666667
8 0.2375 0.133333 0.1375 0.0888889
60 0.26875 0.155556 0.125 0.0888889
8 0.275 0.144444 0.1125 0.0666667
8 0.29375 0.133333 0.075 0.0888889
8 0.30625 0.144444 0.05 0.0666667
4 0.3375 0.144444 0.1125 0.111111
8 0.3625 0.144444 0.0875 0.0666667
6 0.36875 0.144444 0.125 0.111111
8 0.45625 0.144444 0.075 0.0666667
8 0.45625 0.144444 0.05 0.0666667
16 0.575 0.144444 0.1375 0.0666667
8 0.021875 0.166667 0.04375 0.0666667
4 0.015625 0.177778 0.03125 0.0444444
4 0.015625 0.188889 0.03125 0.0666667
4 0.046875 0.188889 0.09375 0.111111
4 0.08125 0.177778 0.125 0.133333
4 0.125 0.188889 0.0875 0.111111
4 0.14375 0.188889 0.075 0.111111
4 0.1625 0.188889 0.0875 0.111111
8 0.35625 0.177778 0.075 0.0888889
10 0.3875 0.177778 0.0375 0.0444444
12 0.425 0.177778 0.0125 0.0444444
16 0.45 0.144444 0.0625 0.111111
8 0.45625 0.144444 0.075 0.111111
8 0.45625 0.166667 0.05 0.0666667
3 0.56875 0.166667 0.125 0.0666667
3 0.55 0.166667 0.0875 0.0666667
10 0.959375 0.166667 0.08125 0.0666667
4 0.053125 0.211111 0.10625 0.0666667
4 0.021875 0.2 0.04375 0.0444444
4 0.021875 0.211111 0.04375 0.0666667
2 0.1 0.177778 0.1125 0.133333
4 0.15 0.188889 0.1375 0.111111
4 0.15 0.211111 0.1625 0.111111
4 0.125 0.2 0.1125 0.0888889
8 0.1625 0.2 0.1125 0.0888889
21 0.23125 0.211111 0.125 0.111111
21 0.24375 0.222222 0.125 0.0888889
21 0.25 0.2 0.0625 0.0444444
39 0.25625 0.188889 0.075 0.0666667
4 0.26875 0.2 0.125 0.0888889
4 0.275 0.188889 0.1125 0.0666667
4 0.30625 0.2 0.125 0.0888889
4 0.35 0.188889 0.0875 0.0666667
8 0.3375 0.211111 0.1125 0.111111
4 0.40625 0.188889 0.15 0.0666667
3 0.4125 0.2 0.1625 0.0888889
3 0.4 0.188889 0.0625 0.0666667
10 0.43125 0.188889 0.1 0.0666667
8 0.4375 0.133333 0.0875 0.222222
8 0.45625 0.133333 0.075 0.222222
8 0.4625 0.188889 0.0625 0.0666667
8 0.48125 0.188889 0.1 0.0666667
8 0.5625 0.188889 0.1375 0.0666667
10 0.8125 0.188889 0.0875 0.111111
8 0.83125 0.211111 0.075 0.0666667
6 0.83125 0.211111 0.075 0.0666667
4 0.84375 0.211111 0.1 0.0666667
4 0.86875 0.222222 0.075 0.0888889
4 0.8625 0.222222 0.1375 0.0888889
4 0.8875 0.211111 0.1375 0.0666667
6 0.9 0.211111 0.1375 0.0666667
8 0.91875 0.211111 0.125 0.0666667
8 0.94375 0.2 0.1 0.0888889
4 0.965625 0.188889 0.06875 0.0666667
4 0.053125 0.222222 0.10625 0.0444444
4 0.021875 0.233333 0.04375 0.0666667
4 0.021875 0.211111 0.04375 0.111111
4 0.1125 0.244444 0.0625 0.0444444
4 0.125 0.233333 0.0875 0.0666667
4 0.125 0.244444 0.1125 0.0888889
4 0.16875 0.233333 0.075 0.0666667
4 0.175 0.222222 0.0625 0.0444444
4 0.1875 0.233333 0.0875 0.0666667
4 0.1875 0.222222 0.1125 0.0888889
4 0.21875 0.222222 0.075 0.0888889
4 0.2625 0.211111 0.1125 0.0666667
4 0.2875 0.211111 0.1125 0.0666667
4 0.3125 0.211111 0.1375 0.0666667
4 0.35625 0.211111 0.1 0.0666667
6 0.35 0.244444 0.1125 0.0444444
8 0.38125 0.244444 0.075 0.0444444
6 0.38125 0.233333 0.1 0.0666667
8 0.38125 0.233333 0.1 0.0666667
8 0.46875 0.144444 0.15 0.244444
8 0.45625 0.211111 0.05 0.0666667
8 0.475 0.211111 0.0875 0.0666667
8 0.4875 0.222222 0.1125 0.0888889
4 0.49375 0.233333 0.125 0.111111
8 0.5 0.233333 0.1375 0.0666667
8 0.5375 0.233333 0.0875 0.0222222
8 0.5625 0.244444 0.1375 0.0444444
8 0.5375 0.244444 0.1125 0.0444444
4 0.5625 0.244444 0.0875 0.0444444
4 0.575 0.244444 0.1375 0.0444444
4 0.60625 0.244444 0.1 0.0444444
4 0.625 0.244444 0.0875 0.0444444
4 0.64375 0.244444 0.125 0.0444444
8 0.675 0.244444 0.0875 0.0444444
8 0.6875 0.233333 0.0875 0.0666667
8 0.8125 0.233333 0.0875 0.0666667
4 0.8375 0.222222 0.0875 0.0888889
4 0.85625 0.233333 0.125 0.0666667
4 0.89375 0.222222 0.125 0.0888889
4 0.91875 0.222222 0.125 0.0888889
6 0.93125 0.222222 0.125 0.0888889
4 0.965625 0.222222 0.06875 0.0888889
4 0.959375 0.211111 0.08125 0.111111
4 0.053125 0.244444 0.10625 0.0444444
4 0.021875 0.255556 0.04375 0.0666667
16 0.06875 0.233333 0.1 0.0666667
8 0.1125 0.244444 0.0625 0.0444444
8 0.15 0.255556 0.1375 0.0666667
4 0.15625 0.244444 0.175 0.0888889
6 0.1375 0.244444 0.1125 0.0888889
8 0.16875 0.244444 0.075 0.0888889
4 0.21875 0.255556 0.175 0.111111
25 0.23125 0.255556 0.15 0.111111
60 0.225 0.244444 0.1375 0.0888889
60 0.25625 0.233333 0.1 0.0666667
4 0.2625 0.233333 0.1125 0.0666667
4 0.2875 0.233333 0.1125 0.0666667
4 0.3125 0.233333 0.1375 0.0666667
8 0.31875 0.233333 0.125 0.0666667
4 0.35625 0.244444 0.1 0.0888889
6 0.35 0.255556 0.1125 0.0666667
6 0.375 0.266667 0.0875 0.0444444
4 0.38125 0.266667 0.1 0.0444444
8 0.41875 0.255556 0.125 0.0666667
8 0.44375 0.255556 0.075 0.0666667
8 0.45 0.244444 0.0875 0.0888889
8 0.46875 0.244444 0.1 0.0888889
8 0.525 0.255556 0.0875 0.0666667
6 0.53125 0.255556 0.1 0.0666667
4 0.5375 0.255556 0.1125 0.0666667
4 0.56875 0.255556 0.125 0.0666667
6 0.575 0.255556 0.1375 0.0666667
8 0.59375 0.255556 0.125 0.0666667
6 0.60625 0.266667 0.125 0.0444444
6 0.63125 0.255556 0.125 0.0666667
6 0.65625 0.255556 0.125 0.0666667
6 0.68125 0.255556 0.125 0.0666667
6 0.69375 0.266667 0.125 0.0444444
8 0.71875 0.266667 0.125 0.0444444
8 0.74375 0.266667 0.125 0.0444444
8 0.76875 0.266667 0.125 0.0444444
8 0.79375 0.266667 0.125 0.0444444
6 0.825 0.266667 0.0875 0.0444444
4 0.8375 0.266667 0.0875 0.0444444
4 0.8375 0.255556 0.1125 0.0666667
4 0.8625 0.266667 0.1125 0.0444444
4 0.875 0.244444 0.1125 0.0888889
4 0.90625 0.244444 0.075 0.0888889
4 0.9375 0.244444 0.0875 0.0888889
8 0.93125 0.233333 0.125 0.111111
8 0.959375 0.244444 0.08125 0.0888889
4 0.965625 0.244444 0.06875 0.0888889
4 0.053125 0.266667 0.10625 0.0888889
4 0.021875 0.277778 0.04375 0.111111
8 0.14375 0.266667 0.125 0.0444444
8 0.15 0.277778 0.1375 0.0222222
8 0.125 0.288889 0.0875 0.0444444
8 0.18125 0.288889 0.125 0.0444444
4 0.1625 0.288889 0.0625 0.0444444
4 0.175 0.277778 0.0625 0.0666667
4 0.1875 0.266667 0.0875 0.0888889
4 0.18125 0.266667 0.125 0.0888889
4 0.2375 0.266667 0.1375 0.0888889
60 0.2125 0.288889 0.1125 0.0444444
4 0.275 0.277778 0.0875 0.0666667
4 0.2625 0.266667 0.1125 0.0444444
4 0.2625 0.255556 0.1125 0.0666667
2 0.28125 0.255556 0.1 0.0666667
4 0.3125 0.266667 0.1375 0.0888889
4 0.35625 0.266667 0.2 0.0888889
4 0.3625 0.266667 0.0875 0.0888889
4 0.375 0.277778 0.0875 0.0666667
4 0.40625 0.255556 0.15 0.0666667
8 0.45 0.266667 0.0625 0.0444444
8 0.4375 0.277778 0.0625 0.0666667
8 0.5125 0.266667 0.0875 0.0444444
4 0.525 0.277778 0.0875 0.0666667
4 0.53125 0.266667 0.1 0.0888889
4 0.5625 0.266667 0.1125 0.0888889
4 0.5875 0.277778 0.1125 0.0666667
4 0.625 0.277778 0.1125 0.0666667
4 0.65 0.277778 0.1125 0.0666667
4 0.675 0.277778 0.1125 0.0666667
4 0.7 0.277778 0.1125 0.0666667
4 0.725 0.277778 0.1125 0.0666667
4 0.75625 0.277778 0.125 0.0666667
6 0.78125 0.277778 0.125 0.0666667
4 0.8 0.277778 0.1125 0.0666667
