52 0.08125 0.0111111 0 0.0222222
2 0.1125 0.0111111 0.0625 0.0222222
43 0.1125 0 0.0375 0
3 0.1125 0 0.0375 0
44 0.14375 0 0.05 0
34 0.1875 0.0111111 0.1625 0.0222222
4 0.20625 0 0.025 0
53 0.2125 0 0.0125 0
44 0.2875 0 0.1375 0
44 0.30625 0 0.025 0
43 0.38125 0 0.15 0
44 0.38125 0 0.15 0
53 0.4125 0.0111111 0.1625 0.0222222
53 0.425 0.0111111 0.1875 0.0222222
4 0.4625 0.0111111 0.1375 0.0222222
1 0.4375 0.0111111 0.0875 0.0222222
1 0.4625 0.0111111 0.1125 0.0222222
44 0.50625 0.0111111 0.15 0.0222222
43 0.50625 0.0111111 0.1 0.0222222
34 0.525 0.0111111 0.0875 0.0222222
21 0.54375 0.0111111 0.125 0.0222222
4 0.55625 0.0111111 0.125 0.0222222
6 0.58125 0.0111111 0.125 0.0222222
4 0.5875 0.0111111 0.1375 0.0222222
43 0.60625 0.0111111 0.125 0.0222222
43 0.625 0.0111111 0.0875 0.0222222
44 0.6375 0.0111111 0.0875 0.0222222
44 0.7 0.0111111 0.0875 0.0222222
29 0.83125 0.0111111 0.15 0.0222222
43 0.8625 0.0111111 0.1125 0.0222222
34 0.875 0.0111111 0.1125 0.0222222
53 0.88125 0.0111111 0.125 0.0222222
43 0.90625 0.0111111 0.125 0.0222222
29 0.921875 0.0111111 0.15625 0.0222222
43 0.953125 0.0111111 0.09375 0.0222222
6 0.034375 0.0222222 0.06875 0.0444444
34 0.034375 0.0222222 0.06875 0.0444444
53 0.06875 0.0111111 0.025 0.0222222
52 0.075 0.0222222 0.0125 0.0444444
44 0.1125 0.0222222 0.0625 0.0444444
6 0.175 0.0222222 0.0875 0.0444444
5 0.16875 0.0222222 0.1 0.0444444
4 0.1875 0.0222222 0.0625 0.0444444
4 0.20625 0.0222222 0.025 0.0444444
4 0.2125 0.0222222 0.0125 0.0444444
4 0.25 0.0222222 0.0625 0.0444444
4 0.36875 0.0222222 0.05 0.0444444
4 0.425 0.0111111 0.0625 0.0222222
4 0.4375 0.0111111 0.0875 0.0222222
4 0.44375 0.0111111 0.1 0.0222222
44 0.5125 0.0111111 0.0875 0.0222222
3 0.5375 0.0111111 0.0625 0.0222222
44 0.7 0.0111111 0.0875 0.0222222
44 0.725 0.0222222 0.1125 0.0444444
44 0.7625 0.0222222 0.1125 0.0444444
42 0.78125 0.0222222 0.125 0.0444444
44 0.79375 0.0222222 0.125 0.0444444
79 0.984375 0.0111111 0.03125 0.0222222
2 0.05 0.0444444 0.0875 0.0888889
44 0.1125 0.0333333 0.0625 0.0666667
44 0.10625 0.0333333 0.075 0.0666667
10 0.10625 0.0333333 0.075 0.0666667
10 0.1375 0.0444444 0.1375 0.0888889
53 0.175 0.0222222 0.0875 0.0444444
4 0.1625 0.0222222 0.0875 0.0444444
4 0.18125 0.0222222 0.075 0.0444444
7 0.24375 0.0222222 0.025 0.0444444
1 0.25 0.0222222 0.0375 0.0444444
0 0.25625 0.0222222 0.05 0.0444444
1 0.2625 0.0222222 0.0625 0.0444444
7 0.28125 0.0222222 0.025 0.0444444
16 0.2875 0.0222222 0.0375 0.0444444
16 0.30625 0.0222222 0.025 0.0444444
16 0.31875 0.0222222 0.025 0.0444444
16 0.35 0.0222222 0.0625 0.0444444
1 0.35625 0.0222222 0.075 0.0444444
0 0.35625 0.0222222 0.075 0.0444444
1 0.38125 0.0222222 0.025 0.0444444
17 0.41875 0.0222222 0.05 0.0444444
4 0.4375 0.0333333 0.0625 0.0666667
4 0.44375 0.0444444 0.075 0.0444444
4 0.45625 0.0333333 0.075 0.0666667
2 0.46875 0.0333333 0.075 0.0666667
4 0.48125 0.0333333 0.075 0.0666667
60 0.50625 0.0222222 0.075 0.0444444
16 0.525 0.0444444 0.0625 0.0444444
10 0.54375 0.0333333 0.05 0.0666667
10 0.54375 0.0333333 0.05 0.0666667
53 0.5625 0.0444444 0.0125 0.0444444
2 0.56875 0.0444444 0.025 0.0444444
16 0.6 0.0444444 0.0375 0.0444444
16 0.63125 0.0444444 0.075 0.0444444
16 0.84375 0.0222222 0.075 0.0444444
10 0.85625 0.0333333 0.075 0.0666667
16 0.8625 0.0444444 0.0875 0.0888889
44 0.921875 0.0333333 0.15625 0.0666667
44 0.953125 0.0333333 0.09375 0.0666667
44 0.98125 0.0333333 0.025 0.0666667
7 0.06875 0.0444444 0.125 0.0888889
10 0.16875 0.0444444 0.075 0.0888889
2 0.16875 0.0444444 0.1 0.0888889
2 0.175 0.0555556 0.0875 0.111111
5 0.175 0.0555556 0.0875 0.111111
5 0.20625 0.0555556 0.125 0.111111
1 0.25625 0.0666667 0.075 0.0444444
1 0.2625 0.0444444 0.1125 0.0888889
1 0.275 0.0333333 0.0875 0.0666667
1 0.29375 0.0444444 0.1 0.0888889
1 0.325 0.0444444 0.0625 0.0888889
1 0.33125 0.0444444 0.1 0.0888889
1 0.35 0.0444444 0.0875 0.0888889
1 0.3625 0.0333333 0.0375 0.0666667
1 0.375 0.0333333 0.0375 0.0666667
1 0.40625 0.0333333 0.075 0.0666667
1 0.425 0.0444444 0.0625 0.0444444
1 0.43125 0.0555556 0.075 0.0666667
1 0.45 0.0555556 0.0625 0.0666667
1 0.475 0.0555556 0.0625 0.0666667
16 0.48125 0.0444444 0.075 0.0888889
2 0.4875 0.0444444 0.0625 0.0888889
2 0.5125 0.0555556 0.0625 0.0666667
53 0.525 0.0555556 0.0625 0.0666667
53 0.54375 0.0444444 0.05 0.0444444
53 0.55625 0.0777778 0.125 0.0666667
53 0.54375 0.0777778 0.05 0.0666667
53 0.55 0.0666667 0.0625 0.0888889
53 0.56875 0.0555556 0.025 0.0666667
16 0.59375 0.0333333 0.025 0.0666667
16 0.6 0.0333333 0.0375 0.0666667
16 0.6125 0.0333333 0.0375 0.0666667
19 0.65625 0.0333333 0.05 0.0666667
44 0.725 0.0555556 0.0625 0.0666667
43 0.76875 0.0666667 0.125 0.0444444
34 0.76875 0.0666667 0.125 0.0444444
43 0.79375 0.0666667 0.125 0.0444444
44 0.88125 0.0666667 0.1 0.0444444
53 0.9 0.0444444 0.0875 0.0888889
3 0.93125 0.0444444 0.05 0.0444444
55 0.95 0.0444444 0.0125 0.0444444
53 0.953125 0.0555556 0.09375 0.0666667
6 0.046875 0.0666667 0.09375 0.133333
3 0.05625 0.0777778 0.1 0.0666667
43 0.14375 0.0888889 0.1 0.0888889
26 0.20625 0.0777778 0.125 0.0666667
3 0.325 0.0888889 0.0875 0.0444444
26 0.34375 0.0888889 0.125 0.0444444
26 0.375 0.0888889 0.0875 0.0444444
35 0.4 0.0888889 0.0875 0.0444444
1 0.4125 0.0555556 0.0875 0.111111
16 0.4375 0.0444444 0.0625 0.0888889
16 0.45 0.0444444 0.0625 0.0888889
16 0.4375 0.0444444 0.0375 0.0888889
3 0.45 0.0444444 0.0375 0.0888889
55 0.475 0.0444444 0.0625 0.0888889
3 0.48125 0.0777778 0.05 0.0666667
4 0.48125 0.0444444 0.15 0.0888889
2 0.53125 0.0777778 0.075 0.0666667
44 0.55625 0.0777778 0.15 0.0666667
66 0.53125 0.0777778 0.075 0.0666667
32 0.54375 0.0777778 0.075 0.0666667
0 0.55 0.0666667 0.0875 0.0888889
0 0.5625 0.0555556 0.0875 0.111111
16 0.575 0.0666667 0.0875 0.0888889
2 0.58125 0.0555556 0.075 0.0666667
8 0.6375 0.0444444 0.0875 0.0888889
43 0.71875 0.0666667 0.175 0.0888889
44 0.8125 0.0666667 0.1125 0.0444444
43 0.86875 0.0777778 0.1 0.0666667
43 0.915625 0.0777778 0.16875 0.0666667
11 0.90625 0.0555556 0.1 0.111111
8 0.91875 0.0666667 0.1 0.0888889
8 0.9375 0.0777778 0.0375 0.0666667
8 0.95 0.0777778 0.0875 0.0666667
25 0.95 0.0777778 0.0875 0.0666667
10 0.046875 0.0777778 0.09375 0.111111
5 0.0625 0.111111 0.0625 0.0444444
4 0.05625 0.111111 0.075 0.0444444
4 0.1 0.1 0.0625 0.0222222
16 0.13125 0.1 0.075 0.0666667
2 0.14375 0.1 0.1 0.0666667
10 0.15625 0.1 0.1 0.0666667
44 0.175 0.1 0.0875 0.0666667
34 0.18125 0.1 0.1 0.0666667
43 0.19375 0.111111 0.125 0.0444444
34 0.225 0.111111 0.0625 0.0444444
13 0.24375 0.1 0.075 0.0666667
3 0.25 0.1 0.0875 0.0666667
1 0.25 0.1 0.0875 0.0666667
10 0.2625 0.1 0.0875 0.0666667
44 0.2875 0.1 0.0875 0.0666667
43 0.3875 0.1 0.0875 0.0666667
38 0.4 0.1 0.0875 0.0666667
52 0.4125 0.1 0.0875 0.0666667
52 0.4375 0.1 0.0625 0.0222222
52 0.53125 0.111111 0.075 0.0444444
2 0.525 0.0888889 0.0375 0.0444444
2 0.525 0.1 0.0625 0.0666667
2 0.525 0.0777778 0.0875 0.111111
32 0.55 0.0666667 0.0625 0.0888889
2 0.59375 0.0666667 0.025 0.0888889
4 0.625 0.0777778 0.0875 0.111111
10 0.76875 0.1 0.075 0.0666667
10 0.825 0.1 0.0625 0.0666667
44 0.90625 0.1 0.1 0.0666667
44 0.94375 0.0888889 0.025 0.0444444
3 0.95 0.1 0.0875 0.0666667
6 0.021875 0.1 0.04375 0.111111
10 0.03125 0.1 0.05 0.0666667
10 0.04375 0.0888889 0.05 0.0888889
7 0.05625 0.111111 0.05 0.0444444
10 0.1625 0.111111 0.0625 0.0444444
16 0.16875 0.111111 0.075 0.0444444
1 0.175 0.111111 0.0875 0.0444444
7 0.16875 0.0888889 0.125 0.0888889
71 0.21875 0.122222 0.125 0.0666667
1 0.2375 0.111111 0.1125 0.0444444
1 0.2375 0.111111 0.0375 0.0444444
0 0.25625 0.111111 0.025 0.0444444
1 0.2625 0.111111 0.0375 0.0444444
1 0.2875 0.111111 0.0625 0.0444444
1 0.30625 0.111111 0.075 0.0444444
1 0.325 0.111111 0.0375 0.0444444
3 0.35 0.122222 0.0875 0.0666667
53 0.35 0.133333 0.0875 0.0444444
53 0.36875 0.133333 0.075 0.0444444
1 0.375 0.122222 0.1125 0.0666667
1 0.41875 0.122222 0.05 0.0666667
10 0.425 0.122222 0.0625 0.0666667
10 0.44375 0.122222 0.05 0.0666667
6 0.475 0.133333 0.0625 0.0444444
6 0.49375 0.133333 0.05 0.0444444
6 0.50625 0.133333 0.075 0.0444444
6 0.51875 0.122222 0.075 0.0666667
5 0.54375 0.122222 0.075 0.0666667
5 0.5375 0.122222 0.0375 0.0666667
2 0.55 0.1 0.0625 0.111111
2 0.58125 0.1 0.05 0.111111
0 0.6125 0.1 0.0875 0.111111
2 0.6125 0.1 0.0625 0.111111
2 0.6 0.133333 0.0875 0.0444444
0 0.6125 0.133333 0.0875 0.0444444
7 0.65 0.1 0.0375 0.111111
0 0.65 0.1 0.0625 0.111111
0 0.675 0.1 0.0375 0.111111
2 0.71875 0.1 0.175 0.111111
31 0.85625 0.0888889 0.075 0.0888889
43 0.91875 0.133333 0.075 0.0444444
26 0.93125 0.122222 0.075 0.0222222
26 0.94375 0.133333 0.075 0.0444444
26 0.95625 0.122222 0.075 0.0666667
6 0.028125 0.111111 0.05625 0.133333
6 0.425 0.144444 0.0625 0.0222222
6 0.4375 0.144444 0.0625 0.0222222
6 0.4375 0.133333 0.1125 0.0888889
6 0.48125 0.122222 0.05 0.0666667
6 0.48125 0.122222 0.025 0.0666667
55 0.5125 0.133333 0.0625 0.0444444
0 0.63125 0.122222 0.025 0.0666667
0 0.6375 0.111111 0.0375 0.0888889
0 0.66875 0.144444 0.025 0.0666667
0 0.68125 0.144444 0.025 0.0666667
11 0.70625 0.133333 0.025 0.0444444
12 0.70625 0.133333 0.025 0.0444444
43 0.73125 0.122222 0.075 0.0666667
43 0.90625 0.122222 0.1 0.111111
43 0.934375 0.111111 0.13125 0.0888889
26 0.94375 0.111111 0.1 0.0888889
43 0.95 0.122222 0.0875 0.111111
6 0.028125 0.166667 0.05625 0.0666667
6 0.015625 0.166667 0.03125 0.0666667
79 0.053125 0.144444 0.10625 0.111111
6 0.425 0.177778 0.1625 0.0444444
6 0.4625 0.177778 0.1625 0.0444444
66 0.48125 0.177778 0.175 0.0444444
6 0.475 0.166667 0.1125 0.0222222
43 0.940625 0.144444 0.11875 0.0666667
34 0.94375 0.155556 0.1 0.0888889
6 0.35 0.166667 0.1875 0.0666667
4 0.425 0.166667 0.1625 0.0666667
4 0.4625 0.166667 0.1625 0.0666667
7 0.015625 0.2 0.03125 0.0888889
44 0.71875 0.188889 0.1 0.111111
44 0.934375 0.188889 0.13125 0.111111
2 0.015625 0.211111 0.03125 0.0666667
50 0.1125 0.211111 0.1125 0.111111
50 0.16875 0.222222 0.075 0.133333
6 0.1625 0.222222 0.1125 0.133333
6 0.2 0.211111 0.1125 0.111111
6 0.2 0.2 0.0875 0.0888889
2 0.25625 0.2 0.025 0.0888889
0 0.26875 0.2 0.025 0.0888889
43 0.3125 0.2 0.0375 0.0888889
2 0.31875 0.2 0.025 0.0888889
2 0.30625 0.2 0.075 0.0888889
0 0.3375 0.2 0.0125 0.0888889
0 0.3625 0.222222 0.0375 0.0444444
0 0.375 0.222222 0.0375 0.0444444
9 0.38125 0.222222 0.025 0.0444444
43 0.39375 0.222222 0.025 0.0444444
43 0.40625 0.222222 0.025 0.0444444
