10 0.028125 0.0111111 0.05625 0.0222222
11 0.015625 0.0111111 0.03125 0.0222222
29 0.040625 0.0111111 0.08125 0.0222222
29 0.0875 0.0111111 0.1625 0.0222222
4 0.1 0.0222222 0.1875 0.0444444
10 0.125 0.0222222 0.1625 0.0444444
10 0.1625 0.0222222 0.1375 0.0444444
10 0.175 0.0222222 0.1375 0.0444444
4 0.19375 0.0222222 0.15 0.0444444
4 0.20625 0.0222222 0.15 0.0444444
4 0.24375 0.0222222 0.075 0.0444444
11 0.2625 0.0222222 0.1375 0.0444444
6 0.2875 0.0222222 0.1625 0.0444444
10 0.3 0.0222222 0.1375 0.0444444
10 0.325 0 0.1125 0
11 0.3375 0 0.1375 0
29 0.35625 0 0.125 0
4 0.38125 0 0.1 0
4 0.375 0.0111111 0.1125 0.0222222
4 0.3625 0.0111111 0.0375 0.0222222
4 0.4125 0.0222222 0.1375 0.0444444
4 0.41875 0.0111111 0.15 0.0222222
4 0.43125 0.0111111 0.1 0.0222222
4 0.45625 0.0222222 0.125 0.0444444
50 0.45625 0.0111111 0.05 0.0222222
6 0.4875 0.0111111 0.0625 0.0222222
6 0.5 0.0111111 0.0625 0.0222222
50 0.50625 0.0111111 0.075 0.0222222
4 0.5375 0.0111111 0.1375 0.0222222
6 0.56875 0.0111111 0.1 0.0222222
6 0.5875 0.0111111 0.1125 0.0222222
6 0.6125 0.0222222 0.1125 0.0444444
6 0.6375 0.0222222 0.1125 0.0444444
6 0.7 0.0222222 0.1125 0.0444444
6 0.725 0.0222222 0.1125 0.0444444
6 0.75 0.0222222 0.1125 0.0444444
6 0.775 0.0222222 0.1125 0.0444444
6 0.921875 0.0111111 0.15625 0.0222222
4 0.934375 0.0111111 0.13125 0.0222222
4 0.95625 0.0111111 0.075 0.0222222
4 0.96875 0.0111111 0.05 0.0222222
19 0.028125 0.0222222 0.05625 0.0444444
9 0.015625 0.0111111 0.03125 0.0222222
50 0.040625 0.0222222 0.08125 0.0444444
9 0.053125 0.0222222 0.10625 0.0444444
44 0.075 0.0222222 0.1125 0.0444444
44 0.0875 0.0222222 0.1625 0.0444444
44 0.0875 0.0333333 0.1375 0.0666667
44 0.125 0.0333333 0.1625 0.0666667
4 0.19375 0.0333333 0.15 0.0666667
29 0.35625 0.0333333 0.075 0.0666667
4 0.3625 0.0333333 0.0875 0.0666667
10 0.36875 0.0333333 0.05 0.0666667
4 0.36875 0.0333333 0.05 0.0666667
4 0.41875 0.0333333 0.15 0.0666667
2 0.425 0.0222222 0.0625 0.0444444
4 0.43125 0.0222222 0.075 0.0444444
50 0.425 0.0222222 0.0375 0.0444444
4 0.44375 0.0222222 0.025 0.0444444
7 0.4625 0.0111111 0.0125 0.0222222
6 0.46875 0.0111111 0.025 0.0222222
7 0.4875 0.0111111 0.0375 0.0222222
48 0.50625 0.0111111 0.075 0.0222222
50 0.525 0.0111111 0.0625 0.0222222
51 0.54375 0.0111111 0.075 0.0222222
4 0.54375 0.0111111 0.075 0.0222222
6 0.5625 0.0111111 0.0875 0.0222222
6 0.58125 0.0111111 0.1 0.0222222
6 0.6 0.0111111 0.1125 0.0222222
4 0.6125 0.0111111 0.1125 0.0222222
4 0.625 0.0222222 0.1125 0.0444444
4 0.6375 0.0222222 0.1125 0.0444444
4 0.65 0.0222222 0.1125 0.0444444
4 0.6625 0.0222222 0.1125 0.0444444
4 0.675 0.0111111 0.1125 0.0222222
4 0.6875 0.0222222 0.1125 0.0444444
2 0.7 0.0222222 0.1125 0.0444444
4 0.7125 0.0222222 0.1125 0.0444444
4 0.7375 0.0222222 0.1125 0.0444444
4 0.7625 0.0222222 0.1125 0.0444444
4 0.8 0.0222222 0.1125 0.0444444
6 0.8375 0.0222222 0.1125 0.0444444
9 0.85625 0.0222222 0.125 0.0444444
4 0.86875 0.0222222 0.125 0.0444444
4 0.8875 0.0222222 0.1125 0.0444444
4 0.9 0.0111111 0.1125 0.0222222
9 0.91875 0.0333333 0.125 0.0666667
4 0.93125 0.0222222 0.125 0.0444444
4 0.959375 0.0222222 0.08125 0.0444444
4 0.96875 0.0222222 0.05 0.0444444
4 0.975 0.0222222 0.0125 0.0444444
20 0.053125 0.0222222 0.10625 0.0444444
6 0.075 0.0333333 0.1125 0.0666667
6 0.09375 0.0333333 0.175 0.0666667
4 0.10625 0.0333333 0.175 0.0666667
50 0.125 0.0333333 0.1625 0.0666667
50 0.1625 0.0333333 0.1625 0.0666667
50 0.18125 0.0333333 0.075 0.0666667
48 0.20625 0.0333333 0.1 0.0666667
21 0.21875 0.0333333 0.175 0.0666667
10 0.25625 0.0333333 0.125 0.0666667
55 0.275 0.0333333 0.1375 0.0666667
55 0.30625 0.0333333 0.125 0.0666667
10 0.325 0.0444444 0.1125 0.0888889
55 0.3125 0.0444444 0.0875 0.0444444
55 0.34375 0.0333333 0.075 0.0666667
10 0.35625 0.0444444 0.075 0.0888889
10 0.38125 0.0444444 0.05 0.0888889
10 0.3875 0.0444444 0.0875 0.0888889
55 0.4 0.0333333 0.1125 0.0666667
6 0.425 0.0333333 0.0625 0.0666667
50 0.41875 0.0333333 0.075 0.0666667
4 0.44375 0.0333333 0 0.0666667
60 0.49375 0.0333333 0.125 0.0666667
4 0.953125 0.0444444 0.09375 0.0888889
4 0.959375 0.0444444 0.08125 0.0888889
7 0.9625 0.0444444 0.0625 0.0444444
4 0.9625 0.0333333 0.0375 0.0222222
29 0.965625 0.0444444 0.06875 0.0888889
10 0.0375 0.0555556 0.0375 0.0222222
9 0.0625 0.0555556 0.0375 0.0666667
50 0.125 0.0666667 0.1625 0.0444444
50 0.1625 0.0666667 0.1625 0.0444444
50 0.2 0.0666667 0.1125 0.0444444
50 0.21875 0.0666667 0.075 0.0444444
50 0.25625 0.0666667 0.1 0.0444444
50 0.375 0.0666667 0.1125 0.0444444
50 0.35 0.0666667 0.1125 0.0444444
10 0.375 0.0666667 0.0625 0.0444444
50 0.36875 0.0666667 0.05 0.0444444
9 0.40625 0.0444444 0.075 0.0888889
4 0.4125 0.0444444 0.0875 0.0888889
4 0.4375 0.0444444 0.0625 0.0888889
50 0.65625 0.0444444 0.125 0.0888889
50 0.65 0.0333333 0.0625 0.0666667
50 0.6625 0.0666667 0.0625 0.0444444
50 0.7 0.0666667 0.1125 0.0444444
50 0.78125 0.0444444 0.1 0.0444444
50 0.79375 0.0555556 0.1 0.0222222
21 0.8125 0.0666667 0.0875 0.0444444
50 0.81875 0.0666667 0.1 0.0444444
50 0.8375 0.0666667 0.0625 0.0444444
50 0.8625 0.0666667 0.1125 0.0444444
6 0.88125 0.0666667 0.05 0.0444444
4 0.88125 0.0666667 0.025 0.0444444
6 0.8875 0.0666667 0.1125 0.0444444
9 0.9625 0.0555556 0.0625 0.0666667
4 0.9625 0.0555556 0.0375 0.0666667
19 0.053125 0.0666667 0.10625 0.0444444
14 0.03125 0.0777778 0.05 0.0222222
9 0.0375 0.0666667 0.0375 0.0444444
2 0.0375 0.0666667 0.0375 0.0444444
50 0.35 0.0888889 0.1125 0.0444444
50 0.4 0.0777778 0.1625 0.0666667
4 0.425 0.0555556 0.0625 0.0666667
50 0.9625 0.0777778 0.0625 0.0666667
6 0.96875 0.0666667 0.05 0.0888889
6 0.9625 0.0777778 0.0625 0.0666667
19 0.053125 0.0777778 0.10625 0.0666667
14 0.028125 0.0888889 0.05625 0.0444444
9 0.03125 0.1 0.05 0.0666667
2 0.0375 0.0777778 0.0375 0.0666667
9 0.05 0.0888889 0.0875 0.0444444
50 0.1 0.0777778 0.0875 0.0666667
6 0.375 0.0888889 0.1125 0.0444444
4 0.3875 0.0777778 0.1125 0.0666667
44 0.65625 0.0888889 0.075 0.0444444
6 0.85 0.0888889 0.0875 0.0888889
4 0.86875 0.0888889 0.075 0.0888889
2 0.9625 0.0666667 0.0625 0.0888889
4 0.9625 0.0777778 0.0625 0.0666667
20 0.053125 0.1 0.10625 0.0666667
14 0.028125 0.0888889 0.05625 0.0888889
9 0.040625 0.0888889 0.08125 0.0888889
9 0.05 0.111111 0.0625 0.0444444
9 0.04375 0.0888889 0.05 0.0888889
9 0.0625 0.1 0.1125 0.0666667
44 0.38125 0.0888889 0.1 0.0888889
9 0.575 0.0888889 0.1125 0.0888889
9 0.59375 0.0888889 0.1 0.0888889
6 0.86875 0.1 0.075 0.111111
2 0.9625 0.0888889 0.0625 0.0888889
9 0.028125 0.1 0.05625 0.111111
9 0.04375 0.111111 0.075 0.0888889
9 0.05 0.144444 0.0625 0.0222222
5 0.2375 0.133333 0.1125 0.0888889
5 0.25625 0.122222 0.125 0.111111
44 0.34375 0.133333 0.125 0.0444444
44 0.35625 0.122222 0.1 0.0666667
9 0.4625 0.122222 0.0875 0.0666667
9 0.5 0.111111 0.1625 0.0888889
11 0.55 0.111111 0.0625 0.0888889
9 0.5875 0.111111 0.0625 0.0888889
2 0.58125 0.111111 0.075 0.0888889
6 0.59375 0.133333 0.05 0.0444444
9 0.6 0.133333 0.0125 0.0888889
2 0.9625 0.111111 0.0625 0.0888889
4 0.015625 0.144444 0.03125 0.0666667
4 0.03125 0.133333 0.05 0.0888889
2 0.05 0.155556 0.0625 0.0444444
9 0.05 0.155556 0.0625 0.0444444
4 0.24375 0.144444 0.1 0.0666667
4 0.24375 0.144444 0.1 0.111111
2 0.2625 0.144444 0.1375 0.111111
4 0.275 0.144444 0.1125 0.111111
4 0.28125 0.166667 0.125 0.0666667
5 0.35 0.155556 0.0875 0.0444444
44 0.34375 0.144444 0.125 0.0666667
44 0.46875 0.144444 0.125 0.111111
4 0.475 0.144444 0.1125 0.111111
9 0.4875 0.144444 0.0625 0.111111
50 0.58125 0.133333 0.075 0.133333
4 0.79375 0.144444 0.1 0.111111
4 0.875 0.144444 0.0875 0.111111
53 0.975 0.144444 0.0375 0.111111
2 0.959375 0.144444 0.08125 0.111111
4 0.053125 0.155556 0.10625 0.0888889
2 0.015625 0.177778 0.03125 0.0444444
2 0.03125 0.188889 0.025 0.0222222
2 0.0375 0.188889 0.0375 0.0222222
2 0.0375 0.166667 0.0375 0.0666667
6 0.1375 0.177778 0.0875 0.0888889
44 0.29375 0.188889 0.075 0.0666667
44 0.2875 0.188889 0.1375 0.0666667
6 0.3 0.188889 0.1125 0.0666667
44 0.34375 0.2 0.125 0.0444444
4 0.46875 0.166667 0.125 0.111111
9 0.4875 0.166667 0.0625 0.111111
9 0.5125 0.177778 0.0125 0.0888889
4 0.7875 0.166667 0.0375 0.111111
4 0.8125 0.166667 0.0625 0.111111
4 0.825 0.166667 0.0625 0.111111
6 0.9875 0.177778 0.0125 0.0444444
4 0.053125 0.188889 0.10625 0.0666667
2 0.025 0.2 0.0125 0.0444444
2 0.025 0.2 0.0375 0.0444444
2 0.0375 0.2 0.0375 0.0444444
50 0.04375 0.2 0.05 0.0444444
50 0.1 0.177778 0.1375 0.0888889
50 0.15 0.2 0.0625 0.0444444
44 0.1625 0.2 0.1125 0.0444444
44 0.29375 0.2 0.125 0.0444444
44 0.3125 0.2 0.0875 0.0444444
4 0.4625 0.2 0.1125 0.0888889
4 0.5 0.188889 0.0375 0.111111
4 0.50625 0.177778 0.025 0.133333
4 0.78125 0.188889 0.05 0.111111
4 0.79375 0.188889 0 0.111111
4 0.84375 0.177778 0.1 0.133333
4 0.88125 0.188889 0.075 0.0666667
4 0.875 0.2 0.0875 0.0888889
2 0.95 0.177778 0.0875 0.0888889
4 0.021875 0.222222 0.04375 0.0888889
4 0.015625 0.211111 0.03125 0.0666667
2 0.025 0.222222 0.0375 0.0444444
2 0.0375 0.222222 0.0375 0.0444444
9 0.04375 0.211111 0.05 0.0666667
9 0.4 0.211111 0.1125 0.111111
44 0.4375 0.211111 0.1125 0.111111
2 0.44375 0.211111 0.1 0.0666667
4 0.4875 0.211111 0.0375 0.111111
4 0.5125 0.2 0.0375 0.133333
7 0.51875 0.222222 0.025 0.0888889
4 0.775 0.211111 0.0375 0.0666667
4 0.7875 0.222222 0.0375 0.0888889
4 0.825 0.211111 0.0625 0.0666667
4 0.8375 0.211111 0.0625 0.0666667
9 0.8375 0.2 0.1125 0.0888889
50 0.88125 0.211111 0.075 0.111111
20 0.94375 0.2 0.1 0.0888889
4 0.021875 0.244444 0.04375 0.0888889
4 0.015625 0.244444 0.03125 0.0444444
2 0.021875 0.233333 0.04375 0.0666667
2 0.0375 0.244444 0.0375 0.0444444
7 0.0375 0.244444 0.0375 0.0444444
10 0.48125 0.222222 0.025 0.0888889
9 0.4875 0.255556 0.0125 0.0666667
7 0.50625 0.244444 0 0.0888889
9 0.51875 0.244444 0 0.0444444
9 0.61875 0.222222 0.025 0.0888889
14 0.7625 0.233333 0.0375 0.111111
4 0.78125 0.222222 0.025 0.0888889
9 0.7875 0.233333 0.0375 0.0666667
60 0.925 0.222222 0.0625 0.0888889
20 0.9875 0.255556 0.0125 0.0666667
4 0.015625 0.244444 0.03125 0.0888889
2 0.025 0.244444 0.0375 0.0888889
2 0.0375 0.266667 0.0375 0.0444444
7 0.0375 0.266667 0.0375 0.0444444
10 0.48125 0.255556 0.025 0.0666667
9 0.49375 0.255556 0.025 0.0666667
9 0.50625 0.255556 0 0.0666667
9 0.6125 0.255556 0.0625 0.111111
50 0.75625 0.255556 0.05 0.111111
6 0.78125 0.255556 0.05 0.111111
4 0.7625 0.255556 0.0625 0.111111
9 0.7875 0.255556 0.0375 0.0666667
60 0.946875 0.255556 0.10625 0.111111
4 0.015625 0.288889 0.03125 0.0444444
2 0.015625 0.255556 0.03125 0.111111
