28 0.70625 0.0444444 0.175 0.0888889
24 0.71875 0.0444444 0.175 0.0888889
8 0.7375 0.0444444 0.1625 0.0888889
11 0.75625 0.0444444 0.125 0.0888889
11 0.76875 0.0222222 0.05 0.0444444
11 0.78125 0.0111111 0.05 0.0222222
11 0.79375 0.0111111 0.05 0.0222222
11 0.8125 0.0111111 0.0375 0.0222222
11 0.875 0.0111111 0.1375 0.0222222
11 0.80625 0.0222222 0.3 0.0444444
25 0.8375 0.0222222 0.2375 0.0444444
25 0.85 0.0333333 0.1125 0.0666667
27 0.875 0.0444444 0.0875 0.0888889
27 0.8875 0.0777778 0.0625 0.155556
27 0.9125 0.0777778 0.0625 0.155556
26 0.925 0.0777778 0.0875 0.155556
26 0.921875 0.0444444 0.15625 0.0888889
24 0.925 0.0444444 0.1375 0.0888889
24 0.934375 0.0444444 0.13125 0.0888889
27 0.940625 0.0444444 0.11875 0.0888889
11 0.95 0.0333333 0.0875 0.0666667
67 0.5 0.0333333 0.0375 0.0666667
39 0.525 0.0333333 0.1125 0.0666667
12 0.55 0.0333333 0.0375 0.0666667
9 0.55625 0.0444444 0.05 0.0888889
12 0.56875 0.0555556 0.05 0.111111
28 0.6625 0.0555556 0.0875 0.111111
8 0.674906 0.044757 0.0873116 0.0895141
16 0.68125 0.0333333 0.075 0.0666667
8 0.70625 0.0222222 0.025 0.0444444
8 0.71875 0.0111111 0.025 0.0222222
8 0.73125 0.0111111 0.025 0.0222222
27 0.75 0.0111111 0.0375 0.0222222
8 0.7625 0.0111111 0.0375 0.0222222
8 0.775 0.0111111 0.0375 0.0222222
8 0.7875 0.0111111 0.0375 0.0222222
8 0.8 0.0111111 0.0375 0.0222222
11 0.81875 0.0111111 0.025 0.0222222
9 0.825 0.0111111 0.0375 0.0222222
9 0.85 0.0111111 0.0125 0.0222222
9 0.85625 0.0111111 0.025 0.0222222
9 0.875 0.0222221 0.0375 0.0444443
25 0.8875 0.0333333 0.0375 0.0666667
28 0.9 0.0333333 0.0375 0.0666667
43 0.90625 0.0333333 0.05 0.0666667
43 0.9125 0.0666667 0.0625 0.133333
28 0.925 0.0333333 0.0375 0.0666667
27 0.9375 0.0333417 0.0375 0.0666834
27 0.9125 0.0444444 0.1125 0.0888889
9 0.90625 0.0444444 0.15 0.0888889
9 0.98125 0.0333333 0.025 0.0666667
44 0.984375 0.0333333 0.03125 0.0666667
64 0.48125 0.0333333 0.1 0.0666667
28 0.5 0.0333333 0.0875 0.0666667
28 0.51875 0.0333333 0.1 0.0666667
44 0.6625 0.0333333 0.0625 0.0666667
44 0.66875 0.0222222 0.05 0.0444444
44 0.70625 0.0222222 0.075 0.0444444
44 0.7375 0.0222222 0.1125 0.0444444
44 0.74375 0.0222222 0.075 0.0444444
44 0.78125 0.0222222 0.025 0.0444444
44 0.79375 0.0222222 0.025 0.0444444
47 0.806266 0.0222222 0.0499672 0.0444444
49 0.83125 0.0333333 0.025 0.0222222
49 0.825 0.0333333 0.0625 0.0222222
27 0.83125 0.0444444 0.075 0.0444444
21 0.86875 0.0333333 0.025 0.0222222
49 0.89375 0.0333333 0.05 0.0222222
44 0.9 0.0222222 0.0375 0.0444444
60 0.9125 0.0555556 0.0375 0.0666667
49 0.925 0.0888889 0.0375 0.133333
27 0.9625 0.0555556 0.0125 0.0666667
9 0.975 0.0555556 0.0125 0.0666667
9 0.98125 0.0555556 0.025 0.0666667
32 0.984375 0.0545036 0.03125 0.0687706
32 0.10625 0.1 0.1 0.2
32 0.13125 0.1 0.1 0.2
32 0.14375 0.1 0.1 0.2
32 0.16875 0.1 0.1 0.2
3 0.18125 0.1 0.1 0.2
3 0.19375 0.111111 0.1 0.222222
3 0.20625 0.111111 0.1 0.222222
32 0.23125 0.1 0.1 0.2
32 0.24375 0.0888889 0.1 0.177778
32 0.2625 0.0888889 0.1125 0.177778
2 0.275 0.0888889 0.1125 0.177778
52 0.28125 0.0888889 0.1 0.177778
49 0.84375 0.0666667 0.1 0.0888889
49 0.85625 0.0888889 0.15 0.133333
49 0.9 0.0888889 0.0625 0.133333
9 0.9 0.0555556 0.1375 0.0666667
9 0.975 0.0555556 0.0375 0.0666667
32 0.975 0.0666667 0.0375 0.0888889
3 0.225 0.1 0.1125 0.2
2 0.25 0.1 0.1125 0.2
3 0.275 0.1 0.1125 0.2
2 0.3 0.1 0.1125 0.2
1 0.3125 0.1 0.1125 0.2
2 0.325 0.1 0.1125 0.2
3 0.3375 0.1 0.1125 0.2
65 0.35625 0.1 0.125 0.2
65 0.38125 0.1 0.125 0.2
32 0.984375 0.0777778 0.03125 0.111111
3 0.21875 0.111111 0.1 0.222222
1 0.23125 0.111111 0.1 0.222222
1 0.25625 0.111111 0.1 0.222222
2 0.3125 0.111111 0.1125 0.222222
3 0.33125 0.122222 0.125 0.244444
28 0.35625 0.122222 0.125 0.244444
65 0.3625 0.122222 0.1375 0.244444
28 0.375 0.122222 0.1375 0.244444
9 0.95625 0.0888889 0.075 0.0888889
9 0.975 0.0777778 0.0375 0.0666667
9 0.978125 0.1 0.04375 0.111111
26 0.990625 0.0888889 0.01875 0.133333
3 0.16875 0.133333 0.125 0.266667
3 0.1875 0.133333 0.0875 0.266667
1 0.21875 0.133333 0.1 0.266667
1 0.24375 0.133333 0.1 0.222222
1 0.25625 0.122222 0.125 0.244444
3 0.26875 0.122222 0.125 0.244444
52 0.29375 0.122222 0.15 0.244444
3 0.31875 0.133332 0.125 0.266664
65 0.375 0.133333 0.1375 0.266667
28 0.425 0.122222 0.1375 0.244444
64 0.6625 0.144444 0.1875 0.155556
64 0.675 0.144444 0.1875 0.2
26 0.71875 0.133333 0.125 0.222222
3 0.73125 0.122222 0.1 0.244444
32 0.91875 0.111111 0.05 0.0444444
32 0.94375 0.111111 0.025 0.0444444
9 0.940625 0.13331 0.11875 0.0888425
9 0.975 0.122222 0.0375 0.0666667
9 0.984375 0.122222 0.03125 0.111111
9 0.990625 0.1 0.01875 0.155556
44 0.175 0.144444 0.0875 0.288889
3 0.2 0.144444 0.1375 0.288889
1 0.225 0.146318 0.1375 0.285141
1 0.24375 0.166667 0.125 0.244444
52 0.3 0.166667 0.1375 0.244444
28 0.7125 0.155556 0.1375 0.222222
2 0.73125 0.144456 0.1 0.244422
3 0.75625 0.155556 0.1 0.222222
3 0.78125 0.155556 0.1 0.222222
9 0.86875 0.122222 0.15 0.0666667
10 0.91875 0.133333 0.025 0.0444444
32 0.93125 0.211111 0.025 0.2
28 0.94375 0.133333 0.025 0.0444444
9 0.95625 0.144444 0.025 0.0666667
9 0.96875 0.133333 0.025 0.0444444
9 0.98125 0.144444 0.025 0.111111
26 0.990625 0.133333 0.01875 0.133333
44 0.13125 0.2 0.1 0.222222
44 0.16875 0.2 0.1 0.222222
44 0.1875 0.2 0.0875 0.222222
44 0.2 0.2 0.1375 0.222222
3 0.2125 0.2 0.1375 0.222222
3 0.25625 0.188889 0.1 0.244444
79 0.25625 0.188889 0.125 0.244444
64 0.61875 0.166667 0.25 0.155556
64 0.65625 0.188889 0.2 0.155556
28 0.675 0.177778 0.1875 0.177778
28 0.73125 0.211111 0.125 0.333333
2 0.735732 0.222222 0.0910334 0.311111
3 0.75625 0.222222 0.1 0.311111
3 0.78125 0.222222 0.1 0.311111
65 0.7875 0.222222 0.0875 0.311111
9 0.8625 0.188889 0.1125 0.244444
59 0.90625 0.188889 0.05 0.288889
2 0.91875 0.188889 0.05 0.288889
2 0.94375 0.166667 0.025 0.111111
3 0.971875 0.166667 0.05625 0.0666667
9 0.96875 0.166667 0.025 0.0222222
9 0.98125 0.177778 0.025 0.0888889
26 0.990625 0.166667 0.01875 0.111111
44 0.09375 0.211111 0.1 0.244444
34 0.16875 0.211111 0.1 0.244444
34 0.1875 0.211111 0.0875 0.244444
34 0.20625 0.211111 0.1 0.244444
3 0.23125 0.211111 0.125 0.244444
74 0.25625 0.211111 0.125 0.244444
2 0.43125 0.211111 0.1 0.244444
64 0.63125 0.211111 0.15 0.244444
28 0.69375 0.166667 0.175 0.288889
2 0.73125 0.222222 0.075 0.4
3 0.74375 0.155556 0.1 0.266667
2 0.7625 0.244444 0.0875 0.355556
8 0.78125 0.222222 0.075 0.4
39 0.78125 0.222222 0.05 0.4
39 0.80625 0.222222 0.025 0.4
39 0.81875 0.2 0.025 0.4
28 0.8625 0.222222 0.1125 0.177778
9 0.86875 0.222222 0.125 0.177778
26 0.9 0.2 0.0625 0.266667
3 0.94375 0.188889 0.025 0.0666667
9 0.971875 0.188889 0.05625 0.0666667
9 0.96875 0.177778 0.025 0.0444444
9 0.990625 0.188889 0.01875 0.111111
64 0.059375 0.2 0.11875 0.133333
44 0.065625 0.233333 0.13125 0.155556
44 0.059375 0.222222 0.11875 0.177778
44 0.18125 0.233333 0.1 0.244444
44 0.20625 0.233333 0.1 0.244444
44 0.23125 0.233333 0.1 0.244444
44 0.25625 0.233333 0.1 0.244444
79 0.28125 0.222222 0.1 0.222222
74 0.29375 0.222222 0.1 0.222222
79 0.31875 0.233333 0.125 0.244444
79 0.34375 0.233333 0.1 0.244444
79 0.3625 0.233333 0.0875 0.244444
2 0.40625 0.233333 0.125 0.244444
2 0.43125 0.233333 0.125 0.244444
2 0.45625 0.222222 0.125 0.222222
28 0.512487 0.2 0.137525 0.266667
28 0.60625 0.2 0.2 0.266667
28 0.59375 0.200236 0.25 0.222695
28 0.60625 0.188889 0.25 0.155556
28 0.65 0.2 0.2125 0.0888889
28 0.65625 0.2 0.2 0.133333
73 0.675 0.2 0.2375 0.133333
2 0.70625 0.266667 0.075 0.266667
2 0.725 0.266667 0.0625 0.266667
2 0.74375 0.2 0.1 0.133333
0 0.762499 0.277778 0.0874983 0.288889
0 0.7625 0.233333 0.0625 0.422222
27 0.78125 0.211111 0.05 0.377778
39 0.79375 0.211111 0.05 0.377778
39 0.8125 0.2 0.0375 0.355556
10 0.91875 0.233333 0.05 0.244444
2 0.91875 0.244444 0.05 0.222222
28 0.94375 0.2 0.05 0.0888889
9 0.959375 0.2 0.08125 0.0888889
9 0.96875 0.2 0.025 0.0444444
9 0.98125 0.211111 0.025 0.111111
26 0.990625 0.2 0.01875 0.133333
64 0.059375 0.244444 0.11875 0.177778
44 0.1 0.255556 0.1125 0.244444
44 0.13125 0.255556 0.1 0.244444
44 0.16875 0.255556 0.1 0.244444
44 0.19375 0.255556 0.1 0.244444
44 0.21875 0.255556 0.1 0.244444
44 0.24375 0.255556 0.1 0.244444
79 0.29375 0.244444 0.1 0.222222
79 0.375 0.255556 0.0875 0.244444
2 0.43125 0.255551 0.1 0.244454
2 0.45 0.255556 0.0875 0.244444
2 0.46875 0.244444 0.125 0.266667
28 0.48125 0.222222 0.125 0.266667
65 0.53125 0.244444 0.2 0.222222
28 0.6 0.244444 0.1875 0.222222
28 0.65 0.222217 0.1875 0.0888791
73 0.675 0.222222 0.0625 0.0888889
64 0.6875 0.211111 0.0625 0.111111
2 0.69375 0.277778 0.05 0.244444
2 0.71875 0.288889 0.05 0.266667
3 0.71875 0.222222 0.05 0.133333
8 0.749999 0.277778 0.0874989 0.288889
0 0.74375 0.233333 0.05 0.377778
27 0.75625 0.233333 0.05 0.377778
8 0.76875 0.233333 0.05 0.377778
8 0.78125 0.277777 0.05 0.511109
26 0.9 0.255556 0.0875 0.244444
16 0.91875 0.255556 0.05 0.244444
54 0.91875 0.255556 0.05 0.244444
54 0.93125 0.233333 0.05 0.111111
9 0.959375 0.233333 0.08125 0.111111
9 0.975 0.211111 0.0375 0.0666667
9 0.98125 0.233333 0.0250008 0.111111
9 0.990625 0.222222 0.01875 0.133333
65 0.0531261 0.233333 0.106252 0.155556
44 0.046875 0.255556 0.09375 0.155556
29 0.065625 0.26664 0.13125 0.177725
44 0.14375 0.277778 0.1 0.244444
44 0.18125 0.277778 0.1 0.244444
42 0.20625 0.255556 0.1 0.244444
44 0.26875 0.266667 0.1 0.222222
79 0.30625 0.277778 0.1 0.244444
79 0.33125 0.277778 0.1 0.244444
79 0.35625 0.277778 0.1 0.244444
2 0.44375 0.244444 0.1 0.311111
2 0.468325 0.266667 0.0991495 0.266667
2 0.49375 0.244444 0.1 0.311111
28 0.625 0.222222 0.1125 0.0888889
59 0.66875 0.244444 0.075 0.0444444
54 0.6875 0.233333 0.0375 0.0666667
29 0.7 0.3 0.0375 0.244444
8 0.71875 0.233333 0.025 0.377778
8 0.725 0.244444 0.0375 0.355556
29 0.75 0.244444 0.0625 0.355556
44 0.75 0.244444 0.0375 0.355556
0 0.8125 0.222222 0.0625 0.4
2 0.9 0.277778 0.0875 0.244444
2 0.9125 0.288889 0.0625 0.266667
54 0.93125 0.3 0.05 0.2
9 0.959375 0.266559 0.08125 0.177562
9 0.978125 0.244444 0.04375 0.0888889
9 0.984375 0.255556 0.03125 0.111111
65 0.059375 0.255556 0.11875 0.155556
44 0.046875 0.277778 0.09375 0.111111
44 0.10625 0.3 0.1 0.244444
