43 0.028125 0.0222222 0.05625 0.0444444
43 0.24375 0.0111111 0.175 0.0222222
34 0.25625 0.0111111 0.175 0.0222222
1 0.2625 0.0111111 0.1625 0.0222222
1 0.29375 0.0111111 0.15 0.0222222
13 0.325 0.0111111 0.1375 0.0222222
34 0.34375 0.0222222 0.125 0.0444444
43 0.39375 0.0222222 0.125 0.0444444
29 0.4125 0.0222222 0.1375 0.0444444
1 0.425 0.0111111 0.1375 0.0222222
13 0.4375 0.0222222 0.1375 0.0444444
4 0.45 0.0111111 0.1125 0.0222222
8 0.48125 0.0111111 0.15 0.0222222
1 0.48125 0.0222222 0.125 0.0444444
1 0.51875 0.0111111 0.15 0.0222222
4 0.54375 0.0111111 0.15 0.0222222
1 0.54375 0.0111111 0.125 0.0222222
8 0.55625 0.0111111 0.125 0.0222222
13 0.58125 0.0111111 0.125 0.0222222
8 0.5875 0.0111111 0.1375 0.0222222
13 0.60625 0.0111111 0.125 0.0222222
1 0.61875 0.0111111 0.125 0.0222222
1 0.65 0.0111111 0.1375 0.0222222
1 0.675 0.0111111 0.1375 0.0222222
1 0.70625 0.0111111 0.125 0.0222222
1 0.7375 0.0111111 0.1375 0.0222222
1 0.76875 0.0111111 0.125 0.0222222
1 0.79375 0.0111111 0.125 0.0222222
1 0.81875 0.0111111 0.125 0.0222222
1 0.85 0.0111111 0.1625 0.0222222
1 0.8875 0.0111111 0.1625 0.0222222
1 0.915625 0.0111111 0.16875 0.0222222
79 0.928125 0.0111111 0.14375 0.0222222
13 0.946875 0.0111111 0.10625 0.0222222
1 0.953125 0.0111111 0.09375 0.0222222
8 0.953125 0.0111111 0.09375 0.0222222
26 0.959375 0.0111111 0.08125 0.0222222
3 0.028125 0.0333333 0.05625 0.0666667
8 0.059375 0.0222222 0.11875 0.0444444
29 0.046875 0.0222222 0.09375 0.0444444
1 0.046875 0.0222222 0.09375 0.0444444
1 0.06875 0.0222222 0.125 0.0444444
44 0.075 0.0222222 0.1375 0.0444444
1 0.09375 0.0222222 0.125 0.0444444
1 0.125 0.0222222 0.1375 0.0444444
34 0.13125 0.0222222 0.125 0.0444444
79 0.15625 0.0111111 0.125 0.0222222
79 0.16875 0.0222222 0.125 0.0444444
34 0.18125 0.0111111 0.125 0.0222222
65 0.19375 0.0222222 0.125 0.0444444
29 0.20625 0.0222222 0.125 0.0444444
29 0.225 0.0111111 0.1375 0.0222222
1 0.2375 0.0222222 0.1375 0.0444444
1 0.25625 0.0222222 0.125 0.0444444
1 0.29375 0.0222222 0.125 0.0444444
13 0.3 0.0222222 0.1375 0.0444444
26 0.30625 0.0111111 0.125 0.0222222
16 0.3375 0.0222222 0.1125 0.0444444
29 0.34375 0.0222222 0.125 0.0444444
26 0.35625 0.0222222 0.125 0.0444444
2 0.3875 0.0222222 0.1375 0.0444444
1 0.4 0.0222222 0.1375 0.0444444
2 0.4125 0.0222222 0.1375 0.0444444
3 0.4375 0.0222222 0.1375 0.0444444
2 0.4375 0.0222222 0.1375 0.0444444
1 0.45625 0.0111111 0.1 0.0222222
2 0.4875 0.0222222 0.1125 0.0444444
2 0.49375 0.0111111 0.125 0.0222222
8 0.5125 0.0111111 0.1375 0.0222222
13 0.53125 0.0111111 0.125 0.0222222
28 0.56875 0.0111111 0.125 0.0222222
2 0.60625 0.0111111 0.125 0.0222222
1 0.63125 0.0111111 0.125 0.0222222
1 0.74375 0.0111111 0.125 0.0222222
1 0.8625 0.0111111 0.1375 0.0222222
1 0.8875 0.0222222 0.1375 0.0444444
28 0.946875 0.0111111 0.10625 0.0222222
1 0.959375 0.0222222 0.08125 0.0444444
25 0.959375 0.0111111 0.08125 0.0222222
30 0.053125 0.0333333 0.10625 0.0666667
65 0.0625 0.0333333 0.1125 0.0666667
1 0.23125 0.0222222 0.125 0.0444444
1 0.25625 0.0333333 0.125 0.0666667
1 0.28125 0.0222222 0.1 0.0444444
1 0.3625 0.0222222 0.2625 0.0444444
13 0.3 0.0222222 0.1125 0.0444444
1 0.3125 0.0333333 0.1125 0.0222222
1 0.3375 0.0444444 0.1125 0.0444444
1 0.35625 0.0444444 0.1 0.0444444
59 0.40625 0.0222222 0.125 0.0444444
3 0.41875 0.0222222 0.125 0.0444444
2 0.43125 0.0222222 0.125 0.0444444
2 0.475 0.0222222 0.0625 0.0444444
2 0.46875 0.0222222 0.05 0.0444444
2 0.48125 0.0222222 0.025 0.0444444
2 0.49375 0.0222222 0.1 0.0444444
15 0.5125 0.0222222 0.0875 0.0444444
13 0.55625 0.0222222 0.075 0.0444444
13 0.55625 0.0333333 0.075 0.0222222
65 0.56875 0.0222222 0.125 0.0444444
64 0.58125 0.0222222 0.125 0.0444444
64 0.61875 0.0222222 0.05 0.0444444
29 0.625 0.0222222 0.0375 0.0444444
43 0.64375 0.0222222 0.05 0.0444444
1 0.65625 0.0222222 0.05 0.0444444
1 0.65 0.0333333 0.0875 0.0222222
43 0.65625 0.0444444 0.1 0.0444444
1 0.78125 0.0333333 0.1 0.0666667
1 0.79375 0.0222222 0.1 0.0444444
1 0.81875 0.0222222 0.1 0.0444444
1 0.83125 0.0222222 0.1 0.0444444
1 0.85625 0.0222222 0.1 0.0444444
1 0.86875 0.0222222 0.1 0.0444444
1 0.89375 0.0333333 0.125 0.0666667
1 0.91875 0.0333333 0.125 0.0666667
3 0.93125 0.0444444 0.125 0.0444444
26 0.975 0.0222222 0.0375 0.0444444
26 0.990625 0.0222222 0.01875 0.0444444
31 0.028125 0.0333333 0.05625 0.0666667
34 0.053125 0.0333333 0.10625 0.0666667
28 0.040625 0.0333333 0.08125 0.0666667
1 0.053125 0.0333333 0.10625 0.0666667
2 0.075 0.0333333 0.1125 0.0666667
2 0.10625 0.0333333 0.125 0.0666667
2 0.13125 0.0333333 0.125 0.0666667
1 0.14375 0.0333333 0.125 0.0666667
1 0.15625 0.0333333 0.125 0.0666667
1 0.175 0.0333333 0.1125 0.0666667
1 0.2125 0.0333333 0.1625 0.0666667
1 0.21875 0.0333333 0.125 0.0666667
1 0.2625 0.0333333 0.1375 0.0666667
1 0.28125 0.0333333 0.1 0.0666667
1 0.3125 0.0333333 0.1625 0.0666667
13 0.325 0.0333333 0.1625 0.0666667
13 0.325 0.0444444 0.1375 0.0444444
1 0.34375 0.0333333 0.125 0.0666667
1 0.38125 0.0444444 0.125 0.0444444
1 0.4 0.0444444 0.1375 0.0888889
1 0.4125 0.0555556 0.1375 0.0666667
1 0.43125 0.0444444 0.125 0.0444444
2 0.48125 0.0333333 0.05 0.0666667
2 0.46875 0.0444444 0.05 0.0444444
2 0.48125 0.0444444 0.025 0.0444444
2 0.49375 0.0333333 0.1 0.0666667
2 0.5125 0.0333333 0.1625 0.0666667
2 0.50625 0.0444444 0.125 0.0444444
13 0.525 0.0333333 0.1375 0.0666667
73 0.53125 0.0444444 0.125 0.0444444
13 0.55625 0.0444444 0.075 0.0444444
28 0.56875 0.0444444 0.125 0.0444444
29 0.58125 0.0444444 0.125 0.0444444
13 0.59375 0.0555556 0.1 0.0666667
43 0.68125 0.0666667 0.1 0.0888889
1 0.7 0.0666667 0.0875 0.0888889
3 0.70625 0.0666667 0.1 0.0888889
3 0.7375 0.0666667 0.1375 0.0888889
1 0.73125 0.0666667 0.1 0.0888889
1 0.75 0.0666667 0.0875 0.0888889
3 0.76875 0.0666667 0.1 0.0888889
3 0.79375 0.0666667 0.1 0.0888889
3 0.81875 0.0666667 0.1 0.0888889
3 0.84375 0.0666667 0.1 0.0888889
1 0.86875 0.0666667 0.1 0.0888889
3 0.9125 0.0555556 0.1125 0.0666667
3 0.9375 0.0555556 0.1125 0.0666667
1 0.946875 0.0666667 0.10625 0.0444444
1 0.975 0.0444444 0.0375 0.0444444
25 0.990625 0.0555556 0.01875 0.0222222
28 0.028125 0.0444444 0.05625 0.0888889
13 0.053125 0.0444444 0.10625 0.0888889
2 0.06875 0.0444444 0.1 0.0888889
2 0.075 0.0555556 0.1125 0.0666667
13 0.075 0.0555556 0.1125 0.0666667
13 0.0875 0.0444444 0.0875 0.0888889
13 0.13125 0.0444444 0.125 0.0888889
2 0.1375 0.0444444 0.1375 0.0888889
2 0.16875 0.0444444 0.1 0.0888889
2 0.2375 0.0444444 0.0375 0.0888889
2 0.2375 0.0444444 0.1125 0.0888889
59 0.25625 0.0444444 0.125 0.0888889
1 0.275 0.0444444 0.1125 0.0888889
2 0.29375 0.0555556 0.1 0.0666667
2 0.31875 0.0555556 0.125 0.0666667
1 0.3375 0.0444444 0.1125 0.0888889
1 0.35625 0.0555556 0.1 0.111111
1 0.38125 0.0555556 0.125 0.111111
1 0.4625 0.0555556 0.0375 0.0666667
1 0.475 0.0444444 0.0375 0.0888889
1 0.49375 0.0666667 0.125 0.0888889
1 0.5 0.0666667 0.0875 0.0888889
1 0.525 0.0444444 0.1125 0.0888889
1 0.55 0.0666667 0.1875 0.0888889
2 0.5875 0.0777778 0.1375 0.111111
29 0.59375 0.0777778 0.075 0.111111
3 0.6 0.0777778 0.0875 0.111111
3 0.63125 0.0777778 0.1 0.111111
1 0.76875 0.0666667 0.1 0.133333
1 0.79375 0.0666667 0.1 0.133333
1 0.81875 0.0666667 0.1 0.133333
1 0.83125 0.0777778 0.1 0.111111
1 0.85625 0.0666667 0.1 0.133333
1 0.91875 0.0555556 0.125 0.111111
1 0.946875 0.0666667 0.10625 0.0888889
8 0.94375 0.0777778 0.1 0.0666667
29 0.959375 0.0666667 0.08125 0.0444444
4 0.021875 0.0888889 0.04375 0.133333
13 0.053125 0.0666667 0.10625 0.0888889
59 0.046875 0.0666667 0.09375 0.0888889
13 0.046875 0.0777778 0.09375 0.111111
2 0.0625 0.0666667 0.0875 0.0888889
2 0.0875 0.0666667 0.0875 0.0888889
13 0.10625 0.0666667 0.1 0.0888889
13 0.13125 0.0666667 0.125 0.0888889
2 0.18125 0.0666667 0.05 0.0888889
2 0.1625 0.0666667 0.1125 0.0888889
13 0.16875 0.0666667 0.1 0.0888889
13 0.2 0.0666667 0.1125 0.0888889
13 0.2125 0.0888889 0.0875 0.0444444
13 0.2375 0.0888889 0.1125 0.0444444
13 0.23125 0.0666667 0.1 0.0888889
13 0.29375 0.0666667 0.05 0.0888889
2 0.29375 0.0666667 0.05 0.0888889
1 0.26875 0.0666667 0.075 0.0888889
1 0.2875 0.0666667 0.1125 0.0888889
2 0.3 0.0666667 0.1125 0.0888889
1 0.3375 0.1 0.1125 0.0222222
1 0.375 0.0888889 0.0625 0.0444444
26 0.39375 0.1 0.125 0.0666667
26 0.49375 0.111111 0.075 0.0444444
2 0.49375 0.111111 0.125 0.0444444
2 0.49375 0.1 0.125 0.0222222
2 0.49375 0.0666667 0.1 0.0888889
24 0.51875 0.0666667 0.125 0.0888889
26 0.54375 0.1 0.025 0.0222222
3 0.55625 0.0777778 0.025 0.111111
29 0.5625 0.0777778 0.1125 0.111111
64 0.56875 0.0777778 0.1 0.111111
1 0.63125 0.0777778 0.1 0.111111
1 0.64375 0.0888889 0.1 0.133333
1 0.66875 0.0888889 0.1 0.133333
1 0.68125 0.0777778 0.1 0.111111
1 0.71875 0.0777778 0.05 0.111111
1 0.70625 0.0777778 0.1 0.111111
1 0.75625 0.0777778 0.05 0.111111
1 0.74375 0.0777778 0.1 0.111111
1 0.78125 0.0777778 0.1 0.111111
1 0.80625 0.0777778 0.1 0.111111
26 0.8375 0.0777778 0.0875 0.111111
64 0.85625 0.0777778 0.1 0.111111
46 0.875 0.0777778 0.0875 0.111111
8 0.94375 0.0777778 0.1 0.111111
1 0.95 0.0888889 0.0875 0.0444444
1 0.028125 0.1 0.05625 0.111111
2 0.053125 0.111111 0.10625 0.0888889
59 0.046875 0.0888889 0.09375 0.0888889
2 0.046875 0.1 0.09375 0.111111
2 0.0625 0.111111 0.0875 0.0444444
2 0.075 0.111111 0.1375 0.0444444
13 0.0875 0.111111 0.1125 0.0444444
13 0.1875 0.111111 0.2625 0.0444444
13 0.13125 0.122222 0.125 0.0666667
13 0.14375 0.133333 0.125 0.0444444
1 0.15625 0.133333 0.1 0.0444444
13 0.1625 0.122222 0.1125 0.0666667
13 0.2 0.133333 0.1625 0.0444444
13 0.225 0.122222 0.1625 0.0666667
1 0.2375 0.122222 0.1375 0.0666667
2 0.25625 0.111111 0.15 0.0444444
2 0.28125 0.0888889 0.15 0.0888889
13 0.3125 0.1 0.1625 0.111111
1 0.325 0.122222 0.1375 0.0666667
1 0.34375 0.133333 0.125 0.0444444
1 0.36875 0.133333 0.15 0.0444444
26 0.3875 0.122222 0.1625 0.0666667
43 0.40625 0.122222 0.175 0.0666667
43 0.4375 0.122222 0.1625 0.0666667
1 0.4625 0.122222 0.1625 0.0666667
29 0.475 0.122222 0.1625 0.0666667
43 0.4875 0.133333 0.1625 0.0444444
1 0.4875 0.133333 0.1375 0.0444444
8 0.49375 0.133333 0.125 0.0444444
29 0.53125 0.133333 0.175 0.0444444
43 0.6 0.122222 0.1625 0.0666667
1 0.58125 0.133333 0.1 0.0444444
1 0.60625 0.1 0.1 0.111111
1 0.61875 0.111111 0.1 0.133333
1 0.63125 0.133333 0.1 0.0888889
1 0.65 0.111111 0.0875 0.133333
1 0.68125 0.133333 0.1 0.0888889
1 0.7 0.122222 0.0875 0.0666667
1 0.75625 0.122222 0.175 0.0666667
1 0.73125 0.133333 0.1 0.0444444
1 0.75625 0.133333 0.1 0.0444444
43 0.78125 0.122222 0.1 0.0666667
1 0.79375 0.122222 0.1 0.0666667
43 0.80625 0.122222 0.1 0.0666667
1 0.940625 0.133333 0.11875 0.0444444
1 0.94375 0.1 0.1 0.111111
1 0.95 0.111111 0.0875 0.0444444
1 0.028125 0.122222 0.05625 0.111111
