43 0.028125 0 0.05625 0
1 0.078125 0 0.15625 0
37 0.065625 0.0222222 0.13125 0.0444444
1 0.1625 0 0.1875 0
1 0.115625 0.0222222 0.23125 0.0444444
30 0.121875 0 0.24375 0
10 0.134375 0 0.26875 0
1 0.153125 0 0.30625 0
1 0.2875 0 0.1375 0
1 0.23125 0 0.325 0
44 0.2625 0 0.3125 0
44 0.30625 0.0222222 0.325 0.0444444
34 0.946875 0.0222222 0.10625 0.0444444
4 0.953125 0.0222222 0.09375 0.0444444
44 0.953125 0.0111111 0.09375 0.0222222
43 0.084375 0.0333333 0.16875 0.0666667
43 0.1625 0.0333333 0.1625 0.0666667
43 0.128125 0.0333333 0.25625 0.0666667
34 0.953125 0.0333333 0.09375 0.0666667
44 0.984375 0.0222222 0.03125 0.0444444
34 0.084375 0.0333333 0.16875 0.0666667
43 0.1125 0.0333333 0.1625 0.0666667
44 0.1 0.0444444 0.1875 0.0888889
43 0.11875 0.0444444 0.2 0.0888889
29 0.14375 0.0444444 0.2 0.0444444
29 0.15625 0.0555556 0.2 0.0666667
29 0.16875 0.0444444 0.2 0.0888889
29 0.146875 0.0333333 0.29375 0.0666667
44 0.153125 0.0333333 0.30625 0.0666667
43 0.19375 0.0333333 0.325 0.0666667
44 0.36875 0.0444444 0.2 0.0888889
44 0.39375 0.0333333 0.2 0.0666667
43 0.71875 0.0333333 0.05 0.0666667
29 0.953125 0.0333333 0.09375 0.0666667
4 0.959375 0.0444444 0.08125 0.0888889
44 0.15 0.0444444 0.1625 0.0888889
44 0.134375 0.0555556 0.26875 0.0666667
44 0.1875 0.0555556 0.1625 0.0666667
1 0.48125 0.0555556 0.125 0.111111
1 0.50625 0.0777778 0.175 0.0666667
1 0.48125 0.0666667 0.05 0.0444444
1 0.49375 0.0444444 0.05 0.0444444
44 0.59375 0.0444444 0.15 0.0888889
79 0.6375 0.0555556 0.2125 0.0222222
79 0.6125 0.0555556 0.1375 0.0222222
43 0.6625 0.0666667 0.1375 0.0444444
43 0.675 0.0333333 0.1375 0.0666667
43 0.7125 0.0555556 0.0875 0.0222222
34 0.74375 0.0555556 0.05 0.0222222
34 0.75625 0.0666667 0.075 0.0444444
43 0.725 0.0666667 0.1625 0.0444444
43 0.75625 0.0666667 0.325 0.0444444
43 0.84375 0.0666667 0.15 0.0444444
44 0.81875 0.0777778 0.225 0.0666667
44 0.825 0.0555556 0.2625 0.0222222
44 0.86875 0.0333333 0.25 0.0666667
44 0.921875 0.0333333 0.15625 0.0666667
44 0.946875 0.0444444 0.10625 0.0888889
9 0.959375 0.0333333 0.08125 0.0666667
9 0.9625 0.0444444 0.0625 0.0444444
43 0.18125 0.0666667 0.15 0.0444444
43 0.21875 0.0777778 0.125 0.0222222
44 0.23125 0.0777778 0.125 0.0222222
43 0.39375 0.0888889 0.15 0.0444444
43 0.4125 0.0777778 0.1625 0.0666667
42 0.41875 0.0777778 0.15 0.0222222
43 0.4375 0.0777778 0.1625 0.0222222
44 0.36875 0.0888889 0.325 0.0444444
44 0.45 0.0888889 0.1375 0.0444444
6 0.4875 0.0888889 0.1375 0.0888889
1 0.5125 0.1 0.1625 0.0666667
43 0.525 0.0777778 0.1375 0.0222222
44 0.55 0.0777778 0.1625 0.0222222
42 0.6 0.0777778 0.1625 0.0222222
1 0.59375 0.0777778 0.125 0.0222222
44 0.56875 0.0777778 0.05 0.0222222
76 0.625 0.0777778 0.0375 0.0222222
43 0.71875 0.0777778 0.175 0.0666667
79 0.71875 0.0777778 0.05 0.0666667
44 0.75625 0.0666667 0.075 0.0444444
43 0.76875 0.0666667 0.1 0.0444444
43 0.80625 0.0888889 0.075 0.0444444
43 0.8125 0.0777778 0.0875 0.0222222
1 0.978125 0.0666667 0.04375 0.0444444
76 0.971875 0.0666667 0.05625 0.0444444
42 0.021875 0.0888889 0.04375 0.0888889
1 0.075 0.1 0.1125 0.111111
43 0.125 0.1 0.1375 0.0222222
44 0.096875 0.1 0.19375 0.0222222
43 0.096875 0.1 0.19375 0.0222222
42 0.1375 0.1 0.1375 0.0222222
43 0.2125 0.1 0.1875 0.0222222
42 0.18125 0.111111 0.125 0.0444444
16 0.1625 0.111111 0.0875 0.0444444
1 0.2125 0.111111 0.1125 0.0444444
1 0.2375 0.1 0.1125 0.0222222
43 0.25 0.1 0.1125 0.0222222
42 0.2375 0.0888889 0.1375 0.0444444
42 0.2 0.0888889 0.3125 0.0444444
29 0.20625 0.1 0.3 0.0666667
1 0.3125 0.1 0.1625 0.0222222
1 0.3125 0.0888889 0.1625 0.0444444
44 0.25 0.0888889 0.3125 0.0444444
44 0.3625 0.1 0.1625 0.0666667
43 0.325 0.0888889 0.3125 0.0444444
42 0.425 0.1 0.1625 0.0222222
44 0.3625 0.1 0.3125 0.0666667
44 0.4375 0.1 0.1375 0.0666667
43 0.41875 0.111111 0.275 0.0888889
43 0.5 0.122222 0.1625 0.0666667
43 0.4375 0.1 0.3125 0.0666667
42 0.44375 0.1 0.3 0.0666667
44 0.54375 0.1 0.15 0.0222222
44 0.475 0.111111 0.3125 0.0444444
44 0.4875 0.122222 0.3125 0.0666667
44 0.56875 0.122222 0.15 0.0666667
42 0.58125 0.122222 0.175 0.0666667
1 0.58125 0.122222 0.15 0.0666667
43 0.6375 0.1 0.1375 0.0222222
43 0.5375 0.122222 0.2875 0.0666667
43 0.59375 0.122222 0.1 0.0666667
1 0.625 0.111111 0.0625 0.0444444
1 0.6375 0.1 0.0625 0.0666667
1 0.7125 0.0777778 0.0625 0.0666667
1 0.74375 0.0777778 0.05 0.0666667
1 0.75625 0.0777778 0.05 0.0666667
1 0.75625 0.0777778 0.075 0.0666667
1 0.775 0.0777778 0.0625 0.0666667
1 0.8 0.0888889 0.0625 0.0444444
1 0.8 0.1 0.0625 0.0666667
1 0.8125 0.1 0.0625 0.0666667
1 0.81875 0.0888889 0.075 0.0444444
1 0.8375 0.0888889 0.0875 0.0444444
43 0.8625 0.0888889 0.1125 0.0444444
1 0.91875 0.111111 0.15 0.0888889
1 0.90625 0.0888889 0.075 0.0444444
43 0.90625 0.1 0.075 0.0666667
43 0.953125 0.1 0.09375 0.0666667
43 0.9375 0.0888889 0.0875 0.0888889
43 0.946875 0.111111 0.10625 0.0444444
1 0.9125 0.111111 0.1625 0.0444444
1 0.978125 0.0888889 0.04375 0.0444444
43 0.021875 0.122222 0.04375 0.0666667
1 0.065625 0.122222 0.13125 0.0666667
44 0.103125 0.122222 0.20625 0.0666667
38 0.15625 0.122222 0.1 0.0666667
12 0.21875 0.111111 0.275 0.0444444
1 0.3125 0.122222 0.1625 0.0666667
44 0.34375 0.122222 0.275 0.0666667
43 0.43125 0.122222 0.15 0.0666667
44 0.4375 0.122222 0.1375 0.0666667
44 0.51875 0.133333 0.15 0.0888889
43 0.54375 0.133333 0.15 0.0888889
44 0.55625 0.133333 0.15 0.0888889
2 0.5625 0.133333 0.1625 0.0444444
1 0.60625 0.133333 0.1 0.0444444
1 0.625 0.111111 0.0625 0.0888889
1 0.61875 0.1 0.075 0.0666667
1 0.65625 0.1 0.075 0.0666667
9 0.70625 0.1 0.125 0.0666667
28 0.934375 0.122222 0.13125 0.0666667
28 0.9375 0.122222 0.0875 0.0666667
43 0.946875 0.122222 0.10625 0.0666667
1 0.971875 0.111111 0.05625 0.0444444
43 0.034375 0.133333 0.06875 0.0444444
1 0.0625 0.144444 0.0375 0.0222222
1 0.175 0.133333 0.0625 0.0444444
15 0.2625 0.122222 0.0875 0.0666667
1 0.31875 0.111111 0.175 0.0888889
16 0.33125 0.111111 0.175 0.0888889
44 0.43125 0.155556 0.15 0.0444444
44 0.3625 0.144444 0.2875 0.0666667
44 0.4375 0.144444 0.1375 0.0666667
44 0.4625 0.155556 0.3125 0.0888889
43 0.54375 0.166667 0.15 0.0666667
44 0.5875 0.155556 0.1375 0.0888889
12 0.575 0.133333 0.2125 0.0888889
6 0.5625 0.144444 0.1625 0.0666667
6 0.60625 0.155556 0.075 0.0888889
62 0.75625 0.155556 0.1 0.0444444
62 0.76875 0.133333 0.075 0.0444444
62 0.775 0.144444 0.0875 0.0666667
62 0.79375 0.144444 0.1 0.0666667
62 0.8 0.144444 0.0625 0.0666667
69 0.8375 0.144444 0.1375 0.0666667
72 0.85 0.144444 0.1375 0.0666667
1 0.9625 0.155556 0.0625 0.0444444
1 0.978125 0.133333 0.04375 0.0444444
1 0.978125 0.1 0.04375 0.0666667
1 0.05 0.144444 0.0375 0.0222222
0 0.0625 0.155556 0.0375 0.0444444
1 0.0875 0.155556 0.0625 0.0444444
1 0.09375 0.144444 0.05 0.0222222
1 0.08125 0.155556 0.125 0.0444444
1 0.16875 0.144444 0.125 0.0222222
1 0.175 0.166667 0.0625 0.0666667
1 0.16875 0.155556 0.05 0.0444444
1 0.13125 0.155556 0.15 0.0444444
1 0.2 0.155556 0.0625 0.0444444
1 0.23125 0.155556 0.1 0.0444444
1 0.225 0.155556 0.0625 0.0444444
15 0.23125 0.133333 0.05 0.0888889
15 0.2625 0.144444 0.0875 0.0666667
13 0.275 0.133333 0.0875 0.0888889
16 0.325 0.144444 0.1625 0.0666667
57 0.33125 0.144444 0.15 0.0666667
60 0.3625 0.122222 0.1375 0.111111
60 0.4125 0.155556 0.1375 0.0444444
54 0.425 0.155556 0.1375 0.0444444
43 0.49375 0.166667 0.325 0.0666667
44 0.5375 0.166667 0.0625 0.0666667
44 0.55 0.166667 0.2125 0.0666667
69 0.65625 0.177778 0.25 0.0888889
62 0.70625 0.166667 0.175 0.0666667
1 0.70625 0.166667 0.15 0.0666667
1 0.69375 0.155556 0.1 0.0444444
1 0.7375 0.166667 0.0875 0.0222222
1 0.70625 0.155556 0.2 0.0444444
1 0.7625 0.166667 0.0875 0.0222222
37 0.79375 0.166667 0.075 0.0222222
1 0.79375 0.166667 0.1 0.0222222
1 0.76875 0.144444 0.175 0.0666667
1 0.8375 0.144444 0.0625 0.0666667
1 0.975 0.155556 0.0375 0.0444444
1 0.978125 0.0888889 0.04375 0.177778
42 0.021875 0.188889 0.04375 0.0666667
1 0.028125 0.166667 0.05625 0.0666667
1 0.05625 0.166667 0.025 0.0666667
16 0.125 0.155556 0.1625 0.0444444
1 0.13125 0.166667 0.15 0.0666667
1 0.09375 0.166667 0.05 0.0666667
1 0.0875 0.166667 0.1125 0.0666667
1 0.175 0.166667 0.1375 0.0666667
1 0.15625 0.166667 0.05 0.0666667
1 0.175 0.177778 0.0625 0.0444444
1 0.1875 0.177778 0.0625 0.0444444
1 0.20625 0.177778 0.075 0.0444444
57 0.25 0.166667 0.0875 0.0666667
6 0.2625 0.166667 0.0875 0.0666667
57 0.30625 0.155556 0.15 0.0888889
16 0.3125 0.144444 0.1375 0.111111
16 0.3 0.133333 0.0875 0.0888889
16 0.3 0.177778 0.0625 0.0888889
77 0.30625 0.166667 0.05 0.0666667
16 0.3375 0.177778 0.0375 0.0444444
15 0.35 0.177778 0.0375 0.0444444
16 0.425 0.177778 0.1375 0.0444444
20 0.4375 0.177778 0.1125 0.0444444
1 0.43125 0.177778 0.05 0.0444444
27 0.65 0.177778 0.1875 0.0888889
1 0.70625 0.166667 0.075 0.0666667
1 0.75625 0.177778 0.05 0.0444444
1 0.70625 0.177778 0.2 0.0444444
1 0.78125 0.177778 0.1 0.0444444
1 0.825 0.177778 0.1625 0.0444444
1 0.8375 0.166667 0.1375 0.0222222
1 0.76875 0.177778 0.175 0.0444444
1 0.83125 0.177778 0.075 0.0444444
1 0.91875 0.177778 0.1 0.0444444
1 0.89375 0.166667 0.05 0.0222222
1 0.8625 0.166667 0.1125 0.0222222
1 0.959375 0.177778 0.08125 0.0444444
13 0.9125 0.177778 0.1625 0.0444444
17 0.96875 0.177778 0.05 0.0444444
1 0.975 0.166667 0.0375 0.0222222
43 0.021875 0.211111 0.04375 0.0666667
25 0.028125 0.166667 0.05625 0.333333
25 0.05 0.211111 0.0125 0.0222222
28 0.08125 0.2 0.05 0.0444444
28 0.1 0.2 0.0875 0.0444444
28 0.21875 0.211111 0.075 0.0222222
9 0.24375 0.177778 0.075 0.0888889
1 0.2625 0.177778 0.0875 0.0888889
15 0.275 0.188889 0.0875 0.0666667
1 0.3125 0.188889 0.1375 0.0666667
1 0.30625 0.144444 0.075 0.155556
0 0.30625 0.177778 0.025 0.0888889
16 0.31875 0.177778 0 0.0888889
1 0.34375 0.188889 0.05 0.0666667
1 0.35 0.2 0.0125 0.0444444
1 0.3625 0.2 0.0125 0.0444444
43 0.4875 0.211111 0.1375 0.0222222
1 0.5 0.211111 0.1125 0.0222222
1 0.48125 0.211111 0.075 0.0222222
1 0.5375 0.211111 0.1125 0.0222222
1 0.51875 0.211111 0.05 0.0222222
44 0.69375 0.2 0.05 0.0888889
1 0.7 0.2 0.0625 0.0888889
1 0.70625 0.211111 0.075 0.111111
1 0.7375 0.211111 0.0875 0.111111
1 0.76875 0.188889 0.075 0.0666667
1 0.8125 0.188889 0.1625 0.0666667
1 0.85625 0.2 0.125 0.0888889
1 0.85625 0.177778 0.075 0.0444444
1 0.89375 0.188889 0.1 0.0222222
1 0.8875 0.188889 0.0375 0.0222222
69 0.953125 0.2 0.09375 0.0444444
62 0.959375 0.2 0.08125 0.0444444
62 0.9375 0.2 0.0375 0.0444444
13 0.89375 0.2 0.15 0.0444444
