25 0.2125 0.0111111 0.1125 0.0222222
25 0.25 0.0111111 0.1875 0.0222222
21 0.2625 0 0.0375 0
11 0.3625 0.0222222 0.1125 0.0444444
11 0.4 0.0222222 0.1875 0.0444444
11 0.425 0.0222222 0.1125 0.0444444
11 0.45 0.0222222 0.1125 0.0444444
6 0.68125 0.0222222 0.1 0.0444444
6 0.73125 0.0222222 0.1 0.0444444
6 0.78125 0.0222222 0.175 0.0444444
6 0.81875 0.0222222 0.175 0.0444444
2 0.84375 0.0222222 0.175 0.0444444
6 0.88125 0.0222222 0.175 0.0444444
6 0.915625 0.0111111 0.16875 0.0222222
6 0.928125 0.0222222 0.14375 0.0444444
6 0.959375 0.0111111 0.08125 0.0222222
25 0.953125 0.0222222 0.09375 0.0444444
11 0.953125 0.0111111 0.09375 0.0222222
11 0.984375 0 0.03125 0
11 0.021875 0.0222222 0.04375 0.0444444
9 0.021875 0.0111111 0.04375 0.0222222
11 0.071875 0.0222222 0.14375 0.0444444
11 0.1 0.0222222 0.1125 0.0444444
11 0.15 0.0333333 0.1625 0.0666667
23 0.15625 0.0333333 0.175 0.0666667
29 0.21875 0.0222222 0.125 0.0444444
29 0.225 0.0333333 0.1125 0.0666667
29 0.23125 0.0333333 0.175 0.0666667
21 0.24375 0.0222222 0.05 0.0444444
21 0.25 0.0222222 0.0625 0.0444444
11 0.3125 0.0333333 0.1625 0.0666667
11 0.35625 0.0222222 0.175 0.0444444
11 0.40625 0.0222222 0.175 0.0444444
11 0.3875 0.0222222 0.1125 0.0444444
11 0.425 0.0222222 0.0875 0.0444444
9 0.425 0.0333333 0.0875 0.0666667
9 0.44375 0.0333333 0.1 0.0666667
9 0.4625 0.0333333 0.0875 0.0666667
6 0.5125 0.0333333 0.1625 0.0666667
11 0.55625 0.0333333 0.125 0.0666667
11 0.5875 0.0333333 0.1125 0.0666667
11 0.6 0.0222222 0.1125 0.0444444
9 0.61875 0.0222222 0.1 0.0444444
11 0.63125 0.0333333 0.1 0.0666667
9 0.64375 0.0333333 0.1 0.0666667
9 0.65625 0.0333333 0.1 0.0666667
9 0.7 0.0333333 0.1625 0.0666667
6 0.7125 0.0333333 0.1625 0.0666667
6 0.68125 0.0333333 0.1 0.0666667
6 0.71875 0.0333333 0.05 0.0666667
6 0.7625 0.0333333 0.1375 0.0666667
6 0.79375 0.0333333 0.175 0.0666667
6 0.83125 0.0333333 0.175 0.0666667
65 0.86875 0.0333333 0.175 0.0666667
65 0.90625 0.0222222 0.175 0.0444444
65 0.928125 0.0222222 0.14375 0.0444444
65 0.9375 0.0222222 0.1125 0.0444444
8 0.021875 0.0222222 0.04375 0.0444444
11 0.01875 0.0222222 0.025 0.0444444
11 0.19375 0.0333333 0.175 0.0666667
29 0.21875 0.0333333 0.175 0.0666667
21 0.20625 0.0333333 0.1 0.0666667
6 0.2375 0.0222222 0.0375 0.0444444
21 0.25 0.0333333 0.0625 0.0666667
11 0.29375 0.0333333 0.15 0.0666667
11 0.45 0.0444444 0.1375 0.0444444
43 0.953125 0.0333333 0.09375 0.0666667
11 0.015625 0.0444444 0.03125 0.0444444
11 0.18125 0.0666667 0.175 0.0444444
21 0.24375 0.0666667 0.175 0.0444444
21 0.28125 0.0666667 0.125 0.0444444
6 0.58125 0.0777778 0.175 0.0666667
6 0.6375 0.0777778 0.1625 0.0666667
6 0.675 0.0777778 0.1625 0.0666667
6 0.7 0.0666667 0.1625 0.0444444
6 0.7625 0.0777778 0.1625 0.0666667
20 0.053125 0.0666667 0.10625 0.0444444
11 0.015625 0.0666667 0.03125 0.0444444
10 0.0375 0.0555556 0.0375 0.0666667
21 0.16875 0.0666667 0.175 0.0444444
47 0.175 0.0666667 0.0375 0.0444444
10 0.1875 0.0777778 0.0375 0.0666667
23 0.26875 0.0777778 0.05 0.0666667
6 0.34375 0.0777778 0.175 0.0666667
6 0.60625 0.0666667 0.125 0.0888889
6 0.70625 0.0777778 0.125 0.0666667
18 0.053125 0.0777778 0.10625 0.0666667
19 0.015625 0.0888889 0.03125 0.0444444
21 0.0375 0.0888889 0.0375 0.0888889
6 0.0375 0.0777778 0.0375 0.0666667
6 0.60625 0.122222 0.125 0.0666667
6 0.63125 0.122222 0.125 0.0666667
49 0.90625 0.0888889 0.1 0.0444444
19 0.053125 0.111111 0.10625 0.0888889
19 0.021875 0.122222 0.04375 0.0666667
9 0.0375 0.111111 0.0375 0.0444444
6 0.48125 0.122222 0.1 0.0666667
6 0.49375 0.133333 0.1 0.0888889
6 0.54375 0.133333 0.05 0.0888889
4 0.59375 0.133333 0.125 0.0888889
4 0.625 0.133333 0.1625 0.0888889
25 0.85 0.122222 0.0875 0.0666667
25 0.90625 0.1 0.1 0.0666667
19 0.053125 0.144444 0.10625 0.0666667
20 0.015625 0.144444 0.03125 0.0666667
23 0.028125 0.144444 0.05625 0.0666667
9 0.0375 0.133333 0.0375 0.0444444
19 0.015625 0.155556 0.03125 0.0444444
19 0.028125 0.155556 0.05625 0.0888889
9 0.0375 0.155556 0.0375 0.0444444
25 0.9 0.155556 0.0875 0.0444444
19 0.053125 0.177778 0.10625 0.0888889
19 0.015625 0.188889 0.03125 0.0666667
23 0.028125 0.2 0.05625 0.0888889
9 0.0375 0.166667 0.0375 0.0666667
6 0.2 0.155556 0.0625 0.0888889
8 0.2375 0.2 0.1125 0.0444444
19 0.053125 0.211111 0.10625 0.0666667
20 0.021875 0.211111 0.04375 0.0666667
23 0.021875 0.222222 0.04375 0.0888889
9 0.05 0.2 0.0125 0.0444444
25 0.16875 0.188889 0.175 0.0666667
8 0.2 0.2 0.0625 0.0444444
6 0.20625 0.188889 0.05 0.0666667
6 0.25625 0.188889 0.175 0.0666667
6 0.24375 0.2 0.1 0.0444444
25 0.9 0.2 0.0875 0.0444444
25 0.94375 0.2 0.025 0.0444444
18 0.053125 0.222222 0.10625 0.0888889
19 0.021875 0.233333 0.04375 0.0666667
20 0.021875 0.244444 0.04375 0.0888889
5 0.0375 0.222222 0.0375 0.0444444
44 0.1875 0.233333 0.0625 0.0222222
44 0.2 0.244444 0.0625 0.0444444
44 0.23125 0.244444 0.125 0.0444444
44 0.94375 0.211111 0.025 0.0666667
18 0.053125 0.255556 0.10625 0.0666667
19 0.015625 0.255556 0.03125 0.0666667
21 0.021875 0.266667 0.04375 0.0888889
6 0.0375 0.244444 0.0375 0.0444444
18 0.053125 0.277778 0.10625 0.0666667
19 0.021875 0.277778 0.04375 0.0666667
9 0.0375 0.266667 0.0375 0.0444444
19 0.015625 0.3 0.03125 0.0666667
7 0.0375 0.288889 0.0375 0.0444444
18 0.053125 0.3 0.10625 0.0666667
19 0.015625 0.311111 0.03125 0.0444444
19 0.028125 0.311111 0.05625 0.0888889
9 0.0375 0.311111 0.0375 0.0444444
6 0.41875 0.311111 0.1 0.0444444
4 0.43125 0.322222 0.1 0.0666667
2 0.45 0.322222 0.0875 0.0666667
4 0.4625 0.322222 0.0875 0.0666667
18 0.053125 0.322222 0.10625 0.111111
19 0.015625 0.333333 0.03125 0.0444444
19 0.0375 0.333333 0.0375 0.0444444
6 0.45625 0.344444 0.05 0.0666667
6 0.46875 0.355556 0.05 0.0444444
19 0.053125 0.366667 0.10625 0.0666667
19 0.01875 0.366667 0.025 0.0666667
21 0.021875 0.366667 0.04375 0.111111
9 0.0375 0.355556 0.0375 0.0444444
4 0.45625 0.366667 0.05 0.0666667
6 0.46875 0.366667 0.05 0.0666667
21 0.015625 0.388889 0.03125 0.0666667
21 0.021875 0.4 0.04375 0.0888889
6 0.3375 0.366667 0.0875 0.111111
6 0.36875 0.377778 0.05 0.0888889
4 0.44375 0.4 0.175 0.0888889
6 0.45625 0.4 0.175 0.0888889
4 0.45625 0.388889 0.05 0.0666667
19 0.015625 0.411111 0.03125 0.0666667
9 0.015625 0.411111 0.03125 0.0666667
6 0.34375 0.411111 0.05 0.0666667
6 0.35625 0.4 0.05 0.0888889
6 0.44375 0.411111 0.175 0.0666667
8 0.021875 0.422222 0.04375 0.0888889
9 0.015625 0.422222 0.03125 0.0444444
9 0.015625 0.444444 0.03125 0.0888889
25 0.73125 0.444444 0.075 0.0444444
11 0.021875 0.477778 0.04375 0.0666667
21 0.43125 0.477778 0.025 0.0666667
25 0.475 0.477778 0.0375 0.0666667
25 0.53125 0.488889 0.125 0.0444444
25 0.6875 0.466667 0.0875 0.0444444
25 0.7125 0.466667 0.0875 0.0444444
17 0.73125 0.466667 0.075 0.0444444
17 0.74375 0.455556 0.075 0.0666667
25 0.75625 0.455556 0.075 0.0666667
14 0.3875 0.5 0.1125 0.0666667
11 0.36875 0.5 0.05 0.0666667
21 0.44375 0.488889 0.025 0.0888889
21 0.45625 0.488889 0.025 0.0888889
23 0.46875 0.488889 0.025 0.0888889
23 0.48125 0.488889 0.025 0.0888889
23 0.53125 0.5 0.125 0.0666667
23 0.50625 0.5 0.05 0.0666667
19 0.50625 0.488889 0.1 0.0444444
19 0.54375 0.5 0.05 0.0666667
23 0.55625 0.5 0.025 0.0666667
23 0.5625 0.5 0.0375 0.0666667
25 0.66875 0.488889 0.075 0.0444444
4 0.66875 0.488889 0.075 0.0444444
4 0.69375 0.488889 0.075 0.0444444
19 0.7 0.488889 0.0875 0.0444444
25 0.7125 0.488889 0.0875 0.0444444
19 0.71875 0.488889 0.075 0.0444444
17 0.75 0.488889 0.0625 0.0444444
23 0.75625 0.488889 0.075 0.0444444
11 0.015625 0.511111 0.03125 0.0444444
19 0.36875 0.511111 0.15 0.0888889
19 0.38125 0.522222 0.125 0.0666667
11 0.39375 0.522222 0.125 0.0666667
4 0.3625 0.522222 0.0625 0.0666667
20 0.425 0.5 0.0375 0.0666667
20 0.4375 0.5 0.0375 0.0666667
23 0.45625 0.5 0.025 0.0666667
19 0.49375 0.5 0.05 0.0666667
19 0.5 0.511111 0.0375 0.0888889
19 0.4875 0.511111 0.0875 0.0888889
19 0.51875 0.522222 0.05 0.0666667
2 0.5375 0.522222 0.0375 0.0666667
2 0.55 0.511111 0.0375 0.0444444
2 0.56875 0.5 0.025 0.0666667
2 0.61875 0.511111 0.125 0.0888889
11 0.63125 0.522222 0.125 0.0666667
11 0.6125 0.522222 0.0625 0.0666667
8 0.69375 0.511111 0.125 0.0444444
25 0.6625 0.511111 0.0375 0.0444444
25 0.675 0.511111 0.0375 0.0444444
6 0.68125 0.511111 0.025 0.0444444
2 0.69375 0.511111 0.025 0.0444444
2 0.71875 0.511111 0.025 0.0444444
2 0.74375 0.511111 0.025 0.0444444
19 0.75625 0.511111 0.025 0.0444444
2 0.75 0.511111 0.0625 0.0444444
23 0.78125 0.511111 0.025 0.0444444
11 0.015625 0.533333 0.03125 0.0444444
22 0.3625 0.555556 0.1625 0.0444444
11 0.3625 0.555556 0.1625 0.0444444
11 0.35625 0.544444 0.05 0.0666667
25 0.4125 0.544444 0.0375 0.0666667
23 0.425 0.522222 0.0375 0.111111
23 0.4375 0.522222 0.0375 0.111111
23 0.45 0.511111 0.0375 0.0888889
23 0.4375 0.522222 0.0875 0.111111
23 0.475 0.511111 0.0375 0.0888889
25 0.4875 0.533333 0.0375 0.0888889
25 0.5 0.522222 0.0375 0.0666667
25 0.5125 0.533333 0.0375 0.0888889
25 0.66875 0.533333 0.025 0.0444444
6 0.6875 0.544444 0.0125 0.0222222
2 0.69375 0.544444 0.025 0.0222222
6 0.70625 0.533333 0.025 0.0444444
2 0.71875 0.533333 0.025 0.0444444
2 0.73125 0.533333 0.025 0.0444444
2 0.7375 0.533333 0.0375 0.0444444
2 0.75 0.533333 0.0375 0.0444444
2 0.76875 0.533333 0.025 0.0444444
2 0.78125 0.533333 0.025 0.0444444
7 0.7875 0.522222 0.0125 0.0666667
8 0.015625 0.555556 0.03125 0.0444444
6 0.35625 0.555556 0.075 0.0888889
25 0.375 0.555556 0.0875 0.0888889
23 0.40625 0.566667 0.05 0.0666667
23 0.425 0.566667 0.0375 0.0666667
23 0.4375 0.566667 0.0375 0.0666667
23 0.425 0.555556 0.0875 0.0888889
23 0.43125 0.544444 0.075 0.0666667
23 0.475 0.555556 0.0375 0.0444444
23 0.4875 0.555556 0.0375 0.0444444
25 0.5 0.544444 0.0375 0.0666667
25 0.4875 0.555556 0.0875 0.0444444
25 0.6625 0.555556 0.0875 0.0444444
25 0.7 0.544444 0.0375 0.0222222
21 0.71875 0.544444 0.025 0.0222222
19 0.725 0.544444 0.0375 0.0222222
2 0.74375 0.544444 0.025 0.0222222
2 0.75 0.544444 0.0375 0.0222222
19 0.7625 0.533333 0.0125 0.0444444
2 0.75625 0.544444 0.075 0.0666667
19 0.78125 0.544444 0.025 0.0666667
21 0.053125 0.577778 0.10625 0.0888889
11 0.015625 0.577778 0.03125 0.0444444
11 0.31875 0.577778 0.025 0.0444444
11 0.325 0.588889 0.0625 0.0666667
11 0.34375 0.588889 0.05 0.0666667
23 0.425 0.577778 0.0875 0.0888889
25 0.6875 0.566667 0.0875 0.0666667
25 0.725 0.566667 0.0375 0.0666667
19 0.74375 0.577778 0.025 0.0444444
2 0.7625 0.577778 0.0125 0.0444444
19 0.76875 0.577778 0.025 0.0444444
19 0.75 0.566667 0.0625 0.0666667
19 0.053125 0.588889 0.10625 0.0666667
25 0.375 0.588889 0.0875 0.0666667
19 0.40625 0.588889 0.05 0.0666667
19 0.425 0.588889 0.0375 0.0666667
19 0.43125 0.588889 0.025 0.0666667
25 0.45 0.611111 0.0875 0.0222222
