9 0.015625 0.0111111 0.03125 0.0222222
25 0.0875 0.0111111 0.1625 0.0222222
25 0.125 0.0111111 0.1375 0.0222222
25 0.1375 0 0.1125 0
6 0.125 0 0.0625 0
6 0.175 0 0.1375 0
53 0.18125 0.0111111 0.125 0.0222222
25 0.19375 0.0111111 0.075 0.0222222
25 0.26875 0.0111111 0.15 0.0222222
25 0.275 0.0111111 0.0875 0.0222222
43 0.3 0.0111111 0.1125 0.0222222
43 0.325 0.0111111 0.1125 0.0222222
43 0.35 0.0111111 0.0875 0.0222222
43 0.375 0.0111111 0.0875 0.0222222
6 0.3875 0.0111111 0.1125 0.0222222
11 0.4 0.0111111 0.1125 0.0222222
21 0.4125 0.0111111 0.1125 0.0222222
43 0.5125 0.0111111 0.1125 0.0222222
25 0.525 0.0111111 0.1125 0.0222222
43 0.71875 0.0222222 0.1 0.0444444
26 0.934375 0.0111111 0.13125 0.0222222
8 0.934375 0.0111111 0.13125 0.0222222
25 0.93125 0.0111111 0.075 0.0222222
4 0.953125 0.0111111 0.09375 0.0222222
4 0.959375 0 0.08125 0
4 0.9625 0 0.0375 0
4 0.9375 0 0.1125 0
25 0.13125 0.0111111 0.125 0.0222222
60 0.1375 0.0333333 0.1375 0.0666667
55 0.11875 0.0333333 0.075 0.0666667
21 0.15625 0.0111111 0.15 0.0222222
20 0.16875 0.0111111 0.15 0.0222222
20 0.175 0.0111111 0.1375 0.0222222
21 0.2 0.0111111 0.1375 0.0222222
20 0.21875 0.0111111 0.125 0.0222222
21 0.225 0.0111111 0.1375 0.0222222
21 0.2375 0.0111111 0.1375 0.0222222
25 0.25625 0.0111111 0.15 0.0222222
60 0.28125 0.0111111 0.15 0.0222222
2 0.4 0.0111111 0.1125 0.0222222
11 0.44375 0.0111111 0.175 0.0222222
11 0.5 0.0111111 0.1125 0.0222222
11 0.5375 0.0111111 0.1625 0.0222222
11 0.56875 0.0111111 0.15 0.0222222
11 0.59375 0.0222222 0.1 0.0444444
11 0.6125 0.0222222 0.1125 0.0444444
8 0.6375 0.0222222 0.1125 0.0444444
11 0.6625 0.0111111 0.1125 0.0222222
11 0.9 0.0333333 0.1625 0.0666667
4 0.93125 0.0111111 0.075 0.0222222
29 0.953125 0.0111111 0.09375 0.0222222
4 0.959375 0.0111111 0.08125 0.0222222
4 0.959375 0.0333333 0.08125 0.0666667
1 0.96875 0.0333333 0.05 0.0666667
11 0.021875 0.0333333 0.04375 0.0666667
25 0.1 0.0333333 0.1875 0.0666667
25 0.13125 0.0333333 0.15 0.0666667
25 0.16875 0.0444444 0.15 0.0444444
25 0.20625 0.0444444 0.15 0.0444444
25 0.225 0.0333333 0.1375 0.0222222
25 0.24375 0.0333333 0.15 0.0666667
21 0.25625 0.0333333 0.15 0.0666667
22 0.30625 0.0444444 0.15 0.0444444
17 0.35625 0.0333333 0.125 0.0666667
4 0.940625 0.0444444 0.11875 0.0444444
4 0.95 0.0333333 0.0875 0.0666667
4 0.96875 0.0333333 0.05 0.0666667
1 0.975 0.0444444 0.0375 0.0444444
8 0.021875 0.0444444 0.04375 0.0888889
8 0.015625 0.0555556 0.03125 0.0666667
25 0.125 0.0555556 0.1375 0.111111
49 0.13125 0.0666667 0.15 0.0888889
21 0.1375 0.0666667 0.1375 0.0888889
21 0.1625 0.0666667 0.1375 0.0888889
21 0.175 0.0777778 0.1375 0.0666667
21 0.2 0.0777778 0.1375 0.0666667
21 0.21875 0.0666667 0.15 0.0444444
21 0.23125 0.0777778 0.15 0.0666667
21 0.25 0.0666667 0.1625 0.0444444
55 0.2875 0.0666667 0.1375 0.0444444
55 0.3125 0.0666667 0.1375 0.0444444
51 0.375 0.0666667 0.1375 0.0444444
55 0.50625 0.0666667 0.075 0.0444444
21 0.55 0.0555556 0.0625 0.0666667
21 0.575 0.0444444 0.0375 0.0444444
3 0.5875 0.0444444 0.0375 0.0444444
16 0.60625 0.0555556 0.05 0.0222222
16 0.66875 0.0555556 0.125 0.0222222
16 0.7 0.0666667 0.1375 0.0444444
16 0.6625 0.0666667 0.0375 0.0444444
16 0.675 0.0555556 0.0375 0.0666667
16 0.725 0.0555556 0.1375 0.0666667
21 0.75 0.0444444 0.1125 0.0444444
21 0.775 0.0444444 0.1125 0.0444444
21 0.84375 0.0555556 0.025 0.0222222
44 0.85625 0.0555556 0.025 0.0222222
21 0.9125 0.0555556 0.1125 0.0222222
10 0.90625 0.0555556 0.075 0.0222222
53 0.91875 0.0666667 0.1 0.0444444
53 0.925 0.0666667 0.0625 0.0444444
17 0.94375 0.0555556 0.1 0.0222222
4 0.975 0.0555556 0.0375 0.0222222
1 0.96875 0.0666667 0.05 0.0444444
11 0.021875 0.0666667 0.04375 0.0888889
11 0.015625 0.0666667 0.03125 0.0444444
21 0.10625 0.0777778 0.2 0.0666667
25 0.15 0.0666667 0.1625 0.0444444
21 0.1625 0.0666667 0.1625 0.0444444
44 0.90625 0.0666667 0.1 0.0444444
4 0.9625 0.0777778 0.0375 0.0222222
4 0.9625 0.0888889 0.0375 0.0444444
4 0.9875 0.0666667 0.0125 0.0444444
8 0.021875 0.0888889 0.04375 0.0444444
55 0.11875 0.111111 0.125 0.0444444
44 0.49375 0.0888889 0.1 0.0444444
21 0.51875 0.0888889 0.075 0.0444444
21 0.54375 0.0888889 0.05 0.0444444
44 0.8625 0.0777778 0.1125 0.0666667
43 0.88125 0.0777778 0.075 0.0666667
25 0.90625 0.0888889 0.1 0.0444444
6 0.91875 0.0888889 0.125 0.0444444
4 0.940625 0.0888889 0.11875 0.0444444
4 0.96875 0.0888889 0.025 0.0444444
4 0.96875 0.1 0.025 0.0222222
2 0.975 0.0888889 0.0375 0.0444444
2 0.975 0.0777778 0.0375 0.0222222
8 0.021875 0.122222 0.04375 0.0666667
25 0.04375 0.122222 0.05 0.0666667
29 0.91875 0.111111 0.1 0.0444444
4 0.93125 0.122222 0.1 0.0222222
25 0.96875 0.122222 0.025 0.0222222
25 0.96875 0.1 0.025 0.0666667
19 0.98125 0.111111 0.025 0.0444444
8 0.01875 0.133333 0.025 0.0444444
25 0.0375 0.133333 0.0125 0.0444444
25 0.5875 0.133333 0.1375 0.0444444
4 0.9625 0.133333 0.0375 0.0444444
2 0.96875 0.111111 0.025 0.0444444
2 0.98125 0.133333 0.025 0.0444444
8 0.015625 0.144444 0.03125 0.0666667
25 0.56875 0.144444 0.05 0.0222222
25 0.93125 0.155556 0.075 0.0444444
19 0.96875 0.144444 0.025 0.0666667
6 0.978125 0.155556 0.04375 0.0888889
8 0.025 0.177778 0.0125 0.0444444
25 0.375 0.177778 0.1125 0.0444444
25 0.3875 0.166667 0.1125 0.0666667
25 0.5375 0.155556 0.0625 0.0444444
25 0.5625 0.166667 0.0625 0.0222222
21 0.978125 0.166667 0.04375 0.111111
8 0.034375 0.188889 0.06875 0.0666667
25 0.3875 0.188889 0.0625 0.0222222
25 0.4 0.188889 0.0375 0.0222222
21 0.55 0.2 0.0875 0.0444444
21 0.5875 0.2 0.1375 0.0444444
21 0.978125 0.2 0.04375 0.0444444
21 0.975 0.211111 0.0375 0.0222222
25 0.39375 0.222222 0.05 0.0444444
21 0.53125 0.222222 0.025 0.0444444
21 0.984375 0.222222 0.03125 0.0444444
21 0.98125 0.222222 0.025 0.0444444
25 0.3875 0.233333 0.0875 0.0666667
25 0.40625 0.233333 0.075 0.0666667
21 0.98125 0.233333 0.025 0.0666667
47 0.98125 0.244444 0.025 0.0888889
6 0.36875 0.244444 0.075 0.0888889
6 0.3875 0.244444 0.0875 0.0888889
25 0.41875 0.255556 0.075 0.0666667
25 0.5625 0.266667 0.0625 0.0444444
21 0.9375 0.233333 0.0625 0.111111
21 0.95625 0.266667 0.025 0.0444444
4 0.978125 0.233333 0.04375 0.111111
11 0.028125 0.266667 0.05625 0.0888889
11 0.028125 0.277778 0.05625 0.0666667
6 0.3625 0.266667 0.0875 0.0888889
6 0.4125 0.266667 0.1375 0.0888889
25 0.4125 0.277778 0.0875 0.0666667
25 0.44375 0.277778 0.075 0.0666667
25 0.5875 0.266667 0.0875 0.0444444
25 0.93125 0.277778 0.125 0.0666667
25 0.9125 0.288889 0.1125 0.0444444
6 0.94375 0.277778 0.05 0.0666667
6 0.39375 0.288889 0.15 0.0888889
6 0.4125 0.3 0.1375 0.0666667
25 0.425 0.311111 0.1375 0.0444444
25 0.88125 0.3 0.025 0.0222222
25 0.875 0.3 0.0125 0.0222222
25 0.89375 0.3 0.025 0.0222222
25 0.9125 0.311111 0.0375 0.0444444
25 0.94375 0.288889 0.05 0.0444444
6 0.94375 0.3 0.05 0.0222222
44 0.41875 0.322222 0.125 0.0666667
44 0.9125 0.333333 0.0625 0.0444444
34 0.959375 0.333333 0.08125 0.0444444
66 0.325 0.355556 0.0625 0.0444444
25 0.39375 0.344444 0.15 0.0666667
25 0.36875 0.344444 0.075 0.0666667
25 0.425 0.344444 0.1375 0.0666667
66 0.88125 0.355556 0.075 0.0444444
6 0.89375 0.355556 0.075 0.0444444
66 0.90625 0.355556 0.075 0.0444444
6 0.93125 0.355556 0.075 0.0444444
6 0.94375 0.344444 0.075 0.0666667
25 0.33125 0.355556 0.075 0.0444444
25 0.35 0.344444 0.0875 0.0666667
25 0.4 0.344444 0.0875 0.0666667
25 0.39375 0.366667 0.15 0.111111
25 0.43125 0.366667 0.15 0.111111
25 0.41875 0.366667 0.1 0.111111
25 0.43125 0.4 0.1 0.0888889
6 0.015625 0.477778 0.03125 0.0666667
8 0.015625 0.477778 0.03125 0.0666667
23 0.19375 0.477778 0.125 0.0666667
25 0.38125 0.466667 0.175 0.0444444
21 0.4 0.466667 0.1875 0.0444444
21 0.44375 0.466667 0.15 0.0444444
21 0.48125 0.466667 0.1 0.0444444
21 0.5 0.466667 0.1125 0.0444444
21 0.5625 0.422222 0.1125 0.133333
11 0.64375 0.455556 0.125 0.0666667
11 0.65 0.477778 0.1375 0.0222222
4 0.015625 0.5 0.03125 0.0666667
6 0.015625 0.5 0.03125 0.0666667
23 0.19375 0.5 0.125 0.0666667
19 0.20625 0.5 0.125 0.0666667
19 0.1875 0.5 0.0625 0.0666667
17 0.1875 0.511111 0.0375 0.0444444
23 0.23125 0.488889 0.05 0.0888889
25 0.375 0.488889 0.1625 0.0444444
21 0.34375 0.488889 0.1 0.0444444
20 0.35 0.488889 0.0875 0.0444444
20 0.39375 0.477778 0.025 0.0222222
21 0.39375 0.477778 0.025 0.0666667
21 0.45625 0.477778 0.15 0.0666667
21 0.4875 0.477778 0.1125 0.0666667
20 0.45625 0.477778 0.05 0.0666667
21 0.46875 0.477778 0.025 0.0666667
25 0.55 0.477778 0.1375 0.0666667
21 0.575 0.477778 0.1125 0.0666667
10 0.5375 0.488889 0.0375 0.0444444
21 0.55625 0.488889 0.025 0.0444444
25 0.54375 0.488889 0.05 0.0444444
43 0.54375 0.488889 0.075 0.0444444
25 0.5625 0.511111 0.0875 0.0444444
21 0.58125 0.511111 0.1 0.0444444
21 0.575 0.5 0.1125 0.0222222
44 0.69375 0.488889 0.175 0.0444444
43 0.725 0.5 0.1125 0.0666667
44 0.75 0.488889 0.1125 0.0444444
6 0.015625 0.522222 0.03125 0.0666667
6 0.175 0.522222 0.1375 0.0666667
23 0.19375 0.5 0.075 0.0666667
22 0.2 0.5 0.0625 0.0666667
22 0.2625 0.522222 0.0375 0.0222222
19 0.26875 0.522222 0.025 0.0222222
23 0.275 0.522222 0.0125 0.0222222
23 0.3 0.522222 0.0375 0.0222222
21 0.36875 0.511111 0.15 0.0444444
21 0.36875 0.511111 0.025 0.0444444
21 0.38125 0.522222 0.025 0.0666667
21 0.39375 0.511111 0.025 0.0444444
21 0.4125 0.511111 0.0625 0.0444444
21 0.4625 0.522222 0.1125 0.0666667
21 0.475 0.511111 0.1125 0.0444444
21 0.475 0.511111 0.0375 0.0444444
25 0.53125 0.5 0.175 0.0666667
25 0.55625 0.488889 0.125 0.0888889
9 0.5375 0.511111 0.0375 0.0444444
51 0.55625 0.511111 0.025 0.0444444
43 0.59375 0.522222 0.075 0.0666667
25 0.59375 0.522222 0.075 0.0666667
11 0.60625 0.522222 0.075 0.0666667
25 0.625 0.522222 0.0625 0.0666667
43 0.7375 0.511111 0.0875 0.0444444
25 0.90625 0.511111 0.125 0.0444444
6 0.015625 0.544444 0.03125 0.0666667
9 0.015625 0.544444 0.03125 0.0666667
17 0.2625 0.533333 0.0375 0.0444444
18 0.2625 0.533333 0.0375 0.0444444
18 0.275 0.533333 0.0375 0.0444444
18 0.2875 0.533333 0.0375 0.0444444
20 0.29375 0.533333 0.05 0.0444444
21 0.3 0.533333 0.0625 0.0444444
21 0.35625 0.533333 0.05 0.0444444
21 0.375 0.533333 0.0375 0.0444444
21 0.375 0.544444 0.0375 0.0666667
21 0.38125 0.544444 0.025 0.0666667
14 0.4 0.544444 0.0375 0.0666667
21 0.4375 0.544444 0.0625 0.0666667
21 0.4375 0.533333 0.0625 0.0444444
21 0.45 0.533333 0.0625 0.0444444
21 0.45625 0.522222 0.05 0.0222222
21 0.475 0.522222 0.0375 0.0222222
21 0.55625 0.544444 0.125 0.0666667
47 0.55625 0.544444 0.125 0.0666667
6 0.015625 0.566667 0.03125 0.0666667
9 0.015625 0.555556 0.03125 0.0444444
6 0.24375 0.555556 0.175 0.0444444
4 0.2625 0.555556 0.1625 0.0444444
25 0.2375 0.555556 0.0875 0.0444444
