6 0.13125 0.0222222 0.175 0.0444444
2 0.15625 0.0222222 0.175 0.0444444
2 0.19375 0.0222222 0.175 0.0444444
6 0.23125 0.0222222 0.175 0.0444444
2 0.24375 0.0222222 0.175 0.0444444
6 0.25 0.0111111 0.1875 0.0222222
4 0.3 0.0222222 0.1875 0.0444444
4 0.3375 0.0222222 0.1375 0.0444444
25 0.3375 0.0222222 0.1375 0.0444444
25 0.35 0.0111111 0.1625 0.0222222
6 0.69375 0.0222222 0.175 0.0444444
6 0.69375 0.0111111 0.125 0.0222222
20 0.89375 0.0222222 0.125 0.0444444
19 0.8875 0.0111111 0.0875 0.0222222
20 0.90625 0.0222222 0.1 0.0444444
19 0.91875 0.0222222 0.1 0.0444444
19 0.91875 0.0111111 0.075 0.0222222
11 0.940625 0 0.11875 0
8 0.946875 0.0111111 0.10625 0.0222222
8 0.953125 0 0.09375 0
65 0.934375 0.0111111 0.13125 0.0222222
29 0.971875 0.0111111 0.05625 0.0222222
6 0.053125 0.0333333 0.10625 0.0666667
6 0.08125 0.0333333 0.125 0.0666667
12 0.15625 0.0333333 0.15 0.0666667
6 0.15625 0.0333333 0.15 0.0666667
6 0.175 0.0222222 0.1625 0.0444444
1 0.21875 0.0222222 0.1 0.0444444
6 0.2 0.0222222 0.0875 0.0444444
6 0.2125 0.0333333 0.0875 0.0666667
6 0.25 0.0222222 0.1625 0.0444444
1 0.24375 0.0222222 0.075 0.0444444
20 0.2625 0.0222222 0.0875 0.0444444
25 0.275 0.0333333 0.1125 0.0666667
25 0.3 0.0333333 0.0875 0.0666667
25 0.325 0.0222222 0.0625 0.0444444
25 0.36875 0.0222222 0.1 0.0444444
11 0.45625 0.0222222 0.075 0.0444444
10 0.4875 0.0111111 0.0875 0.0222222
6 0.69375 0.0222222 0.15 0.0444444
6 0.69375 0.0222222 0.1 0.0444444
6 0.725 0.0222222 0.1625 0.0444444
11 0.76875 0.0111111 0.1 0.0222222
23 0.775 0.0222222 0.1125 0.0444444
11 0.9 0.0333333 0.1375 0.0666667
11 0.8875 0.0111111 0.0875 0.0222222
21 0.9 0.0222222 0.0875 0.0444444
18 0.93125 0.0222222 0.125 0.0444444
11 0.940625 0.0111111 0.11875 0.0222222
11 0.925 0.0111111 0.0625 0.0222222
11 0.925 0.0111111 0.0875 0.0222222
12 0.1375 0.0333333 0.0875 0.0666667
12 0.16875 0.0333333 0.05 0.0666667
10 0.175 0.0222222 0.0625 0.0444444
1 0.19375 0.0222222 0.05 0.0444444
1 0.20625 0.0222222 0.05 0.0444444
1 0.20625 0.0333333 0.075 0.0666667
6 0.2375 0.0333333 0.1375 0.0666667
17 0.25 0.0222222 0.1375 0.0444444
1 0.24375 0.0222222 0.025 0.0444444
1 0.2375 0.0222222 0.0375 0.0444444
1 0.2625 0.0333333 0.0875 0.0222222
6 0.275 0.0444444 0.1125 0.0444444
25 0.275 0.0444444 0.1125 0.0444444
25 0.35 0.0333333 0.1125 0.0222222
11 0.36875 0.0222222 0.1 0.0444444
21 0.934375 0.0222222 0.13125 0.0444444
11 0.940625 0.0222222 0.11875 0.0444444
10 0.91875 0.0222222 0.05 0.0444444
11 0.925 0.0222222 0.0625 0.0444444
12 0.959375 0.0222222 0.08125 0.0444444
11 0.059375 0.0333333 0.11875 0.0666667
6 0.071875 0.0444444 0.14375 0.0888889
6 0.28125 0.0666667 0.125 0.0444444
6 0.41875 0.0444444 0.175 0.0888889
11 0.50625 0.0444444 0.15 0.0888889
8 0.48125 0.0333333 0.075 0.0666667
21 0.5 0.0333333 0.1125 0.0666667
21 0.56875 0.0555556 0.15 0.0666667
25 0.54375 0.0555556 0.1 0.0666667
25 0.58125 0.0666667 0.175 0.0444444
43 0.6 0.0555556 0.0875 0.0222222
43 0.625 0.0777778 0.0625 0.0666667
6 0.775 0.0666667 0.1625 0.0444444
6 0.83125 0.0555556 0.175 0.0666667
43 0.86875 0.0444444 0.15 0.0444444
11 0.91875 0.0333333 0.15 0.0666667
11 0.9125 0.0333333 0.0625 0.0666667
3 0.9375 0.0333333 0.0125 0.0666667
11 0.9375 0.0444444 0.0375 0.0888889
11 0.95625 0.0333333 0.025 0.0666667
25 0.1 0.0777778 0.1875 0.0666667
11 0.49375 0.0666667 0.15 0.0888889
8 0.50625 0.0666667 0.15 0.0888889
11 0.5125 0.0555556 0.1375 0.0666667
8 0.4875 0.0666667 0.0625 0.0888889
21 0.5 0.0555556 0.1125 0.0666667
8 0.55625 0.0666667 0.125 0.0444444
8 0.54375 0.0555556 0.1 0.0666667
8 0.575 0.0555556 0.1625 0.0666667
6 0.83125 0.1 0.175 0.0666667
6 0.8375 0.0888889 0.1875 0.0444444
43 0.85 0.0666667 0.1875 0.0888889
43 0.8875 0.0666667 0.1375 0.0888889
29 0.9 0.0666667 0.1375 0.0888889
8 0.921875 0.0555556 0.15625 0.0666667
11 0.940625 0.0888889 0.11875 0.0444444
6 0.38125 0.122222 0.175 0.0666667
6 0.4375 0.122222 0.1375 0.0666667
6 0.45 0.111111 0.1625 0.0888889
11 0.4875 0.111111 0.1375 0.0888889
25 0.50625 0.0888889 0.15 0.133333
11 0.5125 0.0888889 0.1375 0.0888889
6 0.83125 0.111111 0.175 0.0444444
25 0.85 0.1 0.1125 0.0666667
11 0.9125 0.111111 0.0875 0.0444444
8 0.9125 0.111111 0.0875 0.0444444
11 0.95 0.1 0.0375 0.0222222
6 0.046875 0.122222 0.09375 0.0666667
6 0.08125 0.122222 0.125 0.0666667
6 0.21875 0.133333 0.175 0.0444444
6 0.3875 0.133333 0.1375 0.0888889
11 0.4625 0.111111 0.0875 0.0888889
21 0.50625 0.111111 0.15 0.0888889
11 0.4875 0.1 0.0625 0.0666667
21 0.4875 0.1 0.0625 0.0666667
6 0.80625 0.133333 0.125 0.0444444
6 0.81875 0.122222 0.125 0.0666667
43 0.85 0.122222 0.1125 0.0666667
8 0.9125 0.122222 0.0875 0.0666667
6 0.028125 0.133333 0.05625 0.0444444
6 0.040625 0.133333 0.08125 0.0444444
6 0.125 0.133333 0.0875 0.0444444
6 0.14375 0.133333 0.075 0.0444444
43 0.1875 0.133333 0.1125 0.0444444
6 0.2125 0.144444 0.1125 0.0666667
11 0.4625 0.133333 0.0875 0.0888889
6 0.034375 0.166667 0.06875 0.111111
5 0.034375 0.188889 0.06875 0.0666667
6 0.046875 0.2 0.09375 0.0888889
11 0.4625 0.166667 0.0875 0.0666667
5 0.040625 0.211111 0.08125 0.0666667
5 0.034375 0.222222 0.06875 0.0444444
11 0.49375 0.211111 0.15 0.0666667
2 0.028125 0.255556 0.05625 0.0666667
2 0.034375 0.244444 0.06875 0.0444444
6 0.05 0.244444 0.0625 0.0444444
4 0.046875 0.244444 0.09375 0.0444444
11 0.43125 0.244444 0.175 0.0888889
2 0.41875 0.244444 0.125 0.0888889
11 0.45 0.244444 0.0875 0.0888889
8 0.5125 0.233333 0.1375 0.0666667
11 0.49375 0.244444 0.05 0.0444444
12 0.5625 0.255556 0.1375 0.0222222
25 0.5625 0.255556 0.1375 0.0222222
6 0.6125 0.244444 0.0625 0.0444444
22 0.6125 0.244444 0.0875 0.0444444
6 0.6125 0.233333 0.1125 0.0666667
25 0.64375 0.233333 0.175 0.0666667
2 0.028125 0.266667 0.05625 0.0444444
2 0.04375 0.266667 0.05 0.0444444
11 0.125 0.255556 0.0875 0.0666667
11 0.41875 0.255556 0.125 0.0666667
25 0.43125 0.255556 0.125 0.111111
11 0.50625 0.277778 0.15 0.111111
10 0.5 0.277778 0.0875 0.111111
12 0.525 0.266667 0.0625 0.0444444
25 0.51875 0.255556 0.05 0.0666667
6 0.61875 0.255556 0.1 0.0666667
6 0.021875 0.277778 0.04375 0.0666667
6 0.034375 0.288889 0.06875 0.0444444
21 0.45625 0.288889 0.175 0.0888889
21 0.4375 0.288889 0.1375 0.133333
25 0.475 0.3 0.0875 0.111111
8 0.4875 0.3 0.0625 0.0666667
8 0.51875 0.3 0.125 0.0666667
8 0.53125 0.277778 0.15 0.111111
11 0.5375 0.3 0.1375 0.111111
12 0.525 0.288889 0.0625 0.0888889
25 0.58125 0.277778 0.025 0.0666667
21 0.59375 0.277778 0.025 0.0666667
21 0.61875 0.277778 0.075 0.0666667
6 0.61875 0.277778 0.1 0.0666667
25 0.625 0.288889 0.0875 0.0888889
21 0.63125 0.3 0.1 0.0666667
21 0.70625 0.3 0.125 0.0666667
21 0.6875 0.288889 0.0625 0.0444444
6 0.028125 0.288889 0.05625 0.0888889
11 0.425 0.333333 0.0625 0.0444444
25 0.475 0.333333 0.0625 0.0444444
6 0.48125 0.333333 0.05 0.0444444
11 0.51875 0.311111 0.125 0.0444444
8 0.53125 0.322222 0.15 0.111111
11 0.525 0.311111 0.0625 0.0444444
17 0.5375 0.3 0.0375 0.0666667
11 0.5375 0.3 0.0375 0.0666667
25 0.58125 0.3 0.15 0.0666667
44 0.6 0.311111 0.1625 0.0444444
25 0.64375 0.311111 0.075 0.0444444
6 0.028125 0.333333 0.05625 0.0444444
6 0.41875 0.344444 0.175 0.0666667
25 0.45625 0.344444 0.2 0.0666667
2 0.475 0.322222 0.0625 0.0666667
21 0.4875 0.333333 0.0375 0.0444444
21 0.53125 0.333333 0.15 0.0888889
11 0.034375 0.355556 0.06875 0.0444444
21 0.53125 0.355556 0.15 0.0888889
11 0.54375 0.344444 0.025 0.0666667
11 0.028125 0.366667 0.05625 0.0666667
6 0.034375 0.366667 0.06875 0.0666667
11 0.034375 0.388889 0.06875 0.0666667
8 0.040625 0.4 0.08125 0.0444444
12 0.0375 0.422222 0.0375 0.0444444
12 0.028125 0.455556 0.05625 0.0222222
12 0.015625 0.466667 0.03125 0.0444444
6 0.11875 0.488889 0.1 0.0444444
11 0.015625 0.477778 0.03125 0.0666667
12 0.015625 0.477778 0.03125 0.0666667
6 0.1 0.477778 0.0625 0.0666667
6 0.11875 0.477778 0.05 0.0666667
4 0.11875 0.477778 0.1 0.0666667
11 0.015625 0.522222 0.03125 0.0666667
6 0.040625 0.533333 0.08125 0.0888889
6 0.078125 0.533333 0.15625 0.0444444
6 0.06875 0.555556 0.125 0.0888889
6 0.1 0.555556 0.0875 0.0888889
47 0.14375 0.533333 0.125 0.0888889
11 0.1875 0.522222 0.1375 0.0666667
11 0.028125 0.544444 0.05625 0.0666667
6 0.046875 0.566667 0.09375 0.0666667
6 0.046875 0.566667 0.09375 0.0222222
6 0.06875 0.588889 0.125 0.0666667
11 0.175 0.544444 0.1125 0.0666667
11 0.15625 0.544444 0.075 0.0666667
11 0.034375 0.588889 0.06875 0.0666667
6 0.040625 0.588889 0.08125 0.0666667
6 0.046875 0.6 0.09375 0.0444444
6 0.125 0.6 0.0875 0.0444444
6 0.046875 0.611111 0.09375 0.0666667
4 0.125 0.622222 0.0875 0.0444444
6 0.046875 0.633333 0.09375 0.0666667
6 0.125 0.633333 0.0875 0.0666667
11 0.015625 0.655556 0.03125 0.0666667
6 0.11875 0.655556 0.075 0.0666667
4 0.13125 0.655556 0.075 0.0666667
6 0.11875 0.7 0.075 0.0666667
6 0.13125 0.711111 0.075 0.0888889
6 0.1 0.722222 0.1125 0.0666667
4 0.1125 0.711111 0.1125 0.0888889
11 0.015625 0.733333 0.03125 0.0444444
11 0.015625 0.766667 0.03125 0.0666667
6 0.040625 0.766667 0.08125 0.0666667
6 0.11875 0.766667 0.075 0.0666667
2 0.23125 0.755556 0.075 0.0888889
21 0.24375 0.766667 0.125 0.0666667
21 0.29375 0.766667 0.075 0.0666667
2 0.30625 0.766667 0.075 0.0666667
7 0.31875 0.766667 0.075 0.0666667
7 0.38125 0.766667 0.1 0.0666667
7 0.425 0.766667 0.0875 0.0666667
11 0.015625 0.8 0.03125 0.0444444
6 0.046875 0.833333 0.09375 0.0666667
6 0.1125 0.833333 0.1125 0.0666667
11 0.015625 0.855556 0.03125 0.0666667
11 0.015625 0.877778 0.03125 0.0666667
11 0.034375 0.911111 0.06875 0.0444444
25 0.43125 0.911111 0.125 0.0444444
25 0.46875 0.911111 0.075 0.0444444
65 0.03125 0.0388889 0.0625 0.0777778
35 0.55 0.0611111 0.425 0.122222
52 0.09375 0.0833333 0.1875 0.166667
67 0.8 0.0611111 0.325 0.122222
35 0.89375 0.0833333 0.2125 0.166667
18 0.675 0.0833333 0.375 0.166667
18 0.6625 0.0833333 0.25 0.166667
65 0.8125 0.0833333 0.35 0.166667
43 0.83125 0.0833333 0.3375 0.166667
29 0.90625 0.105556 0.1875 0.211111
5 0.15 0.144444 0.275 0.133333
54 0.5875 0.144444 0.25 0.133333
29 0.6 0.122222 0.225 0.177778
18 0.6625 0.122222 0.25 0.177778
51 0.09375 0.188889 0.1875 0.222222
34 0.10625 0.188889 0.2125 0.133333
34 0.11875 0.211111 0.2375 0.0888889
5 0.13125 0.188889 0.2625 0.133333
11 0.15 0.188889 0.275 0.222222
34 0.1875 0.166667 0.35 0.177778
34 0.2125 0.211111 0.35 0.0888889
34 0.2375 0.233333 0.35 0.133333
2 0.3625 0.188889 0.35 0.133333
2 0.3375 0.188889 0.2 0.133333
2 0.4375 0.188889 0.35 0.133333
67 0.94375 0.188889 0.1125 0.133333
49 0.93125 0.211111 0.1375 0.177778
51 0.16875 0.211111 0.3375 0.177778
5 0.09375 0.233333 0.1875 0.133333
2 0.11875 0.233333 0.2375 0.133333
34 0.2625 0.188889 0.4 0.133333
5 0.3125 0.211111 0.35 0.177778
