34 0.053125 0.0222222 0.10625 0.0444444
43 0.09375 0.0222222 0.15 0.0444444
43 0.11875 0.0222222 0.175 0.0444444
42 0.14375 0.0222222 0.175 0.0444444
6 0.175 0.0222222 0.1875 0.0444444
42 0.1875 0.0222222 0.1875 0.0444444
34 0.19375 0.0222222 0.2 0.0444444
31 0.375 0.0222222 0.1625 0.0444444
31 0.39375 0.0111111 0.15 0.0222222
6 0.40625 0.0222222 0.15 0.0444444
4 0.41875 0.0222222 0.15 0.0444444
6 0.4375 0.0222222 0.1625 0.0444444
4 0.46875 0.0222222 0.125 0.0444444
6 0.475 0.0111111 0.1375 0.0222222
29 0.49375 0.0222222 0.15 0.0444444
8 0.50625 0.0111111 0.15 0.0222222
29 0.5375 0.0111111 0.1875 0.0222222
42 0.56875 0.0222222 0.175 0.0444444
43 0.58125 0.0222222 0.175 0.0444444
34 0.6125 0.0222222 0.1375 0.0444444
8 0.6375 0.0222222 0.1375 0.0444444
34 0.66875 0.0222222 0.175 0.0444444
43 0.675 0.0222222 0.1625 0.0444444
30 0.8125 0.0222222 0.1375 0.0444444
29 0.825 0.0222222 0.1375 0.0444444
6 0.83125 0.0222222 0.125 0.0444444
43 0.84375 0.0222222 0.15 0.0444444
43 0.85625 0.0222222 0.15 0.0444444
31 0.8875 0.0222222 0.1375 0.0444444
43 0.946875 0.0222222 0.10625 0.0444444
42 0.053125 0.0333333 0.10625 0.0666667
42 0.08125 0.0222222 0.125 0.0444444
43 0.10625 0.0222222 0.125 0.0444444
30 0.11875 0.0222222 0.125 0.0444444
13 0.125 0.0222222 0.1375 0.0444444
1 0.1375 0.0222222 0.1375 0.0444444
34 0.15625 0.0222222 0.125 0.0444444
1 0.1625 0.0222222 0.1375 0.0444444
42 0.16875 0.0222222 0.15 0.0444444
34 0.1875 0.0222222 0.1375 0.0444444
42 0.2 0.0222222 0.1375 0.0444444
42 0.225 0.0222222 0.1375 0.0444444
42 0.2375 0.0222222 0.1375 0.0444444
42 0.25 0.0333333 0.1375 0.0666667
43 0.2625 0.0333333 0.1375 0.0666667
6 0.3375 0.0333333 0.1375 0.0666667
6 0.3625 0.0333333 0.1375 0.0666667
42 0.375 0.0333333 0.1375 0.0666667
6 0.3875 0.0333333 0.1375 0.0666667
30 0.4 0.0222222 0.1375 0.0444444
30 0.40625 0.0222222 0.15 0.0444444
1 0.425 0.0222222 0.1375 0.0444444
42 0.45625 0.0222222 0.125 0.0444444
30 0.46875 0.0222222 0.125 0.0444444
1 0.475 0.0222222 0.1375 0.0444444
1 0.5125 0.0222222 0.1375 0.0444444
1 0.51875 0.0111111 0.15 0.0222222
1 0.54375 0.0222222 0.125 0.0444444
42 0.54375 0.0222222 0.125 0.0444444
42 0.575 0.0222222 0.1375 0.0444444
42 0.6 0.0222222 0.1375 0.0444444
30 0.6125 0.0222222 0.1375 0.0444444
30 0.625 0.0222222 0.1375 0.0444444
30 0.65 0.0222222 0.1375 0.0444444
42 0.6625 0.0333333 0.1375 0.0666667
42 0.6875 0.0333333 0.1375 0.0666667
42 0.69375 0.0222222 0.15 0.0444444
42 0.71875 0.0333333 0.125 0.0666667
34 0.725 0.0333333 0.1375 0.0666667
30 0.7375 0.0333333 0.1375 0.0666667
42 0.7375 0.0333333 0.1375 0.0666667
15 0.7625 0.0111111 0.1375 0.0222222
15 0.775 0.0222222 0.1375 0.0444444
15 0.80625 0.0333333 0.15 0.0666667
15 0.83125 0.0333333 0.125 0.0666667
27 0.83125 0.0333333 0.15 0.0666667
30 0.8375 0.0333333 0.1625 0.0666667
31 0.86875 0.0333333 0.15 0.0666667
8 0.9 0.0333333 0.1375 0.0666667
44 0.928125 0.0222222 0.14375 0.0444444
42 0.934375 0.0333333 0.13125 0.0666667
25 0.953125 0.0333333 0.09375 0.0666667
44 0.953125 0.0222222 0.09375 0.0444444
44 0.1 0.0333333 0.1625 0.0666667
42 0.11875 0.0333333 0.15 0.0666667
42 0.15625 0.0333333 0.15 0.0666667
42 0.19375 0.0444444 0.2 0.0888889
44 0.2125 0.0444444 0.1875 0.0888889
42 0.4375 0.0333333 0.1625 0.0666667
6 0.45 0.0333333 0.1625 0.0666667
1 0.4875 0.0222222 0.1875 0.0444444
30 0.49375 0.0222222 0.2 0.0444444
30 0.4875 0.0333333 0.1625 0.0666667
6 0.5 0.0444444 0.1375 0.0888889
6 0.5125 0.0444444 0.1625 0.0444444
30 0.54375 0.0555556 0.2 0.0666667
43 0.625 0.0555556 0.1375 0.0666667
8 0.6375 0.0555556 0.1375 0.0666667
43 0.65 0.0555556 0.1375 0.0666667
43 0.825 0.0444444 0.1125 0.0444444
43 0.825 0.0444444 0.1625 0.0444444
43 0.85625 0.0333333 0.15 0.0666667
43 0.9 0.0444444 0.1875 0.0888889
8 0.909375 0.0444444 0.18125 0.0888889
71 0.053125 0.0444444 0.10625 0.0888889
43 0.040625 0.0555556 0.08125 0.0666667
71 0.053125 0.0555556 0.10625 0.0666667
43 0.075 0.0555556 0.1125 0.0666667
43 0.1 0.0555556 0.1625 0.0666667
42 0.1125 0.0444444 0.1625 0.0444444
42 0.125 0.0555556 0.1625 0.0666667
42 0.15625 0.0666667 0.15 0.0444444
30 0.2125 0.0666667 0.1625 0.0444444
42 0.21875 0.0666667 0.175 0.0444444
43 0.23125 0.0666667 0.125 0.0444444
43 0.25625 0.0666667 0.125 0.0444444
43 0.29375 0.0666667 0.175 0.0444444
43 0.325 0.0555556 0.0875 0.0666667
43 0.31875 0.0666667 0.125 0.0888889
6 0.325 0.0666667 0.1375 0.0888889
42 0.36875 0.0666667 0.175 0.0888889
43 0.35625 0.0777778 0.125 0.0666667
6 0.3875 0.0666667 0.1375 0.0888889
43 0.4 0.0666667 0.1375 0.0888889
71 0.45625 0.0555556 0.15 0.0666667
43 0.75 0.0666667 0.1375 0.0444444
10 0.7625 0.0666667 0.1375 0.0444444
43 0.79375 0.0777778 0.15 0.0666667
43 0.81875 0.0555556 0.15 0.111111
43 0.85625 0.0666667 0.15 0.0444444
43 0.9 0.0666667 0.1875 0.0444444
10 0.8875 0.0555556 0.1375 0.0666667
10 0.9 0.0444444 0.1375 0.0888889
6 0.946875 0.0444444 0.10625 0.0888889
42 0.06875 0.0666667 0.125 0.0444444
44 0.0875 0.0666667 0.1625 0.0444444
42 0.1 0.0777778 0.1625 0.0666667
16 0.1375 0.0666667 0.1125 0.0444444
13 0.15625 0.0666667 0.125 0.0444444
2 0.15 0.0666667 0.1375 0.0444444
13 0.1625 0.0888889 0.1625 0.0444444
36 0.1875 0.0888889 0.1125 0.0444444
30 0.19375 0.0777778 0.125 0.0222222
36 0.2375 0.0777778 0.0625 0.0222222
64 0.225 0.0666667 0.1125 0.0444444
71 0.24375 0.0666667 0.125 0.0444444
6 0.25 0.0666667 0.1125 0.0444444
3 0.25625 0.0555556 0.125 0.0666667
2 0.3 0.0666667 0.0625 0.0444444
2 0.3125 0.0777778 0.0625 0.0666667
2 0.33125 0.0777778 0.075 0.0666667
6 0.325 0.0777778 0.1125 0.0666667
6 0.33125 0.0888889 0.125 0.0888889
13 0.45 0.0777778 0.1625 0.0666667
13 0.45625 0.0666667 0.15 0.0444444
43 0.525 0.0777778 0.1625 0.0666667
43 0.55625 0.0777778 0.15 0.0666667
43 0.59375 0.0777778 0.15 0.0666667
10 0.75 0.0777778 0.1375 0.0666667
10 0.76875 0.0888889 0.15 0.0888889
79 0.86875 0.0777778 0.125 0.0666667
43 0.8875 0.0777778 0.1375 0.0666667
3 0.89375 0.0777778 0.125 0.0666667
10 0.90625 0.0666667 0.125 0.0888889
45 0.028125 0.1 0.05625 0.0666667
68 0.06875 0.0888889 0.125 0.0444444
71 0.20625 0.0888889 0.125 0.0444444
79 0.33125 0.0777778 0.125 0.111111
59 0.028125 0.122222 0.05625 0.0666667
2 0.028125 0.111111 0.05625 0.0444444
42 0.075 0.122222 0.1125 0.0666667
43 0.11875 0.133333 0.125 0.0888889
6 0.125 0.122222 0.1375 0.0666667
6 0.2375 0.122222 0.1375 0.0666667
43 0.25 0.122222 0.1375 0.0666667
43 0.2625 0.133333 0.1375 0.0888889
6 0.3375 0.133333 0.1375 0.0888889
43 0.34375 0.122222 0.125 0.0666667
6 0.3625 0.133333 0.1375 0.0888889
6 0.375 0.122222 0.1375 0.0666667
6 0.3875 0.133333 0.1375 0.0888889
4 0.4125 0.133333 0.1375 0.0888889
6 0.425 0.133333 0.1375 0.0888889
6 0.4375 0.111111 0.1375 0.0444444
4 0.44375 0.122222 0.125 0.0666667
6 0.45625 0.122222 0.15 0.0666667
6 0.4875 0.122222 0.1375 0.0666667
1 0.51875 0.111111 0.15 0.0444444
1 0.55 0.111111 0.1125 0.0444444
1 0.575 0.111111 0.1375 0.0444444
6 0.59375 0.133333 0.125 0.0888889
43 0.6875 0.133333 0.1375 0.0888889
44 0.075 0.144444 0.1125 0.0666667
44 0.0875 0.133333 0.1375 0.0888889
42 0.11875 0.144444 0.125 0.111111
8 0.125 0.133333 0.1375 0.0888889
42 0.2375 0.133333 0.1375 0.0888889
43 0.34375 0.144444 0.125 0.0666667
30 0.3625 0.155556 0.1375 0.0444444
30 0.375 0.144444 0.1125 0.0666667
1 0.4125 0.155556 0.1375 0.0888889
30 0.425 0.144444 0.1375 0.0666667
30 0.4375 0.155556 0.1375 0.0444444
34 0.44375 0.155556 0.125 0.0444444
13 0.45625 0.166667 0.125 0.0666667
42 0.475 0.166667 0.1375 0.0666667
43 0.5375 0.144444 0.1125 0.0222222
30 0.55 0.155556 0.1375 0.0444444
30 0.5625 0.144444 0.1125 0.0222222
30 0.575 0.155556 0.1375 0.0888889
8 0.59375 0.155556 0.125 0.0888889
43 0.6 0.155556 0.1375 0.0888889
43 0.63125 0.144444 0.125 0.0666667
43 0.63125 0.133333 0.125 0.0444444
42 0.65 0.133333 0.1375 0.0444444
42 0.65 0.144444 0.1125 0.0222222
43 0.6875 0.133333 0.1375 0.133333
30 0.021875 0.155556 0.04375 0.133333
1 0.025 0.155556 0.0375 0.0888889
0 0.05625 0.155556 0.05 0.0444444
1 0.06875 0.144444 0.075 0.0666667
42 0.06875 0.155556 0.075 0.0444444
42 0.065625 0.166667 0.13125 0.0666667
44 0.1375 0.177778 0.1375 0.0444444
44 0.3375 0.166667 0.1375 0.0666667
42 0.34375 0.177778 0.125 0.0444444
42 0.375 0.177778 0.1125 0.0444444
44 0.40625 0.177778 0.125 0.0444444
44 0.44375 0.166667 0.125 0.0666667
44 0.44375 0.177778 0.125 0.0444444
13 0.45625 0.177778 0.125 0.0444444
71 0.4875 0.177778 0.1375 0.0444444
42 0.5875 0.177778 0.1125 0.0444444
42 0.6125 0.177778 0.1375 0.0444444
13 0.63125 0.177778 0.125 0.0444444
13 0.64375 0.166667 0.125 0.0222222
42 0.65 0.166667 0.1125 0.0222222
64 0.74375 0.166667 0.125 0.0222222
13 0.03125 0.188889 0.025 0.0666667
42 0.04375 0.188889 0.025 0.0222222
53 0.0625 0.188889 0.0625 0.0222222
42 0.08125 0.188889 0.05 0.0222222
42 0.09375 0.2 0.075 0.0444444
42 0.075 0.188889 0.1125 0.0222222
43 0.08125 0.177778 0.125 0.0444444
43 0.10625 0.188889 0.125 0.0666667
34 0.11875 0.188889 0.125 0.0666667
8 0.1375 0.177778 0.1375 0.0444444
13 0.14375 0.177778 0.125 0.0444444
42 0.15625 0.188889 0.125 0.0222222
71 0.1875 0.177778 0.1125 0.0444444
71 0.18125 0.188889 0.1 0.0222222
64 0.2125 0.177778 0.1125 0.0444444
42 0.2375 0.188889 0.1375 0.0666667
6 0.25625 0.188889 0.125 0.0666667
3 0.2875 0.188889 0.1375 0.0666667
43 0.3 0.188889 0.1375 0.0666667
42 0.30625 0.188889 0.125 0.0666667
42 0.34375 0.188889 0.125 0.0666667
1 0.36875 0.188889 0.175 0.0666667
1 0.35625 0.177778 0.125 0.0444444
13 0.36875 0.177778 0.125 0.0444444
64 0.38125 0.177778 0.125 0.0444444
42 0.4125 0.188889 0.1125 0.0666667
44 0.43125 0.188889 0.125 0.0666667
42 0.4375 0.177778 0.1375 0.0444444
64 0.44375 0.177778 0.125 0.0444444
16 0.45625 0.177778 0.125 0.0444444
42 0.4875 0.188889 0.1375 0.0666667
42 0.5125 0.188889 0.1375 0.0666667
44 0.53125 0.188889 0.125 0.0666667
42 0.55625 0.188889 0.125 0.0666667
42 0.58125 0.188889 0.125 0.0666667
42 0.625 0.188889 0.1375 0.0666667
42 0.6375 0.177778 0.1375 0.0444444
42 0.64375 0.188889 0.125 0.0222222
71 0.65 0.188889 0.1125 0.0222222
74 0.75625 0.177778 0.125 0.0444444
71 0.7625 0.177778 0.1375 0.0444444
42 0.76875 0.177778 0.15 0.0444444
42 0.78125 0.188889 0.15 0.0666667
13 0.7875 0.188889 0.1625 0.0666667
42 0.8625 0.188889 0.1375 0.0666667
43 0.8875 0.188889 0.1375 0.0666667
67 0.96875 0.177778 0.05 0.0444444
68 0.95625 0.177778 0.075 0.0444444
71 0.95625 0.177778 0.075 0.0444444
42 0.028125 0.211111 0.05625 0.0666667
42 0.034375 0.2 0.06875 0.0444444
8 0.05 0.222222 0.0625 0.0444444
53 0.0625 0.211111 0.0625 0.0222222
71 0.0625 0.211111 0.0875 0.0222222
44 0.06875 0.2 0.125 0.0444444
71 0.06875 0.2 0.125 0.0444444
42 0.10625 0.211111 0.15 0.0666667
43 0.125 0.211111 0.1125 0.0222222
34 0.14375 0.222222 0.125 0.0444444
71 0.14375 0.211111 0.125 0.0222222
64 0.1625 0.211111 0.1375 0.0666667
67 0.20625 0.211111 0.075 0.0666667
