4 0.73125 0.0111111 0.125 0.0222222
8 0.75625 0.0111111 0.125 0.0222222
1 0.76875 0.0111111 0.125 0.0222222
8 0.94375 0.0111111 0.075 0.0222222
6 0.034375 0.0222222 0.06875 0.0444444
21 0.93125 0.0111111 0.1 0.0222222
6 0.021875 0.0444444 0.04375 0.0888889
8 0.015625 0.0222222 0.03125 0.0444444
2 0.015625 0.0444444 0.03125 0.0888889
2 0.025 0.0555556 0.0375 0.0666667
2 0.028125 0.0444444 0.05625 0.0888889
2 0.1375 0.0333333 0.1125 0.0666667
8 0.1875 0.0333333 0.1625 0.0666667
53 0.34375 0.0444444 0.125 0.0888889
2 0.38125 0.0444444 0.2 0.0888889
2 0.41875 0.0444444 0.175 0.0888889
59 0.425 0.0444444 0.1625 0.0888889
2 0.4625 0.0333333 0.1375 0.0666667
2 0.50625 0.0333333 0.175 0.0666667
8 0.53125 0.0444444 0.175 0.0888889
8 0.953125 0.0666667 0.09375 0.0444444
2 0.0375 0.0666667 0.0375 0.0444444
53 0.3875 0.0777778 0.1125 0.0222222
53 0.375 0.0777778 0.0625 0.0222222
54 0.39375 0.0777778 0.05 0.0222222
18 0.39375 0.0777778 0.075 0.0222222
16 0.41875 0.0777778 0.05 0.0222222
16 0.45 0.0777778 0.1125 0.0222222
64 0.45625 0.0666667 0.025 0.0444444
6 0.4625 0.0666667 0.0375 0.0444444
19 0.053125 0.0777778 0.10625 0.111111
2 0.015625 0.0666667 0.03125 0.0888889
2 0.028125 0.0555556 0.05625 0.111111
6 0.0375 0.0888889 0.0375 0.0444444
8 0.15625 0.0777778 0.075 0.0666667
19 0.35625 0.1 0.025 0.0666667
18 0.40625 0.0888889 0.1 0.0444444
2 0.40625 0.0888889 0.125 0.0444444
2 0.39375 0.1 0.025 0.0222222
18 0.45625 0.111111 0.125 0.0444444
2 0.4375 0.1 0.0375 0.0666667
16 0.49375 0.0888889 0.125 0.0444444
19 0.46875 0.0888889 0.05 0.0444444
12 0.48125 0.0888889 0.025 0.0444444
12 0.475 0.0777778 0.0375 0.0666667
8 0.4625 0.0666667 0.1125 0.0888889
8 0.5 0.1 0.1875 0.0222222
2 0.55625 0.0666667 0.2 0.0888889
45 0.6625 0.0777778 0.1875 0.111111
67 0.675 0.0888889 0.0375 0.0888889
8 0.928125 0.0888889 0.14375 0.0888889
8 0.059375 0.0888889 0.11875 0.0888889
19 0.015625 0.1 0.03125 0.111111
29 0.34375 0.133333 0.175 0.0888889
19 0.36875 0.133333 0.175 0.0888889
18 0.375 0.133333 0.1875 0.0888889
18 0.43125 0.122222 0.15 0.0666667
2 0.44375 0.122222 0.125 0.0666667
18 0.4625 0.133333 0.1375 0.0444444
19 0.4 0.122222 0.3125 0.111111
5 0.49375 0.111111 0.125 0.0888889
11 0.45625 0.122222 0.225 0.0666667
8 0.525 0.122222 0.1125 0.0666667
13 0.5625 0.133333 0.1125 0.0444444
8 0.5625 0.122222 0.1125 0.0666667
67 0.059375 0.133333 0.11875 0.133333
2 0.3375 0.144444 0.1875 0.111111
29 0.375 0.155556 0.1625 0.133333
18 0.375 0.166667 0.2875 0.155556
2 0.44375 0.144444 0.125 0.0666667
2 0.45625 0.155556 0.075 0.0444444
18 0.46875 0.111111 0.125 0.0888889
8 0.50625 0.133333 0.075 0.0444444
2 0.53125 0.133333 0.125 0.0444444
2 0.5 0.133333 0.2125 0.0444444
4 0.53125 0.144444 0.15 0.0666667
2 0.55625 0.133333 0.1 0.0444444
6 0.55625 0.133333 0.1 0.0444444
6 0.5625 0.133333 0.2125 0.0888889
6 0.64375 0.122222 0.175 0.0666667
43 0.88125 0.133333 0.15 0.0444444
43 0.8875 0.122222 0.1375 0.0222222
8 0.940625 0.122222 0.11875 0.0222222
8 0.865625 0.133333 0.26875 0.0444444
29 0.065625 0.166667 0.13125 0.111111
26 0.075 0.188889 0.0875 0.0666667
26 0.15 0.177778 0.0875 0.0444444
26 0.15 0.177778 0.0375 0.0444444
6 0.16875 0.166667 0.075 0.0666667
6 0.1625 0.144444 0.0625 0.0666667
10 0.2375 0.188889 0.0875 0.0666667
10 0.2875 0.155556 0.1625 0.0888889
2 0.325 0.188889 0.0875 0.0666667
2 0.375 0.177778 0.1625 0.0888889
8 0.36875 0.177778 0.15 0.0888889
71 0.41875 0.177778 0.225 0.0444444
7 0.425 0.166667 0.1625 0.0666667
7 0.46875 0.166667 0.1 0.0666667
8 0.48125 0.166667 0.075 0.111111
26 0.425 0.188889 0.2125 0.0666667
10 0.475 0.166667 0.0125 0.111111
21 0.5125 0.144444 0.0625 0.0222222
64 0.50625 0.133333 0.05 0.0444444
2 0.56875 0.166667 0.1 0.0222222
6 0.575 0.166667 0.1125 0.0222222
2 0.8875 0.155556 0.1625 0.0888889
6 0.88125 0.144444 0.15 0.0666667
12 0.925 0.133333 0.0875 0.0444444
2 0.959375 0.144444 0.08125 0.0666667
9 0.946875 0.166667 0.10625 0.111111
2 0.065625 0.177778 0.13125 0.133333
26 0.059375 0.2 0.11875 0.177778
35 0.034375 0.233333 0.06875 0.111111
58 0.05625 0.211111 0.025 0.0666667
10 0.14375 0.188889 0.075 0.111111
10 0.125 0.188889 0.0125 0.111111
10 0.1375 0.166667 0.0125 0.0666667
16 0.14375 0.166667 0.025 0.0666667
10 0.15 0.177778 0.0375 0.0444444
7 0.1625 0.166667 0.0375 0.0666667
15 0.2125 0.155556 0.1125 0.0888889
16 0.2 0.166667 0.0125 0.0666667
8 0.21875 0.166667 0.275 0.0666667
8 0.2375 0.2 0.1375 0.0444444
8 0.2875 0.2 0.0375 0.0444444
8 0.28125 0.211111 0.1 0.0666667
65 0.3 0.211111 0.1125 0.0666667
2 0.3 0.211111 0.1125 0.0666667
2 0.31875 0.211111 0.1 0.0666667
29 0.36875 0.211111 0.15 0.0666667
8 0.38125 0.233333 0.175 0.111111
29 0.3625 0.211111 0.2125 0.155556
26 0.36875 0.211111 0.25 0.155556
11 0.38125 0.222222 0.25 0.133333
26 0.40625 0.2 0.225 0.0888889
6 0.45 0.188889 0.0125 0.0666667
10 0.46875 0.2 0.1 0.0888889
8 0.4875 0.2 0.1375 0.0888889
13 0.4875 0.2 0.1625 0.0888889
12 0.5 0.188889 0.1625 0.0666667
0 0.525 0.188889 0.0875 0.0666667
16 0.53125 0.188889 0.1 0.0666667
13 0.53125 0.177778 0.15 0.0444444
2 0.5375 0.177778 0.1625 0.0444444
8 0.53125 0.177778 0.175 0.0444444
8 0.53125 0.188889 0.2 0.0666667
1 0.55 0.177778 0.2125 0.0444444
25 0.5875 0.177778 0.1375 0.0444444
2 0.6625 0.155556 0.0625 0.0888889
8 0.71875 0.166667 0.1 0.0666667
26 0.78125 0.155556 0.1 0.0888889
0 0.8375 0.166667 0.0875 0.0666667
0 0.925 0.177778 0.0875 0.0444444
0 0.925 0.155556 0.0625 0.0888889
2 0.93125 0.155556 0.075 0.133333
12 0.9375 0.2 0.0375 0.0888889
8 0.071875 0.211111 0.14375 0.111111
2 0.059375 0.2 0.11875 0.0888889
26 0.028125 0.222222 0.05625 0.0444444
8 0.03125 0.233333 0.05 0.0666667
4 0.10625 0.233333 0.15 0.0666667
8 0.125 0.233333 0.1625 0.0666667
7 0.125 0.233333 0.1375 0.0666667
2 0.35625 0.222222 0.075 0.0444444
58 0.475 0.2 0.0625 0.0888889
8 0.46875 0.222222 0.1 0.0444444
2 0.49375 0.233333 0.175 0.0666667
8 0.50625 0.233333 0.175 0.0666667
0 0.54375 0.233333 0.075 0.0666667
0 0.55625 0.211111 0.075 0.0222222
13 0.55625 0.233333 0.1 0.0666667
13 0.5125 0.222222 0.2125 0.0444444
13 0.525 0.233333 0.2125 0.0666667
14 0.53125 0.222222 0.2 0.0888889
16 0.55 0.188889 0.2125 0.0666667
26 0.5875 0.188889 0.1625 0.0666667
2 0.59375 0.188889 0.175 0.0666667
10 0.61875 0.211111 0.175 0.0222222
13 0.61875 0.222222 0.15 0.0444444
64 0.65625 0.2 0.05 0.0444444
13 0.675 0.211111 0.0875 0.0666667
45 0.65 0.211111 0.1875 0.0666667
71 0.66875 0.177778 0.125 0.0888889
9 0.7125 0.2 0.0625 0.0444444
26 0.8375 0.188889 0.0625 0.111111
13 0.8375 0.2 0.0875 0.0888889
2 0.84375 0.188889 0.075 0.111111
2 0.8625 0.2 0.0625 0.0888889
45 0.85625 0.188889 0.075 0.0666667
2 0.93125 0.155556 0.05 0.222222
29 0.959375 0.211111 0.08125 0.0666667
64 0.990625 0.211111 0.01875 0.0222222
64 0.059375 0.222222 0.11875 0.0888889
10 0.66875 0.211111 0.025 0.0666667
26 0.69375 0.211111 0.075 0.0666667
29 0.68125 0.222222 0.125 0.0444444
19 0.73125 0.211111 0.125 0.111111
16 0.8375 0.222222 0.0625 0.0444444
9 0.85 0.211111 0.0625 0.0666667
26 0.9375 0.211111 0.0375 0.0666667
8 0.959375 0.244444 0.08125 0.0444444
18 0.990625 0.222222 0.01875 0.0444444
71 0.68125 0.244444 0.1 0.0444444
65 0.68125 0.266667 0.125 0.0888889
2 0.6875 0.266667 0.1375 0.0888889
19 0.7625 0.255556 0.0625 0.0666667
10 0.84375 0.244444 0.075 0.0888889
8 0.959375 0.244444 0.08125 0.0888889
8 0.95625 0.255556 0.075 0.0666667
18 0.990625 0.244444 0.01875 0.0444444
16 0.7125 0.277778 0.2875 0.111111
2 0.8625 0.3 0.1375 0.0666667
10 0.85 0.288889 0.0625 0.0444444
18 0.99375 0.277778 0 0.0222222
71 0.66875 0.266667 0.075 0.0888889
4 0.8625 0.311111 0.1375 0.0888889
8 0.84375 0.3 0.1 0.0666667
8 0.8625 0.3 0.1875 0.0666667
8 0.8875 0.266667 0.1375 0.133333
8 0.859375 0.266667 0.28125 0.133333
26 0.953125 0.277778 0.09375 0.155556
29 0.959375 0.288889 0.08125 0.0888889
64 0.996875 0.3 0.00625 0.0222222
2 0.065625 0.311111 0.13125 0.0888889
2 0.059375 0.322222 0.11875 0.0666667
43 0.15625 0.311111 0.175 0.0888889
8 0.43125 0.3 0.175 0.0666667
8 0.4625 0.277778 0.0625 0.155556
2 0.7 0.333333 0.1375 0.0444444
2 0.70625 0.344444 0.15 0.0666667
26 0.6625 0.344444 0.1125 0.0666667
45 0.69375 0.333333 0.125 0.0444444
67 0.725 0.322222 0.0875 0.0222222
29 0.7625 0.322222 0.0375 0.0222222
2 0.81875 0.333333 0.075 0.0444444
8 0.8125 0.333333 0.0375 0.0444444
2 0.8125 0.322222 0.0375 0.0222222
10 0.8375 0.333333 0.0875 0.0444444
8 0.84375 0.333333 0.1 0.0444444
13 0.8625 0.322222 0.0625 0.0222222
16 0.86875 0.322222 0.025 0.0222222
31 0.89375 0.322222 0.075 0.0222222
36 0.9 0.322222 0.0375 0.0222222
36 0.953125 0.322222 0.09375 0.0222222
48 0.959375 0.333333 0.08125 0.0444444
67 0.94375 0.311111 0.05 0.0444444
65 0.959375 0.333333 0.08125 0.0444444
2 0.065625 0.333333 0.13125 0.0888889
7 0.034375 0.311111 0.06875 0.133333
8 0.4625 0.355556 0.1875 0.0444444
10 0.475 0.355556 0.0375 0.0444444
67 0.5625 0.355556 0.0875 0.0444444
67 0.55625 0.366667 0.175 0.0666667
67 0.54375 0.355556 0.075 0.0444444
71 0.56875 0.344444 0.1 0.0666667
31 0.56875 0.344444 0.125 0.0666667
13 0.6125 0.333333 0.0375 0.0444444
2 0.6 0.322222 0.0875 0.0666667
2 0.63125 0.322222 0.15 0.0666667
26 0.70625 0.377778 0.15 0.133333
67 0.66875 0.355556 0.225 0.0888889
29 0.73125 0.355556 0.125 0.0888889
29 0.69375 0.333333 0.075 0.0444444
45 0.73125 0.333333 0.075 0.0444444
8 0.79375 0.333333 0.175 0.0444444
2 0.8625 0.333333 0.1375 0.0444444
8 0.81875 0.333333 0.075 0.0444444
8 0.875 0.344444 0.1625 0.0666667
30 0.84375 0.333333 0.125 0.0444444
13 0.915625 0.333333 0.16875 0.0444444
30 0.9125 0.333333 0.1625 0.0444444
30 0.86875 0.333333 0.1 0.0444444
67 0.9375 0.333333 0.0375 0.0444444
2 0.053125 0.355556 0.10625 0.0888889
2 0.01875 0.377778 0.025 0.0444444
7 0.028125 0.366667 0.05625 0.0666667
10 0.51875 0.344444 0.1 0.0666667
12 0.48125 0.355556 0.025 0.0444444
10 0.5 0.366667 0.0125 0.0666667
10 0.5125 0.355556 0.0125 0.0888889
10 0.48125 0.355556 0.1 0.0888889
0 0.5375 0.344444 0.0375 0.0666667
8 0.54375 0.355556 0.025 0.0444444
26 0.55 0.366667 0.0625 0.0666667
12 0.55625 0.366667 0.05 0.0666667
44 0.56875 0.377778 0.05 0.0444444
6 0.55 0.366667 0.1375 0.0666667
2 0.55625 0.366667 0.15 0.0666667
2 0.5625 0.355556 0.1125 0.0888889
8 0.6625 0.366667 0.0875 0.0666667
6 0.60625 0.388889 0.2 0.155556
2 0.65625 0.355556 0.05 0.0888889
2 0.7 0.388889 0.1375 0.155556
67 0.675 0.388889 0.0875 0.155556
67 0.6875 0.366667 0.0375 0.111111
67 0.7 0.355556 0.0625 0.0888889
8 0.7125 0.366667 0.0625 0.0666667
2 0.775 0.344444 0.2125 0.0666667
21 0.8375 0.344444 0.1625 0.0666667
2 0.85625 0.344444 0.15 0.0666667
