8 0.065625 0.0111111 0.13125 0.0222222
8 0.25 0.0222222 0.1625 0.0444444
8 0.2875 0.0222222 0.1875 0.0444444
8 0.34375 0.0222222 0.175 0.0444444
8 0.45625 0.0222222 0.15 0.0444444
8 0.59375 0.0222222 0.175 0.0444444
43 0.60625 0.0222222 0.175 0.0444444
44 0.6375 0.0222222 0.1875 0.0444444
44 0.61875 0.0222222 0.275 0.0444444
43 0.70625 0.0222222 0.15 0.0444444
44 0.71875 0.0222222 0.15 0.0444444
8 0.725 0.0222222 0.1625 0.0444444
8 0.70625 0.0222222 0.25 0.0444444
8 0.76875 0.0222222 0.15 0.0444444
44 0.80625 0.0222222 0.15 0.0444444
44 0.76875 0.0222222 0.25 0.0444444
43 0.7875 0.0222222 0.2875 0.0444444
8 0.8625 0.0222222 0.1625 0.0444444
8 0.89375 0.0222222 0.175 0.0444444
44 0.884375 0.0222222 0.23125 0.0444444
44 0.953125 0.0222222 0.09375 0.0444444
44 0.965625 0.0111111 0.06875 0.0222222
37 0.953125 0.0111111 0.09375 0.0222222
8 0.065625 0.0333333 0.13125 0.0666667
8 0.16875 0.0333333 0.175 0.0666667
8 0.225 0.0333333 0.1875 0.0666667
8 0.23125 0.0333333 0.175 0.0666667
8 0.26875 0.0333333 0.175 0.0666667
8 0.325 0.0333333 0.1375 0.0666667
44 0.34375 0.0222222 0.175 0.0444444
44 0.33125 0.0222222 0.075 0.0444444
44 0.3875 0.0222222 0.1875 0.0444444
44 0.45 0.0222222 0.1875 0.0444444
44 0.46875 0.0222222 0.15 0.0444444
44 0.5875 0.0222222 0.1625 0.0444444
44 0.6125 0.0222222 0.1875 0.0444444
44 0.63125 0.0222222 0.175 0.0444444
44 0.75 0.0222222 0.1625 0.0444444
44 0.76875 0.0222222 0.15 0.0444444
43 0.78125 0.0222222 0.175 0.0444444
44 0.80625 0.0222222 0.175 0.0444444
44 0.81875 0.0222222 0.175 0.0444444
43 0.85625 0.0222222 0.15 0.0444444
42 0.8625 0.0222222 0.1625 0.0444444
8 0.85625 0.0222222 0.15 0.0444444
44 0.89375 0.0222222 0.175 0.0444444
44 0.921875 0.0222222 0.15625 0.0444444
44 0.934375 0.0222222 0.13125 0.0444444
30 0.959375 0.0222222 0.08125 0.0444444
30 0.95 0.0111111 0.0875 0.0222222
16 0.990625 0.0111111 0.01875 0.0222222
8 0.015625 0.0333333 0.03125 0.0666667
8 0.24375 0.0333333 0.175 0.0666667
8 0.2875 0.0333333 0.1875 0.0666667
8 0.34375 0.0333333 0.15 0.0666667
8 0.33125 0.0333333 0.175 0.0666667
8 0.38125 0.0333333 0.175 0.0666667
8 0.40625 0.0222222 0.175 0.0444444
8 0.375 0.0333333 0.0875 0.0666667
44 0.3875 0.0333333 0.0875 0.0666667
8 0.45 0.0333333 0.1875 0.0666667
8 0.46875 0.0333333 0.125 0.0666667
8 0.43125 0.0333333 0.075 0.0666667
44 0.4875 0.0333333 0.2125 0.0666667
44 0.53125 0.0333333 0.175 0.0666667
8 0.575 0.0222222 0.1625 0.0444444
8 0.55 0.0222222 0.0875 0.0444444
8 0.5625 0.0333333 0.0875 0.0666667
44 0.63125 0.0333333 0.175 0.0666667
8 0.65 0.0333333 0.1625 0.0666667
8 0.625 0.0333333 0.0875 0.0666667
8 0.68125 0.0333333 0.15 0.0666667
8 0.65 0.0333333 0.0875 0.0666667
8 0.7375 0.0222222 0.1625 0.0444444
44 0.78125 0.0333333 0.175 0.0666667
44 0.8375 0.0333333 0.1625 0.0666667
8 0.85625 0.0333333 0.175 0.0666667
8 0.825 0.0333333 0.0875 0.0666667
44 0.928125 0.0333333 0.14375 0.0666667
30 0.959375 0.0333333 0.08125 0.0666667
3 0.953125 0.0222222 0.09375 0.0444444
3 0.959375 0.0222222 0.08125 0.0444444
43 0.11875 0.0555556 0.15 0.0222222
31 0.125 0.0555556 0.1375 0.0222222
31 0.15 0.0666667 0.1375 0.0444444
31 0.1625 0.0555556 0.1375 0.0222222
44 0.19375 0.0666667 0.15 0.0444444
31 0.21875 0.0666667 0.125 0.0444444
31 0.24375 0.0666667 0.15 0.0444444
31 0.25 0.0444444 0.1375 0.0888889
31 0.26875 0.0333333 0.15 0.0666667
43 0.275 0.0666667 0.1375 0.0444444
8 0.26875 0.0666667 0.15 0.0444444
8 0.31875 0.0444444 0.15 0.0888889
31 0.325 0.0666667 0.1625 0.0444444
31 0.30625 0.0666667 0.1 0.0444444
31 0.35625 0.0666667 0.15 0.0444444
31 0.3375 0.0666667 0.0875 0.0444444
31 0.3875 0.0666667 0.1625 0.0444444
43 0.40625 0.0666667 0.175 0.0444444
31 0.4125 0.0555556 0.1375 0.0222222
31 0.375 0.0555556 0.0875 0.0222222
31 0.475 0.0555556 0.1625 0.0222222
31 0.46875 0.0333333 0.125 0.0666667
31 0.43125 0.0333333 0.075 0.0666667
31 0.525 0.0666667 0.1375 0.0444444
44 0.53125 0.0666667 0.175 0.0444444
31 0.525 0.0444444 0.1625 0.0888889
31 0.5 0.0333333 0.0875 0.0666667
31 0.55625 0.0333333 0.15 0.0666667
31 0.54375 0.0666667 0.075 0.0444444
31 0.5625 0.0555556 0.0875 0.0222222
31 0.5875 0.0555556 0.0875 0.0222222
31 0.60625 0.0555556 0.075 0.0222222
8 0.63125 0.0555556 0.05 0.0222222
8 0.64375 0.0555556 0.05 0.0222222
8 0.65 0.0333333 0.0375 0.0666667
8 0.66875 0.0333333 0.05 0.0666667
31 0.68125 0.0555556 0.05 0.0222222
31 0.69375 0.0555556 0.05 0.0222222
31 0.70625 0.0555556 0.05 0.0222222
31 0.71875 0.0555556 0.05 0.0222222
31 0.71875 0.0555556 0.075 0.0222222
8 0.73125 0.0555556 0.075 0.0222222
8 0.75625 0.0555556 0.05 0.0222222
30 0.76875 0.0555556 0.05 0.0222222
30 0.78125 0.0555556 0.05 0.0222222
31 0.7875 0.0333333 0.0875 0.0666667
8 0.80625 0.0333333 0.075 0.0666667
8 0.8375 0.0333333 0.0625 0.0666667
31 0.84375 0.0333333 0.05 0.0666667
16 0.875 0.0333333 0.0625 0.0666667
8 0.934375 0.0333333 0.13125 0.0666667
8 0.896875 0.0444444 0.20625 0.0444444
30 0.925 0.0333333 0.0625 0.0666667
30 0.9125 0.0333333 0.0875 0.0666667
30 0.934375 0.0333333 0.13125 0.0666667
30 0.928125 0.0333333 0.14375 0.0666667
30 0.94375 0.0555556 0.075 0.0222222
3 0.95 0.0555556 0.0875 0.0222222
3 0.959375 0.0666667 0.08125 0.0444444
8 0.053125 0.0555556 0.10625 0.111111
8 0.021875 0.0444444 0.04375 0.0888889
31 0.025 0.0444444 0.0375 0.0888889
31 0.1 0.0555556 0.1375 0.0666667
44 0.1125 0.0666667 0.1375 0.0888889
44 0.125 0.0777778 0.0375 0.0666667
44 0.175 0.0777778 0.1375 0.0666667
8 0.18125 0.0777778 0.175 0.0666667
31 0.20625 0.0666667 0.175 0.0888889
31 0.21875 0.0555556 0.175 0.111111
44 0.225 0.0555556 0.1625 0.111111
31 0.25 0.0666667 0.1875 0.0888889
31 0.26875 0.0666667 0.125 0.0888889
8 0.325 0.0666667 0.1375 0.0444444
8 0.325 0.0777778 0.1625 0.0666667
31 0.33125 0.0777778 0.175 0.0666667
44 0.3875 0.0666667 0.1625 0.0444444
44 0.38125 0.0666667 0.075 0.0444444
44 0.425 0.0666667 0.1625 0.0444444
8 0.44375 0.0666667 0.2 0.0444444
8 0.46875 0.0666667 0.125 0.0444444
8 0.43125 0.0666667 0.075 0.0444444
8 0.46875 0.0555556 0.15 0.0666667
31 0.475 0.0666667 0.1625 0.0444444
31 0.5125 0.0777778 0.1125 0.0666667
44 0.5375 0.0777778 0.1375 0.0666667
31 0.50625 0.0666667 0.075 0.0444444
44 0.575 0.0666667 0.1125 0.0444444
3 0.55625 0.0666667 0.075 0.0444444
31 0.5625 0.0777778 0.0875 0.0666667
16 0.6375 0.0666667 0.0625 0.0444444
16 0.64375 0.0555556 0.075 0.0666667
31 0.79375 0.0666667 0.075 0.0444444
8 0.8125 0.0666667 0.0875 0.0444444
31 0.8375 0.0555556 0.0625 0.0666667
16 0.8375 0.0444444 0.0625 0.0888889
31 0.9125 0.0555556 0.1375 0.0666667
44 0.925 0.0555556 0.1375 0.0666667
8 0.934375 0.0666667 0.13125 0.0444444
8 0.9125 0.0666667 0.0625 0.0444444
30 0.90625 0.0444444 0.05 0.0888889
30 0.9125 0.0444444 0.0875 0.0888889
69 0.9125 0.0666667 0.0875 0.0444444
69 0.928125 0.0666667 0.14375 0.0444444
69 0.95625 0.0666667 0.075 0.0444444
2 0.959375 0.0777778 0.08125 0.0666667
8 0.053125 0.0666667 0.10625 0.133333
8 0.021875 0.0555556 0.04375 0.111111
8 0.05 0.0555556 0.0625 0.111111
8 0.0875 0.0666667 0.1375 0.133333
8 0.1 0.1 0.1375 0.0222222
8 0.10625 0.111111 0.175 0.0444444
8 0.11875 0.0666667 0.2 0.0888889
44 0.1875 0.0888889 0.1875 0.0888889
8 0.2 0.0888889 0.1875 0.0888889
8 0.16875 0.0666667 0.1 0.0888889
44 0.225 0.0666667 0.1625 0.0888889
8 0.24375 0.0777778 0.2 0.111111
8 0.225 0.0666667 0.0875 0.0888889
8 0.29375 0.0666667 0.2 0.0888889
8 0.3 0.0888889 0.1125 0.0888889
44 0.31875 0.0888889 0.075 0.0888889
31 0.31875 0.0888889 0.075 0.0888889
44 0.34375 0.0888889 0.2 0.0888889
44 0.38125 0.0888889 0.175 0.0888889
30 0.4 0.0888889 0.1875 0.0888889
69 0.4 0.0777778 0.1625 0.0666667
44 0.375 0.0777778 0.0875 0.0666667
8 0.44375 0.0888889 0.2 0.0888889
8 0.4625 0.0888889 0.1375 0.0888889
8 0.43125 0.0888889 0.075 0.0888889
31 0.46875 0.0666667 0.15 0.0888889
44 0.50625 0.0888889 0.1 0.0888889
3 0.53125 0.0888889 0.15 0.0888889
3 0.55625 0.0777778 0.15 0.0666667
3 0.55 0.0888889 0.0625 0.0444444
3 0.5625 0.0777778 0.0875 0.0666667
3 0.58125 0.0777778 0.1 0.0666667
8 0.6 0.1 0.0875 0.0666667
8 0.6125 0.0777778 0.0875 0.111111
3 0.61875 0.0666667 0.1 0.0888889
3 0.64375 0.0666667 0.075 0.0888889
3 0.65 0.0777778 0.0875 0.0666667
3 0.68125 0.0777778 0.05 0.0666667
3 0.68125 0.0777778 0.075 0.0666667
16 0.6875 0.0888889 0.0875 0.0444444
28 0.7 0.0888889 0.0875 0.0444444
24 0.7125 0.0888889 0.0875 0.0444444
24 0.73125 0.0888889 0.075 0.0444444
16 0.74375 0.0888889 0.075 0.0444444
28 0.775 0.0777778 0.0625 0.0666667
3 0.78125 0.0888889 0.075 0.0444444
3 0.81875 0.111111 0.15 0.0444444
3 0.81875 0.111111 0.1 0.0444444
16 0.83125 0.111111 0.1 0.0444444
16 0.84375 0.0666667 0.1 0.0888889
16 0.90625 0.111111 0.125 0.0444444
21 0.91875 0.111111 0.075 0.0444444
28 0.91875 0.111111 0.075 0.0444444
6 0.9125 0.1 0.0625 0.0222222
3 0.90625 0.0777778 0.075 0.0666667
3 0.925 0.0888889 0.1375 0.0888889
3 0.95625 0.0888889 0.075 0.0888889
2 0.95 0.0888889 0.0875 0.0888889
8 0.059375 0.0888889 0.11875 0.133333
8 0.015625 0.1 0.03125 0.111111
16 0.0375 0.1 0.0625 0.155556
16 0.03125 0.0888889 0.025 0.0888889
24 0.06875 0.111111 0.05 0.0444444
28 0.05625 0.111111 0.075 0.0444444
28 0.10625 0.111111 0.175 0.0444444
3 0.1125 0.111111 0.1625 0.0444444
3 0.09375 0.111111 0.1 0.0444444
3 0.13125 0.111111 0.1 0.0444444
3 0.18125 0.111111 0.175 0.0444444
3 0.16875 0.111111 0.1 0.0444444
28 0.19375 0.111111 0.1 0.0444444
28 0.225 0.0888889 0.0875 0.0888889
3 0.225 0.0888889 0.0875 0.0888889
8 0.2875 0.1 0.2125 0.0666667
8 0.31875 0.111111 0.15 0.0444444
70 0.3125 0.1 0.0875 0.111111
3 0.36875 0.1 0.175 0.111111
3 0.43125 0.111111 0.2 0.0444444
3 0.425 0.0888889 0.0875 0.0888889
3 0.4375 0.0888889 0.0875 0.133333
28 0.475 0.1 0.1625 0.111111
3 0.4875 0.1 0.0875 0.111111
2 0.5 0.1 0.0875 0.111111
2 0.54375 0.1 0.15 0.111111
2 0.51875 0.111111 0.1 0.0444444
2 0.55 0.111111 0.0625 0.0444444
3 0.6 0.122222 0.1625 0.0666667
3 0.5875 0.111111 0.0875 0.0888889
3 0.6 0.1 0.0875 0.111111
3 0.61875 0.1 0.1 0.111111
3 0.65 0.1 0.0875 0.111111
3 0.675 0.1 0.0375 0.111111
3 0.675 0.1 0.0625 0.111111
3 0.6875 0.111111 0.0625 0.0888889
28 0.7 0.111111 0.0875 0.0888889
28 0.71875 0.122222 0.075 0.0666667
3 0.73125 0.111111 0.075 0.0888889
2 0.7375 0.1 0.0875 0.111111
28 0.78125 0.1 0.15 0.111111
3 0.85 0.122222 0.1625 0.0666667
28 0.8875 0.122222 0.1625 0.0666667
3 0.9 0.122222 0.1125 0.0666667
2 0.9 0.122222 0.0875 0.0666667
1 0.9125 0.1 0.0875 0.111111
2 0.91875 0.1 0.075 0.111111
2 0.953125 0.1 0.09375 0.111111
8 0.053125 0.111111 0.10625 0.133333
8 0.015625 0.122222 0.03125 0.111111
8 0.034375 0.122222 0.06875 0.155556
12 0.034375 0.1 0.06875 0.111111
28 0.05625 0.144444 0.075 0.0222222
3 0.05625 0.155556 0.075 0.0444444
3 0.05625 0.133333 0.1 0.0888889
