42 0.046875 0.0222222 0.09375 0.0444444
29 0.053125 0.0222222 0.10625 0.0444444
44 0.06875 0.0111111 0.125 0.0222222
34 0.08125 0.0111111 0.125 0.0222222
34 0.1125 0.0111111 0.1125 0.0222222
34 0.1375 0.0111111 0.1125 0.0222222
34 0.1625 0.0111111 0.1125 0.0222222
44 0.19375 0.0111111 0.125 0.0222222
44 0.21875 0.0111111 0.125 0.0222222
44 0.25 0.0111111 0.1125 0.0222222
44 0.3 0.0111111 0.1625 0.0222222
34 0.325 0.0111111 0.1625 0.0222222
43 0.35 0.0111111 0.1625 0.0222222
34 0.3625 0.0111111 0.1625 0.0222222
34 0.39375 0.0111111 0.175 0.0222222
34 0.43125 0.0111111 0.175 0.0222222
43 0.44375 0.0111111 0.175 0.0222222
44 0.43125 0.0111111 0.125 0.0222222
44 0.49375 0.0111111 0.175 0.0222222
44 0.6875 0.0111111 0.1625 0.0222222
34 0.7125 0.0111111 0.1625 0.0222222
44 0.725 0.0111111 0.1625 0.0222222
34 0.7625 0.0111111 0.1625 0.0222222
44 0.775 0.0111111 0.1625 0.0222222
44 0.79375 0.0111111 0.15 0.0222222
34 0.80625 0.0111111 0.125 0.0222222
29 0.81875 0.0111111 0.125 0.0222222
6 0.83125 0.0111111 0.125 0.0222222
34 0.84375 0.0111111 0.125 0.0222222
34 0.88125 0.0111111 0.15 0.0222222
44 0.9 0.0111111 0.0875 0.0222222
44 0.9125 0.0111111 0.1125 0.0222222
44 0.940625 0.0111111 0.11875 0.0222222
43 0.946875 0.0111111 0.10625 0.0222222
6 0.953125 0.0111111 0.09375 0.0222222
34 0.959375 0.0111111 0.08125 0.0222222
4 0.959375 0.0111111 0.08125 0.0222222
44 0.3625 0.0111111 0.1625 0.0222222
44 0.36875 0.0222222 0.175 0.0444444
44 0.4 0.0222222 0.1625 0.0444444
44 0.83125 0.0111111 0.125 0.0222222
44 0.8625 0.0111111 0.0875 0.0222222
44 0.946875 0.0111111 0.10625 0.0222222
44 0.946875 0.0222222 0.10625 0.0444444
4 0.95625 0.0222222 0.075 0.0444444
4 0.021875 0.0333333 0.04375 0.0666667
44 0.375 0.0222222 0.1125 0.0444444
44 0.425 0.0222222 0.1625 0.0444444
42 0.85 0.0222222 0.0875 0.0444444
34 0.8625 0.0333333 0.0875 0.0666667
42 0.85625 0.0333333 0.1 0.0666667
42 0.86875 0.0222222 0.1 0.0444444
8 0.86875 0.0222222 0.125 0.0444444
79 0.95625 0.0222222 0.075 0.0444444
2 0.021875 0.0444444 0.04375 0.0888889
4 0.01875 0.0555556 0.025 0.111111
16 0.08125 0.0555556 0.125 0.0666667
16 0.08125 0.0444444 0.05 0.0444444
44 0.0625 0.0444444 0.0125 0.0444444
44 0.09375 0.0444444 0.05 0.0444444
16 0.10625 0.0333333 0.025 0.0222222
20 0.1125 0.0333333 0.0375 0.0222222
20 0.13125 0.0333333 0.025 0.0222222
16 0.14375 0.0222222 0 0.0444444
16 0.15625 0.0222222 0 0.0444444
44 0.1625 0.0222222 0.0125 0.0444444
44 0.2 0.0333333 0.0625 0.0666667
44 0.20625 0.0333333 0.1 0.0666667
44 0.25 0.0333333 0.0625 0.0666667
21 0.2625 0.0222222 0.0625 0.0444444
47 0.28125 0.0222222 0.05 0.0444444
32 0.29375 0.0222222 0.05 0.0444444
44 0.30625 0.0222222 0.05 0.0444444
51 0.31875 0.0222222 0.05 0.0444444
52 0.4 0.0222222 0.0625 0.0444444
44 0.4125 0.0333333 0.0625 0.0666667
44 0.41875 0.0222222 0.075 0.0444444
52 0.46875 0.0222222 0.05 0.0444444
52 0.46875 0.0222222 0.125 0.0444444
44 0.46875 0.0333333 0.125 0.0666667
44 0.5125 0.0333333 0.1625 0.0666667
52 0.5 0.0222222 0.1375 0.0444444
44 0.525 0.0333333 0.1125 0.0666667
44 0.54375 0.0333333 0.1 0.0666667
44 0.575 0.0333333 0.0625 0.0666667
44 0.675 0.0333333 0.0625 0.0666667
52 0.7 0.0333333 0.0625 0.0666667
44 0.7125 0.0333333 0.0625 0.0666667
44 0.725 0.0333333 0.0625 0.0666667
44 0.7375 0.0333333 0.0625 0.0666667
44 0.75 0.0333333 0.0625 0.0666667
44 0.7625 0.0333333 0.0625 0.0666667
44 0.775 0.0333333 0.0625 0.0666667
44 0.8125 0.0333333 0.1125 0.0666667
44 0.7875 0.0333333 0.0125 0.0666667
44 0.825 0.0333333 0.0625 0.0666667
44 0.85625 0.0333333 0.1 0.0666667
29 0.8625 0.0333333 0.0875 0.0666667
29 0.84375 0.0333333 0.125 0.0666667
43 0.8625 0.0333333 0.1375 0.0666667
44 0.9 0.0333333 0.1875 0.0666667
29 0.915625 0.0333333 0.16875 0.0666667
43 0.9125 0.0333333 0.1375 0.0666667
44 0.946875 0.0333333 0.10625 0.0666667
2 0.021875 0.0666667 0.04375 0.0888889
2 0.01875 0.0666667 0.025 0.0888889
44 0.05625 0.0666667 0.075 0.0444444
44 0.11875 0.0555556 0.1 0.0666667
44 0.13125 0.0666667 0.1 0.0444444
44 0.19375 0.0666667 0.15 0.0444444
44 0.23125 0.0555556 0.15 0.0666667
44 0.20625 0.0555556 0.125 0.0666667
44 0.4125 0.0555556 0.1125 0.0666667
43 0.43125 0.0555556 0.125 0.0666667
43 0.45 0.0444444 0.1375 0.0888889
44 0.45625 0.0444444 0.15 0.0888889
44 0.49375 0.0555556 0.15 0.0666667
34 0.5 0.0444444 0.1375 0.0888889
34 0.5125 0.0555556 0.1375 0.0666667
44 0.55 0.0555556 0.1125 0.0666667
34 0.5625 0.0555556 0.1125 0.0666667
4 0.575 0.0444444 0.1125 0.0888889
34 0.5875 0.0555556 0.1125 0.0666667
44 0.6 0.0555556 0.1375 0.0666667
44 0.76875 0.0555556 0.075 0.0666667
44 0.775 0.0555556 0.1125 0.0666667
44 0.8375 0.0555556 0.0625 0.0666667
44 0.85 0.0555556 0.0625 0.0666667
44 0.86875 0.0555556 0.075 0.0666667
29 0.85625 0.0555556 0.125 0.0666667
44 0.86875 0.0555556 0.125 0.0666667
44 0.9 0.0444444 0.1375 0.0444444
29 0.94375 0.0444444 0.075 0.0444444
34 0.953125 0.0555556 0.09375 0.0666667
43 0.95625 0.0555556 0.075 0.0666667
43 0.946875 0.0555556 0.10625 0.0666667
44 0.946875 0.0555556 0.10625 0.0666667
4 0.021875 0.0888889 0.04375 0.0888889
9 0.01875 0.1 0.025 0.0666667
44 0.06875 0.0888889 0.1 0.0888889
44 0.11875 0.0888889 0.1 0.0888889
44 0.1375 0.1 0.0875 0.0666667
34 0.15 0.0888889 0.0875 0.0888889
44 0.15625 0.0888889 0.075 0.0888889
44 0.175 0.0888889 0.1125 0.0888889
44 0.25 0.1 0.0875 0.0666667
44 0.25625 0.0888889 0.1 0.0888889
44 0.26875 0.0777778 0.1 0.0666667
44 0.31875 0.0888889 0.125 0.0888889
34 0.3375 0.0888889 0.1375 0.0888889
44 0.35 0.0888889 0.1125 0.0888889
43 0.375 0.0888889 0.1125 0.0888889
34 0.3875 0.0888889 0.1375 0.0888889
4 0.4125 0.1 0.1125 0.0666667
4 0.41875 0.0888889 0.125 0.0888889
4 0.44375 0.0888889 0.125 0.0888889
4 0.46875 0.1 0.125 0.0666667
4 0.48125 0.0888889 0.1 0.0888889
34 0.50625 0.0777778 0.125 0.0666667
34 0.53125 0.0888889 0.075 0.0888889
34 0.54375 0.0777778 0.075 0.0666667
13 0.575 0.0777778 0.0875 0.0666667
43 0.6 0.0777778 0.1125 0.0666667
44 0.84375 0.0777778 0.125 0.0666667
44 0.9 0.0777778 0.0625 0.0666667
44 0.90625 0.0888889 0.075 0.0888889
44 0.94375 0.0888889 0.075 0.0888889
34 0.953125 0.0888889 0.09375 0.0888889
44 0.959375 0.0888889 0.08125 0.0888889
34 0.965625 0.0888889 0.06875 0.0888889
43 0.95625 0.0888889 0.075 0.0888889
44 0.046875 0.122222 0.09375 0.0666667
44 0.14375 0.111111 0.075 0.0888889
44 0.1625 0.111111 0.0875 0.0888889
44 0.19375 0.111111 0.15 0.0888889
44 0.19375 0.111111 0.075 0.0888889
44 0.23125 0.111111 0.125 0.0888889
44 0.2125 0.111111 0.0875 0.0888889
44 0.41875 0.111111 0.1 0.0888889
44 0.45625 0.111111 0.15 0.0888889
22 0.45 0.111111 0.0875 0.0888889
44 0.46875 0.122222 0.1 0.111111
44 0.48125 0.111111 0.1 0.0888889
44 0.5125 0.122222 0.1375 0.111111
44 0.525 0.111111 0.1375 0.0888889
44 0.525 0.122222 0.0875 0.111111
44 0.55 0.122222 0.1125 0.111111
22 0.60625 0.122222 0.125 0.111111
44 0.965625 0.1 0.06875 0.0666667
44 0.225 0.144444 0.0875 0.0666667
44 0.24375 0.144444 0.075 0.0666667
44 0.325 0.122222 0.0625 0.0666667
44 0.3375 0.122222 0.0625 0.0666667
44 0.35625 0.122222 0.075 0.0666667
44 0.375 0.122222 0.0625 0.0666667
44 0.4 0.122222 0.0625 0.0666667
44 0.4125 0.122222 0.0625 0.0666667
44 0.41875 0.133333 0.075 0.0888889
44 0.6875 0.133333 0.1125 0.0888889
44 0.68125 0.133333 0.075 0.0888889
8 0.034375 0.2 0.06875 0.0888889
44 0.971875 0.222222 0.05625 0.0888889
4 0.0625 0.244444 0.1125 0.0888889
4 0.021875 0.266667 0.04375 0.0888889
2 0.040625 0.266667 0.08125 0.0888889
44 0.10625 0.266667 0.075 0.0888889
44 0.21875 0.244444 0.025 0.0444444
4 0.41875 0.255556 0.075 0.0666667
4 0.60625 0.255556 0.075 0.0222222
4 0.61875 0.266667 0.075 0.0444444
34 0.6875 0.255556 0.0875 0.0666667
2 0.021875 0.288889 0.04375 0.0888889
44 0.021875 0.288889 0.04375 0.0888889
44 0.15625 0.288889 0.1 0.0888889
44 0.2 0.288889 0.0875 0.0888889
44 0.21875 0.288889 0.075 0.0888889
44 0.25 0.288889 0.1375 0.0888889
44 0.28125 0.288889 0.15 0.0888889
43 0.26875 0.288889 0.1 0.0888889
44 0.4125 0.3 0.0875 0.0666667
47 0.425 0.288889 0.0875 0.0888889
18 0.46875 0.277778 0.125 0.0666667
19 0.4875 0.277778 0.1125 0.0666667
20 0.4875 0.277778 0.1125 0.0666667
20 0.5375 0.277778 0.1375 0.0666667
18 0.5625 0.277778 0.1375 0.0666667
20 0.59375 0.277778 0.125 0.0666667
21 0.60625 0.277778 0.125 0.0666667
10 0.63125 0.277778 0.125 0.0666667
20 0.65 0.277778 0.1375 0.0666667
21 0.6625 0.288889 0.1375 0.0888889
47 0.675 0.288889 0.1375 0.0888889
52 0.675 0.277778 0.0875 0.0666667
52 0.69375 0.266667 0.05 0.0444444
2 0.7 0.277778 0.0625 0.0666667
2 0.015625 0.3 0.03125 0.0666667
9 0.025 0.3 0.0125 0.0666667
21 0.475 0.3 0.1125 0.0222222
47 0.55 0.311111 0.1125 0.0444444
20 0.5625 0.311111 0.1375 0.0444444
22 0.575 0.311111 0.1375 0.0444444
47 0.59375 0.311111 0.125 0.0444444
53 0.63125 0.322222 0.125 0.0666667
47 0.65 0.322222 0.1375 0.0666667
34 0.65 0.311111 0.1375 0.0888889
34 0.68125 0.322222 0.1 0.0666667
34 0.7375 0.3 0.1125 0.0666667
44 0.4375 0.344444 0.1625 0.0666667
44 0.45 0.333333 0.1625 0.0444444
44 0.5375 0.344444 0.1625 0.0666667
44 0.5875 0.344444 0.0875 0.0666667
44 0.59375 0.344444 0.125 0.0666667
34 0.65 0.344444 0.1375 0.0666667
34 0.6625 0.333333 0.1375 0.0888889
34 0.71875 0.344444 0.15 0.0666667
43 0.70625 0.333333 0.125 0.0888889
44 0.76875 0.333333 0.075 0.0444444
34 0.775 0.333333 0.0875 0.0444444
44 0.8 0.333333 0.0625 0.0444444
44 0.4 0.344444 0.1125 0.0666667
44 0.45625 0.344444 0.1 0.0666667
44 0.475 0.344444 0.1125 0.0666667
10 0.525 0.344444 0.0625 0.0666667
34 0.5375 0.344444 0.0625 0.0666667
34 0.5625 0.344444 0.1125 0.0666667
34 0.575 0.366667 0.0875 0.0666667
9 0.5875 0.344444 0.1125 0.0666667
34 0.59375 0.344444 0.125 0.0666667
44 0.625 0.344444 0.1125 0.0666667
44 0.66875 0.344444 0.125 0.0666667
10 0.68125 0.344444 0.125 0.0666667
34 0.71875 0.355556 0.075 0.0888889
43 0.70625 0.355556 0.125 0.0888889
43 0.7375 0.355556 0.0875 0.0888889
34 0.74375 0.355556 0.1 0.0888889
34 0.7625 0.344444 0.0875 0.0666667
34 0.8 0.344444 0.1375 0.0666667
34 0.8 0.344444 0.0625 0.0666667
34 0.825 0.355556 0.0625 0.0888889
43 0.8375 0.355556 0.0625 0.0888889
44 0.85 0.355556 0.0625 0.0888889
44 0.875 0.344444 0.0625 0.0666667
44 0.8875 0.344444 0.0625 0.0666667
43 0.89375 0.344444 0.075 0.0666667
44 0.90625 0.344444 0.075 0.0666667
44 0.925 0.344444 0.0875 0.0666667
44 0.053125 0.377778 0.10625 0.0888889
10 0.50625 0.377778 0.075 0.0888889
10 0.525 0.377778 0.0625 0.0888889
44 0.5375 0.377778 0.0625 0.0888889
43 0.5625 0.377778 0.0875 0.0888889
43 0.58125 0.377778 0.1 0.0888889
44 0.60625 0.377778 0.125 0.0888889
44 0.775 0.388889 0.0875 0.111111
44 0.8 0.388889 0.0875 0.111111
44 0.81875 0.377778 0.075 0.0888889
44 0.84375 0.377778 0.075 0.0888889
44 0.91875 0.377778 0.1 0.0888889
44 0.25 0.4 0.1625 0.0888889
44 0.25625 0.4 0.075 0.0888889
