3 0.021875 0.0222222 0.04375 0.0444444
0 0.028125 0.0222222 0.05625 0.0444444
3 0.065625 0.0222222 0.13125 0.0444444
3 0.1 0.0111111 0.1375 0.0222222
2 0.1 0.0111111 0.1375 0.0222222
2 0.090625 0.0111111 0.18125 0.0222222
4 0.103125 0.0222222 0.20625 0.0444444
4 0.1375 0.0222222 0.1625 0.0444444
4 0.175 0.0222222 0.1625 0.0444444
4 0.2125 0.0222222 0.1625 0.0444444
4 0.1875 0.0222222 0.2375 0.0444444
4 0.2375 0.0222222 0.2375 0.0444444
4 0.2875 0.0222222 0.2375 0.0444444
4 0.3375 0.0222222 0.1625 0.0444444
4 0.34375 0.0222222 0.25 0.0444444
8 0.35 0.0222222 0.2375 0.0444444
4 0.4125 0.0222222 0.1375 0.0444444
3 0.43125 0.0222222 0.15 0.0444444
1 0.4375 0.0222222 0.1375 0.0444444
1 0.45 0.0111111 0.1375 0.0222222
2 0.45 0.0111111 0.2375 0.0222222
3 0.5 0.0111111 0.1625 0.0222222
3 0.5375 0.0111111 0.1625 0.0222222
1 0.55 0.0111111 0.1625 0.0222222
2 0.575 0.0111111 0.1625 0.0222222
1 0.5875 0.0222222 0.1625 0.0444444
1 0.5625 0.0222222 0.2375 0.0444444
2 0.60625 0.0222222 0.15 0.0444444
3 0.63125 0.0222222 0.15 0.0444444
3 0.625 0.0222222 0.2375 0.0444444
3 0.6125 0.0111111 0.1875 0.0222222
3 0.6875 0.0111111 0.1875 0.0222222
1 0.6875 0.0222222 0.2375 0.0444444
1 0.7125 0.0111111 0.1875 0.0222222
1 0.75625 0.0111111 0.15 0.0222222
3 0.76875 0.0111111 0.15 0.0222222
2 0.775 0.0111111 0.1625 0.0222222
3 0.8 0.0111111 0.1375 0.0222222
3 0.79375 0.0222222 0.05 0.0444444
4 0.78125 0.0222222 0.075 0.0444444
4 0.8125 0.0111111 0.0375 0.0222222
3 0.8125 0.0111111 0.0625 0.0222222
3 0.875 0.0111111 0.1125 0.0222222
3 0.9 0.0111111 0.1125 0.0222222
3 0.93125 0.0111111 0.125 0.0222222
3 0.953125 0.0111111 0.09375 0.0222222
3 0.915625 0.0111111 0.16875 0.0222222
8 0.909375 0.0111111 0.18125 0.0222222
4 0.915625 0.0222222 0.16875 0.0444444
32 0.98125 0.0222222 0 0.0444444
8 0.05 0.0222222 0.0625 0.0444444
4 0.075 0.0222222 0.1125 0.0444444
4 0.1 0.0222222 0.1375 0.0444444
4 0.125 0.0222222 0.1125 0.0444444
4 0.15 0.0222222 0.1125 0.0444444
4 0.1875 0.0222222 0.0875 0.0444444
4 0.23125 0.0222222 0.075 0.0444444
4 0.225 0.0222222 0.1125 0.0444444
4 0.25625 0.0222222 0.075 0.0444444
4 0.25 0.0222222 0.1125 0.0444444
4 0.275 0.0222222 0.1125 0.0444444
4 0.3 0.0222222 0.1125 0.0444444
4 0.325 0.0222222 0.1125 0.0444444
4 0.35 0.0222222 0.1125 0.0444444
4 0.375 0.0222222 0.1125 0.0444444
4 0.425 0.0222222 0.1625 0.0444444
4 0.4625 0.0222222 0.1625 0.0444444
4 0.5 0.0222222 0.1625 0.0444444
4 0.5375 0.0222222 0.1625 0.0444444
4 0.575 0.0222222 0.1625 0.0444444
2 0.6 0.0222222 0.1625 0.0444444
1 0.625 0.0222222 0.1625 0.0444444
4 0.6375 0.0222222 0.1625 0.0444444
4 0.675 0.0222222 0.1625 0.0444444
4 0.71875 0.0222222 0.175 0.0444444
4 0.75625 0.0222222 0.15 0.0444444
1 0.775 0.0222222 0.1625 0.0444444
4 0.8 0.0222222 0.1625 0.0444444
4 0.775 0.0222222 0.0875 0.0444444
4 0.80625 0.0222222 0.075 0.0444444
4 0.88125 0.0222222 0.125 0.0444444
4 0.86875 0.0222222 0.075 0.0444444
4 0.91875 0.0222222 0.15 0.0444444
4 0.946875 0.0222222 0.10625 0.0444444
4 0.91875 0.0222222 0.075 0.0444444
44 0.96875 0.0222222 0.025 0.0444444
3 0.021875 0.0333333 0.04375 0.0666667
0 0.021875 0.0333333 0.04375 0.0666667
4 0.05 0.0222222 0.0625 0.0444444
4 0.071875 0.0333333 0.14375 0.0666667
4 0.09375 0.0333333 0.15 0.0666667
4 0.10625 0.0333333 0.175 0.0666667
4 0.1375 0.0333333 0.1625 0.0666667
4 0.175 0.0333333 0.1625 0.0666667
4 0.2125 0.0333333 0.1625 0.0666667
4 0.25 0.0333333 0.1625 0.0666667
4 0.2875 0.0333333 0.1625 0.0666667
4 0.325 0.0333333 0.1625 0.0666667
4 0.3625 0.0333333 0.1625 0.0666667
2 0.35 0.0333333 0.1125 0.0666667
2 0.35625 0.0333333 0.125 0.0666667
2 0.4125 0.0333333 0.1625 0.0666667
4 0.4375 0.0333333 0.1625 0.0666667
2 0.45 0.0333333 0.1625 0.0666667
4 0.475 0.0333333 0.1625 0.0666667
4 0.5125 0.0333333 0.1625 0.0666667
2 0.55 0.0333333 0.1625 0.0666667
4 0.56875 0.0333333 0.175 0.0666667
4 0.5875 0.0333333 0.1625 0.0666667
2 0.6 0.0333333 0.1625 0.0666667
2 0.6375 0.0333333 0.1625 0.0666667
2 0.65 0.0333333 0.1625 0.0666667
2 0.68125 0.0333333 0.175 0.0666667
4 0.7125 0.0333333 0.1625 0.0666667
4 0.725 0.0444444 0.1625 0.0444444
4 0.75 0.0333333 0.1625 0.0666667
4 0.78125 0.0333333 0.175 0.0666667
2 0.8 0.0333333 0.1625 0.0666667
2 0.76875 0.0444444 0.075 0.0444444
2 0.8 0.0333333 0.0625 0.0666667
2 0.8125 0.0444444 0.0625 0.0444444
4 0.825 0.0333333 0.0625 0.0222222
4 0.8375 0.0333333 0.0625 0.0222222
2 0.85 0.0333333 0.0625 0.0222222
2 0.8625 0.0333333 0.0625 0.0666667
2 0.875 0.0333333 0.0625 0.0666667
2 0.928125 0.0222222 0.14375 0.0444444
2 0.953125 0.0333333 0.09375 0.0222222
2 0.925 0.0222222 0.0625 0.0444444
4 0.946875 0.0333333 0.10625 0.0666667
4 0.959375 0.0333333 0.08125 0.0666667
29 0.975 0.0333333 0.0375 0.0666667
4 0.028125 0.0333333 0.05625 0.0666667
0 0.015625 0.0333333 0.03125 0.0666667
6 0.075 0.0444444 0.1125 0.0888889
4 0.15 0.0333333 0.1125 0.0666667
4 0.15 0.0333333 0.0625 0.0666667
4 0.1625 0.0333333 0.0625 0.0666667
4 0.175 0.0333333 0.0625 0.0666667
4 0.1875 0.0333333 0.0625 0.0666667
4 0.2 0.0333333 0.0625 0.0666667
4 0.2125 0.0333333 0.0625 0.0666667
4 0.2375 0.0333333 0.0625 0.0666667
4 0.25 0.0333333 0.0625 0.0666667
4 0.2625 0.0333333 0.0625 0.0666667
4 0.275 0.0333333 0.0625 0.0666667
4 0.2875 0.0333333 0.0625 0.0666667
4 0.3 0.0333333 0.0625 0.0666667
4 0.3125 0.0333333 0.0625 0.0666667
4 0.35 0.0333333 0.1125 0.0666667
4 0.3625 0.0333333 0.1125 0.0666667
4 0.3625 0.0333333 0.0625 0.0666667
4 0.375 0.0333333 0.0625 0.0666667
4 0.4 0.0333333 0.0625 0.0666667
4 0.43125 0.0333333 0.075 0.0666667
22 0.5 0.0333333 0.1625 0.0666667
4 0.6 0.0333333 0.1625 0.0666667
4 0.675 0.0333333 0.1125 0.0666667
22 0.6875 0.0333333 0.1125 0.0666667
22 0.7125 0.0333333 0.1125 0.0666667
22 0.7375 0.0333333 0.1125 0.0666667
55 0.75 0.0444444 0.1125 0.0444444
4 0.8125 0.0333333 0.1125 0.0666667
4 0.74375 0.0444444 0.075 0.0444444
2 0.7875 0.0333333 0.0625 0.0666667
2 0.80625 0.0333333 0.075 0.0666667
2 0.83125 0.0333333 0.075 0.0666667
2 0.85 0.0333333 0.0625 0.0666667
4 0.9125 0.0333333 0.0125 0.0666667
2 0.925 0.0333333 0.0125 0.0666667
2 0.94375 0.0333333 0.025 0.0666667
29 0.95 0.0444444 0.0875 0.0444444
29 0.95 0.0555556 0.0875 0.0666667
8 0.028125 0.0666667 0.05625 0.0888889
8 0.034375 0.0555556 0.06875 0.0666667
8 0.05 0.0777778 0.0625 0.0666667
8 0.08125 0.0777778 0.125 0.0666667
4 0.21875 0.0777778 0.175 0.0666667
4 0.25625 0.0777778 0.175 0.0666667
4 0.34375 0.0777778 0.175 0.0666667
4 0.7875 0.0666667 0.1625 0.0444444
3 0.75625 0.0666667 0.1 0.0444444
2 0.775 0.0777778 0.0625 0.0666667
2 0.8375 0.0777778 0.1625 0.0666667
3 0.85625 0.0777778 0.175 0.0666667
3 0.89375 0.0888889 0.175 0.0444444
66 0.921875 0.0888889 0.15625 0.0444444
8 0.91875 0.0888889 0.1 0.0444444
8 0.94375 0.0666667 0.025 0.0444444
8 0.93125 0.0666667 0.05 0.0444444
29 0.9375 0.0666667 0.0625 0.0444444
32 0.959375 0.0777778 0.08125 0.0666667
8 0.028125 0.0888889 0.05625 0.0888889
4 0.14375 0.1 0.125 0.0666667
4 0.15625 0.0888889 0.125 0.0888889
4 0.18125 0.0888889 0.125 0.0888889
4 0.25625 0.1 0.125 0.0666667
4 0.28125 0.1 0.125 0.0666667
4 0.31875 0.1 0.175 0.0666667
43 0.45625 0.1 0.175 0.0666667
13 0.41875 0.1 0.075 0.0666667
66 0.7375 0.1 0.1375 0.0666667
44 0.74375 0.1 0.125 0.0666667
6 0.75625 0.1 0.125 0.0666667
66 0.76875 0.1 0.125 0.0222222
66 0.79375 0.111111 0.125 0.0444444
66 0.825 0.111111 0.1625 0.0444444
66 0.86875 0.111111 0.175 0.0444444
43 0.921875 0.1 0.15625 0.0666667
25 0.94375 0.0888889 0.1 0.0444444
29 0.95 0.1 0.0875 0.0666667
8 0.028125 0.1 0.05625 0.0666667
8 0.028125 0.122222 0.05625 0.0666667
8 0.053125 0.177778 0.10625 0.0888889
8 0.028125 0.177778 0.05625 0.0888889
4 0.053125 0.2 0.10625 0.0888889
4 0.06875 0.2 0.1 0.0888889
8 0.05625 0.2 0.05 0.0888889
2 0.053125 0.211111 0.10625 0.0666667
2 0.06875 0.211111 0.1 0.0666667
8 0.06875 0.211111 0.05 0.0666667
2 0.03125 0.244444 0.025 0.0888889
0 0.04375 0.233333 0.075 0.0666667
2 0.06875 0.222222 0.05 0.0888889
4 0.06875 0.222222 0.1 0.0888889
2 0.053125 0.266667 0.10625 0.0888889
2 0.028125 0.266667 0.05625 0.0888889
0 0.04375 0.277778 0.075 0.0666667
7 0.06875 0.266667 0.05 0.0444444
4 0.0875 0.244444 0.1375 0.0888889
4 0.1 0.266667 0.1625 0.0444444
7 0.15 0.266667 0.0625 0.0444444
4 0.175 0.266667 0.1625 0.0444444
8 0.053125 0.277778 0.10625 0.111111
2 0.040625 0.3 0.08125 0.0666667
2 0.05625 0.288889 0.075 0.0444444
4 0.075 0.277778 0.0625 0.0666667
2 0.0875 0.288889 0.1375 0.0444444
4 0.06875 0.288889 0.125 0.0444444
4 0.1 0.288889 0.1625 0.0444444
4 0.15 0.288889 0.0625 0.0444444
4 0.1625 0.288889 0.0625 0.0444444
4 0.1875 0.288889 0.1125 0.0444444
4 0.18125 0.288889 0.075 0.0444444
4 0.20625 0.288889 0.075 0.0444444
4 0.225 0.288889 0.0625 0.0444444
4 0.24375 0.288889 0.05 0.0444444
4 0.25625 0.277778 0.05 0.0666667
4 0.26875 0.277778 0.05 0.0666667
4 0.28125 0.288889 0.05 0.0444444
4 0.2875 0.277778 0.0625 0.0666667
4 0.3125 0.277778 0.0625 0.0666667
4 0.325 0.288889 0.0625 0.0444444
4 0.3625 0.288889 0.0625 0.0444444
4 0.375 0.288889 0.0625 0.0444444
2 0.39375 0.288889 0.075 0.0444444
4 0.40625 0.288889 0.075 0.0444444
2 0.4375 0.288889 0.0625 0.0444444
4 0.4625 0.288889 0.1125 0.0444444
4 0.45625 0.288889 0.075 0.0444444
4 0.475 0.288889 0.0625 0.0444444
4 0.4875 0.288889 0.0625 0.0444444
66 0.5125 0.288889 0.0625 0.0444444
66 0.46875 0.288889 0.175 0.0444444
66 0.5375 0.288889 0.0625 0.0444444
66 0.5625 0.288889 0.0625 0.0444444
4 0.56875 0.288889 0.075 0.0444444
4 0.525 0.288889 0.1875 0.0444444
4 0.59375 0.288889 0.075 0.0444444
4 0.66875 0.288889 0.1 0.0444444
4 0.64375 0.288889 0.1 0.0444444
4 0.6125 0.288889 0.1875 0.0444444
4 0.7 0.288889 0.1625 0.0444444
4 0.73125 0.288889 0.15 0.0444444
2 0.7375 0.288889 0.1125 0.0444444
4 0.75625 0.288889 0.125 0.0444444
4 0.775 0.3 0.1125 0.0666667
4 0.8125 0.3 0.1625 0.0666667
4 0.84375 0.3 0.175 0.0666667
4 0.88125 0.288889 0.175 0.0444444
2 0.9125 0.3 0.1625 0.0666667
4 0.9 0.3 0.1125 0.0666667
4 0.928125 0.288889 0.14375 0.0444444
4 0.95625 0.288889 0.075 0.0444444
4 0.946875 0.3 0.10625 0.0666667
29 0.959375 0.3 0.08125 0.0666667
8 0.053125 0.3 0.10625 0.111111
4 0.040625 0.322222 0.08125 0.0666667
4 0.05625 0.311111 0.075 0.0444444
4 0.0625 0.3 0.0875 0.0666667
4 0.0875 0.3 0.1375 0.0666667
4 0.125 0.3 0.1125 0.0666667
4 0.175 0.3 0.1625 0.0666667
4 0.15625 0.288889 0.125 0.0444444
4 0.1625 0.3 0.1125 0.0666667
4 0.1875 0.3 0.1125 0.0666667
4 0.23125 0.3 0.15 0.0666667
4 0.24375 0.311111 0.15 0.0444444
4 0.2 0.311111 0.1875 0.0444444
4 0.24375 0.311111 0.225 0.0444444
