6 0.021875 0.0222222 0.04375 0.0444444
19 0.0875 0.0222222 0.0375 0.0444444
23 0.09375 0.0222222 0.025 0.0444444
25 0.1375 0.0222222 0.1125 0.0444444
25 0.090625 0.0222222 0.18125 0.0444444
4 0.125 0.0222222 0.1125 0.0444444
11 0.13125 0.0222222 0.1 0.0444444
19 0.15 0.0222222 0.1375 0.0444444
2 0.2875 0.0222222 0.0375 0.0444444
2 0.30625 0.0333333 0.05 0.0666667
2 0.3125 0.0444444 0.0375 0.0888889
2 0.33125 0.0444444 0.05 0.0888889
2 0.3375 0.0222222 0.0625 0.0444444
2 0.35625 0.0222222 0.05 0.0444444
18 0.3625 0.0222222 0.0625 0.0444444
19 0.375 0.0222222 0.0625 0.0444444
23 0.3875 0.0222222 0.0875 0.0444444
25 0.49375 0.0222222 0.275 0.0444444
25 0.7625 0.0222222 0.2625 0.0444444
6 0.028125 0.0333333 0.05625 0.0666667
5 0.021875 0.0333333 0.04375 0.0666667
2 0.053125 0.0666667 0.10625 0.133333
2 0.125 0.0222222 0.1125 0.0444444
2 0.13125 0.0333333 0.1 0.0666667
21 0.1375 0.0333333 0.0875 0.0666667
2 0.1625 0.0666667 0.1125 0.133333
2 0.20625 0.0222222 0.05 0.0444444
11 0.2125 0.0111111 0.0625 0.0222222
7 0.21875 0.0111111 0.075 0.0222222
11 0.225 0.0333333 0.0875 0.0666667
2 0.225 0.0333333 0.0875 0.0666667
2 0.2875 0.0666667 0.0375 0.133333
2 0.325 0.0555556 0.0375 0.111111
2 0.35 0.0666667 0.0625 0.133333
2 0.3625 0.0666667 0.0625 0.133333
19 0.39375 0.0666667 0.075 0.133333
19 0.40625 0.0666667 0.075 0.133333
11 0.43125 0.0111111 0.1 0.0222222
11 0.45625 0.0666667 0.1 0.133333
8 0.825 0.0111111 0.1625 0.0222222
2 0.021875 0.0333333 0.04375 0.0666667
2 0.015625 0.0444444 0.03125 0.0444444
2 0.071875 0.0444444 0.14375 0.0888889
6 0.11875 0.0444444 0.05 0.0444444
5 0.13125 0.0333333 0.1 0.0666667
1 0.13125 0.0333333 0.1 0.0666667
21 0.15625 0.0444444 0.125 0.0888889
2 0.18125 0.0777778 0.15 0.111111
2 0.25 0.0777778 0.0875 0.111111
2 0.2625 0.0666667 0.1125 0.0888889
2 0.2875 0.0666667 0.0875 0.0888889
8 0.3125 0.0666667 0.0625 0.0888889
2 0.325 0.0666667 0.0625 0.0888889
2 0.325 0.0666667 0.1125 0.0888889
2 0.3625 0.0555556 0.0625 0.0666667
2 0.39375 0.0555556 0.1 0.0666667
2 0.36875 0.0666667 0.125 0.0888889
11 0.3875 0.0666667 0.1125 0.0888889
11 0.45 0.0666667 0.1125 0.0888889
8 0.4875 0.0777778 0.0875 0.111111
8 0.50625 0.0555556 0.1 0.0666667
8 0.75625 0.0444444 0.1 0.0444444
2 0.021875 0.0666667 0.04375 0.0444444
5 0.01875 0.0666667 0.025 0.0444444
6 0.13125 0.0555556 0.05 0.0222222
11 0.2 0.0555556 0.1375 0.0222222
19 0.25 0.0555556 0.0875 0.111111
19 0.2625 0.0666667 0.0875 0.0888889
2 0.3 0.0444444 0.0625 0.0888889
2 0.31875 0.0555556 0.05 0.0666667
8 0.325 0.0555556 0.0625 0.0666667
8 0.325 0.0444444 0.1125 0.0888889
8 0.3625 0.0444444 0.0625 0.0888889
8 0.3875 0.0555556 0.1125 0.0666667
2 0.3875 0.0444444 0.1125 0.0888889
2 0.40625 0.0444444 0.1 0.0888889
2 0.41875 0.0555556 0.1 0.111111
8 0.44375 0.0555556 0.125 0.111111
2 0.45 0.0555556 0.1125 0.111111
8 0.48125 0.0555556 0.075 0.0666667
8 0.49375 0.0444444 0.075 0.0888889
8 0.7375 0.0555556 0.0625 0.0222222
8 0.75625 0.0555556 0.05 0.0222222
2 0.75625 0.0555556 0.05 0.0222222
2 0.775 0.0333333 0.0375 0.0666667
2 0.7875 0.0555556 0.0375 0.0222222
2 0.80625 0.0555556 0.025 0.0222222
2 0.8125 0.0333333 0.0375 0.0666667
2 0.83125 0.0555556 0.025 0.0222222
2 0.85625 0.0555556 0.05 0.0222222
5 0.875 0.0555556 0.0625 0.0222222
2 0.85 0.0555556 0.1125 0.0222222
5 0.8625 0.0555556 0.1125 0.0222222
8 0.875 0.0555556 0.1125 0.0222222
2 0.053125 0.0666667 0.10625 0.0444444
8 0.25 0.0666667 0.0875 0.0444444
2 0.2625 0.0555556 0.0875 0.0666667
2 0.28125 0.0555556 0.1 0.0666667
8 0.83125 0.0888889 0.275 0.0444444
8 0.84375 0.0777778 0.275 0.0222222
2 0.053125 0.1 0.10625 0.0666667
19 0.29375 0.133333 0.175 0.177778
8 0.30625 0.133333 0.2 0.133333
8 0.29375 0.0888889 0.25 0.0444444
8 0.3125 0.0888889 0.1375 0.0444444
25 0.775 0.0888889 0.1875 0.0444444
25 0.825 0.0777778 0.1625 0.0222222
43 0.85625 0.0888889 0.25 0.0444444
2 0.059375 0.111111 0.11875 0.0888889
8 0.025 0.122222 0.0125 0.0222222
2 0.21875 0.111111 0.05 0.0444444
8 0.2 0.122222 0.1125 0.0666667
8 0.3 0.166667 0.1375 0.111111
9 0.025 0.144444 0.0125 0.0222222
2 0.19375 0.133333 0.025 0.0888889
2 0.20625 0.133333 0.05 0.0888889
2 0.2125 0.144444 0.0125 0.0666667
2 0.29375 0.155556 0.05 0.0888889
0 0.3 0.155556 0.0375 0.0888889
12 0.30625 0.144444 0.05 0.111111
12 0.325 0.144444 0.0125 0.111111
0 0.33125 0.144444 0 0.0666667
0 0.34375 0.133333 0 0.0888889
0 0.3 0.144444 0.1125 0.111111
0 0.36875 0.144444 0 0.111111
0 0.3625 0.144444 0.2375 0.111111
0 0.3875 0.144444 0.0125 0.0666667
0 0.35 0.144444 0.1125 0.111111
0 0.3625 0.155556 0.1125 0.0888889
0 0.425 0.177778 0.0125 0.0888889
0 0.44375 0.155556 0.025 0.0888889
12 0.50625 0.144444 0.025 0.111111
0 0.51875 0.144444 0 0.0222222
0 0.53125 0.144444 0 0.0222222
0 0.54375 0.155556 0.025 0.0888889
0 0.55625 0.133333 0.025 0.0444444
0 0.5625 0.133333 0.0125 0.0444444
0 0.58125 0.122222 0.025 0.0666667
0 0.6 0.122222 0.0375 0.0666667
0 0.60625 0.122222 0.025 0.0666667
0 0.625 0.122222 0.0125 0.0666667
0 0.6375 0.133333 0.0125 0.0888889
12 0.58125 0.111111 0.15 0.133333
21 0.59375 0.133333 0.15 0.0444444
21 0.64375 0.155556 0.1 0.0444444
19 0.68125 0.144444 0.025 0.0222222
21 0.69375 0.144444 0.025 0.0222222
19 0.70625 0.144444 0.025 0.0222222
18 0.71875 0.144444 0.025 0.0222222
17 0.73125 0.144444 0.025 0.0222222
17 0.74375 0.144444 0.025 0.0222222
19 0.725 0.144444 0.0875 0.0222222
19 0.7375 0.133333 0.0875 0.0444444
2 0.74375 0.133333 0.1 0.0444444
19 0.79375 0.144444 0.025 0.0222222
19 0.8125 0.144444 0.0125 0.0222222
17 0.81875 0.144444 0.025 0.0222222
19 0.79375 0.133333 0.1 0.0444444
19 0.8125 0.155556 0.0875 0.0444444
19 0.81875 0.144444 0.1 0.0666667
25 0.83125 0.155556 0.1 0.0888889
25 0.84375 0.155556 0.1 0.0444444
25 0.85625 0.144444 0.1 0.0222222
25 0.86875 0.133333 0.1 0.0444444
25 0.915625 0.144444 0.16875 0.0222222
25 0.91875 0.122222 0.125 0.111111
25 0.9375 0.155556 0.1125 0.0444444
2 0.053125 0.166667 0.10625 0.0666667
8 0.015625 0.155556 0.03125 0.0444444
31 0.071875 0.155556 0.14375 0.133333
19 0.1125 0.166667 0.1375 0.0666667
5 0.225 0.133333 0.0125 0.0444444
7 0.2125 0.177778 0.0875 0.0888889
2 0.2875 0.166667 0.0375 0.0666667
0 0.3125 0.166667 0.0625 0.111111
12 0.33125 0.166667 0.025 0.111111
12 0.39375 0.155556 0.025 0.0444444
12 0.41875 0.166667 0.025 0.0666667
0 0.425 0.155556 0.0375 0.0888889
0 0.45625 0.155556 0.025 0.0888889
12 0.4625 0.144444 0.0625 0.111111
0 0.46875 0.133333 0.075 0.0888889
0 0.48125 0.144444 0.05 0.111111
12 0.4875 0.177778 0.0625 0.177778
0 0.525 0.133333 0.0125 0.0888889
12 0.525 0.155556 0.0375 0.133333
11 0.53125 0.155556 0.05 0.133333
0 0.5625 0.144444 0.0375 0.0666667
12 0.5625 0.133333 0.0375 0.0888889
19 0.61875 0.122222 0.025 0.0666667
19 0.63125 0.144444 0.025 0.0222222
21 0.625 0.166667 0.0625 0.0222222
21 0.6375 0.166667 0.1125 0.0222222
19 0.7 0.144444 0.0375 0.0222222
17 0.70625 0.144444 0.025 0.0222222
17 0.7125 0.144444 0.0375 0.0222222
17 0.73125 0.144444 0.05 0.0222222
2 0.7375 0.155556 0.0375 0.0444444
2 0.75 0.155556 0.0375 0.0444444
19 0.75 0.155556 0.0625 0.0444444
19 0.74375 0.144444 0.1 0.0666667
19 0.79375 0.144444 0.05 0.0666667
2 0.78125 0.144444 0.1 0.0666667
8 0.80625 0.144444 0.1 0.0666667
19 0.85 0.144444 0.1125 0.0666667
19 0.85625 0.155556 0.1 0.0444444
19 0.86875 0.166667 0.1 0.0666667
21 0.90625 0.166667 0.175 0.0666667
21 0.91875 0.155556 0.125 0.0444444
23 0.925 0.155556 0.1125 0.0444444
6 0.059375 0.2 0.11875 0.0444444
8 0.03125 0.2 0.025 0.0444444
2 0.1375 0.166667 0.0875 0.0666667
2 0.16875 0.155556 0.15 0.0888889
2 0.28125 0.166667 0.025 0.0666667
26 0.39375 0.166667 0.1 0.155556
0 0.40625 0.166667 0.1 0.155556
0 0.44375 0.166667 0.05 0.155556
3 0.44375 0.166667 0.05 0.155556
26 0.45625 0.166667 0.075 0.155556
3 0.4625 0.166667 0.0875 0.155556
26 0.49375 0.166667 0.125 0.155556
26 0.525 0.177778 0.0625 0.133333
12 0.5375 0.155556 0.0875 0.0888889
17 0.575 0.155556 0.0375 0.0888889
14 0.6 0.155556 0.0375 0.0888889
21 0.6 0.166667 0.0375 0.111111
17 0.56875 0.166667 0.125 0.0222222
17 0.6375 0.155556 0.0375 0.0444444
19 0.625 0.188889 0.0625 0.111111
19 0.625 0.166667 0.0875 0.0222222
17 0.64375 0.155556 0.1 0.0444444
17 0.69375 0.155556 0.025 0.0444444
17 0.7 0.155556 0.0375 0.0444444
17 0.71875 0.166667 0.025 0.0666667
7 0.71875 0.166667 0.075 0.0666667
11 0.78125 0.188889 0.1 0.0222222
2 0.053125 0.211111 0.10625 0.0666667
2 0.025 0.211111 0.0125 0.0222222
9 0.071875 0.177778 0.14375 0.0888889
11 0.28125 0.222222 0.125 0.0888889
0 0.4625 0.188889 0.1375 0.111111
21 0.60625 0.177778 0.025 0.0888889
21 0.64375 0.177778 0.125 0.0888889
21 0.63125 0.211111 0.025 0.0222222
23 0.625 0.222222 0.0625 0.0444444
23 0.625 0.211111 0.0875 0.0666667
21 0.63125 0.211111 0.1 0.0666667
17 0.64375 0.222222 0.1 0.0444444
20 0.675 0.211111 0.1375 0.0222222
2 0.059375 0.222222 0.11875 0.0888889
2 0.025 0.222222 0.0125 0.0444444
74 0.61875 0.233333 0.075 0.0222222
6 0.953125 0.233333 0.09375 0.0666667
4 0.059375 0.266667 0.11875 0.0888889
4 0.025 0.255556 0.0125 0.0222222
29 0.6125 0.244444 0.1125 0.0444444
2 0.059375 0.266667 0.11875 0.0888889
5 0.025 0.277778 0.0125 0.0222222
6 0.19375 0.3 0.175 0.155556
11 0.7625 0.277778 0.0875 0.0222222
2 0.059375 0.311111 0.11875 0.0888889
5 0.015625 0.3 0.03125 0.0222222
2 0.18125 0.311111 0.125 0.0444444
4 0.1875 0.3 0.1125 0.0222222
4 0.29375 0.311111 0.1 0.0444444
11 0.64375 0.288889 0.05 0
6 0.059375 0.344444 0.11875 0.0666667
11 0.015625 0.333333 0.03125 0.0444444
6 0.2 0.333333 0.1875 0.0888889
6 0.28125 0.355556 0.175 0.133333
8 0.8 0.311111 0.1875 0.0444444
5 0.053125 0.344444 0.10625 0.0666667
8 0.025 0.344444 0.0125 0.0222222
6 0.21875 0.355556 0.225 0.0888889
4 0.18125 0.344444 0.125 0.0666667
4 0.2875 0.355556 0.1125 0.0444444
5 0.053125 0.366667 0.10625 0.111111
5 0.01875 0.366667 0.025 0.0222222
4 0.15625 0.366667 0.075 0.0222222
2 0.2875 0.377778 0.1125 0.0444444
4 0.38125 0.377778 0.125 0.0444444
2 0.059375 0.388889 0.11875 0.0666667
5 0.025 0.4 0.0125 0.0444444
4 0.1625 0.388889 0.1125 0.0666667
4 0.18125 0.388889 0.125 0.0222222
4 0.2875 0.4 0.1125 0.0444444
4 0.4125 0.388889 0.1875 0.0666667
8 0.76875 0.366667 0.15 0.0666667
8 0.84375 0.355556 0.275 0.0444444
5 0.059375 0.4 0.11875 0.0888889
9 0.025 0.411111 0.0125 0.0222222
8 0.16875 0.4 0.15 0.0444444
8 0.25 0.411111 0.2625 0.0222222
8 0.74375 0.411111 0.1 0.0222222
6 0.059375 0.433333 0.11875 0.0666667
8 0.19375 0.433333 0.05 0.0222222
8 0.19375 0.433333 0.025 0.0222222
8 0.75625 0.422222 0.1 0.133333
2 0.15625 0.455556 0.15 0.0666667
