23 0.05625 0.0111111 0.025 0.0222222
21 0.175 0.0222222 0.1125 0.0444444
21 0.20625 0.0111111 0.125 0.0222222
10 0.21875 0.0222222 0.125 0.0444444
6 0.23125 0.0222222 0.125 0.0444444
55 0.725 0 0.0875 0
10 0.7625 0 0.1125 0
10 0.73125 0 0.025 0
55 0.74375 0.0111111 0.025 0.0222222
10 0.75 0.0222222 0.0375 0.0444444
11 0.7625 0.0222222 0.0375 0.0444444
11 0.775 0.0222222 0.0375 0.0444444
11 0.8 0.0222222 0.0125 0.0444444
11 0.76875 0.0111111 0.1 0.0222222
11 0.85625 0.0222222 0.05 0.0444444
11 0.875 0.0222222 0.1375 0.0444444
11 0.9125 0.0222222 0.1625 0.0444444
12 0.984375 0.0222222 0.03125 0.0444444
25 0.046875 0.0333333 0.09375 0.0666667
10 0.24375 0.0222222 0.075 0.0444444
21 0.24375 0.0222222 0.1 0.0444444
11 0.325 0.0333333 0.1125 0.0666667
11 0.35625 0.0222222 0.125 0.0444444
25 0.36875 0.0222222 0.125 0.0444444
8 0.475 0.0222222 0.0875 0.0444444
21 0.73125 0.0222222 0.075 0.0444444
21 0.7625 0.0333333 0.0375 0.0666667
21 0.775 0.0222222 0.0375 0.0444444
21 0.7875 0.0222222 0.0375 0.0444444
21 0.8125 0.0222222 0.0625 0.0444444
11 0.83125 0.0111111 0.075 0.0222222
21 0.046875 0.0333333 0.09375 0.0666667
21 0.05625 0.0444444 0.1 0.0888889
21 0.125 0.0333333 0.0875 0.0666667
10 0.1375 0.0333333 0.0875 0.0666667
21 0.1625 0.0444444 0.0875 0.0888889
12 0.2625 0.0222222 0.0875 0.0444444
44 0.775 0.0222222 0.1125 0.0444444
55 0.76875 0.0333333 0.075 0.0222222
21 0.7875 0.0222222 0.0625 0.0444444
20 0.7875 0.0444444 0.0625 0.0888889
21 0.79375 0.0444444 0.05 0.0888889
21 0.825 0.0444444 0.0625 0.0888889
11 0.971875 0.0222222 0.05625 0.0444444
29 0.98125 0.0222222 0.025 0.0444444
12 0.225 0.0555556 0.1375 0.111111
9 0.38125 0.0333333 0.05 0.0666667
21 0.3625 0.0444444 0.1625 0.0888889
21 0.81875 0.0555556 0.1 0.111111
21 0.83125 0.0555556 0.075 0.111111
10 0.875 0.0666667 0.1125 0.0888889
10 0.8875 0.0444444 0.0875 0.0444444
21 0.18125 0.0888889 0.1 0.0888889
12 0.19375 0.0666667 0.1 0.133333
11 0.225 0.0444444 0.1125 0.0888889
21 0.2375 0.0888889 0.1375 0.177778
6 0.75 0.0888889 0.1625 0.0888889
6 0.7875 0.0888889 0.1625 0.0888889
14 0.040625 0.1 0.08125 0.0666667
12 0.046875 0.0888889 0.09375 0.0888889
12 0.0625 0.0888889 0.0875 0.0888889
12 0.0875 0.0888889 0.0875 0.0888889
12 0.1125 0.0777778 0.0875 0.111111
21 0.125 0.0777778 0.0875 0.111111
21 0.1375 0.0888889 0.0875 0.0888889
12 0.1875 0.0888889 0.0875 0.0888889
12 0.20625 0.0777778 0.125 0.0666667
11 0.225 0.0555556 0.1125 0.111111
25 0.2375 0.122222 0.1375 0.0666667
11 0.24375 0.111111 0.15 0.0888889
11 0.70625 0.0888889 0.05 0.0444444
23 0.71875 0.0888889 0.125 0.0888889
4 0.79375 0.0888889 0.15 0.0888889
21 0.034375 0.111111 0.06875 0.0888889
21 0.065625 0.1 0.13125 0.0666667
11 0.0875 0.1 0.1375 0.0666667
12 0.08125 0.1 0.1 0.0666667
11 0.2 0.0888889 0.1375 0.0888889
8 0.20625 0.1 0.125 0.0666667
11 0.21875 0.0666667 0.125 0.133333
11 0.25 0.111111 0.0875 0.0444444
21 0.2375 0.144444 0.1375 0.155556
11 0.034375 0.1 0.06875 0.111111
11 0.05 0.0888889 0.0625 0.177778
11 0.09375 0.0777778 0.125 0.155556
21 0.10625 0.111111 0.1 0.133333
21 0.1875 0.1 0.1375 0.111111
8 0.1625 0.1 0.0625 0.111111
8 0.16875 0.0888889 0.05 0.0888889
0 0.21875 0.0666667 0.125 0.133333
0 0.2375 0.122222 0.1375 0.2
11 0.24375 0.1 0.125 0.2
11 0.25 0.133333 0.0875 0.0444444
8 0.375 0.133333 0.0875 0.0444444
10 0.73125 0.122222 0.025 0.0666667
10 0.74375 0.133333 0.025 0.0888889
8 0.75 0.144444 0.0375 0.0666667
8 0.7625 0.144444 0.0125 0.0666667
10 0.79375 0.133333 0.075 0.0444444
21 0.8125 0.155556 0.0875 0.0888889
11 0.065625 0.122222 0.13125 0.2
11 0.08125 0.133333 0.125 0.177778
12 0.08125 0.144444 0.1 0.155556
21 0.09375 0.144444 0.1 0.155556
21 0.1375 0.144444 0.1375 0.155556
21 0.1625 0.133333 0.1375 0.177778
21 0.1875 0.133333 0.1375 0.0888889
11 0.1625 0.1 0.0625 0.155556
11 0.16875 0.0888889 0.05 0.133333
21 0.18125 0.122222 0.05 0.2
11 0.2 0.155556 0.0375 0.0888889
21 0.21875 0.144444 0.05 0.0666667
9 0.4 0.155556 0.0375 0.0444444
21 0.034375 0.188889 0.06875 0.111111
21 0.059375 0.188889 0.11875 0.111111
44 0.16875 0.133333 0.05 0.133333
9 0.39375 0.177778 0.025 0.0444444
6 0.675 0.2 0.0625 0.0444444
60 0.68125 0.2 0.175 0.0444444
25 0.7 0.2 0.1625 0.0888889
21 0.034375 0.211111 0.06875 0.111111
14 0.059375 0.211111 0.11875 0.111111
10 0.4 0.2 0.0375 0.0444444
65 0.7125 0.2 0.0875 0.0444444
25 0.70625 0.2 0.125 0.0444444
6 0.79375 0.211111 0.175 0.0666667
21 0.034375 0.233333 0.06875 0.111111
14 0.059375 0.233333 0.11875 0.111111
12 0.7 0.233333 0.0375 0.0222222
12 0.69375 0.233333 0.025 0.0222222
21 0.059375 0.233333 0.11875 0.111111
21 0.31875 0.233333 0.15 0.0666667
21 0.31875 0.244444 0.175 0.0888889
29 0.675 0.244444 0.0125 0.0444444
10 0.68125 0.255556 0.025 0.0666667
10 0.68125 0.244444 0.025 0.0444444
10 0.71875 0.255556 0.1 0.0666667
12 0.725 0.266667 0.1125 0.0888889
21 0.034375 0.266667 0.06875 0.133333
21 0.059375 0.266667 0.11875 0.133333
11 0.33125 0.277778 0.175 0.111111
10 0.66875 0.266667 0 0.0444444
10 0.68125 0.255556 0 0.0666667
10 0.69375 0.266667 0 0.0444444
10 0.725 0.266667 0.0875 0.0444444
29 0.73125 0.288889 0.1 0.0444444
11 0.775 0.288889 0.0875 0.0444444
19 0.034375 0.3 0.06875 0.111111
21 0.040625 0.288889 0.08125 0.133333
12 0.20625 0.311111 0.075 0.0888889
21 0.2125 0.288889 0.0875 0.133333
21 0.2375 0.288889 0.0875 0.133333
21 0.2875 0.288889 0.0875 0.0888889
21 0.325 0.3 0.1625 0.111111
12 0.7375 0.3 0.0625 0.0666667
10 0.7375 0.3 0.0875 0.0666667
0 0.75 0.288889 0.0375 0.0444444
10 0.7875 0.3 0.0875 0.0666667
11 0.80625 0.3 0.1 0.0666667
18 0.034375 0.3 0.06875 0.111111
21 0.046875 0.3 0.09375 0.111111
21 0.0625 0.3 0.0875 0.111111
12 0.14375 0.322222 0.125 0.111111
21 0.1625 0.322222 0.0875 0.111111
8 0.2 0.311111 0.1125 0.0888889
12 0.2125 0.288889 0.0875 0.133333
12 0.23125 0.3 0.1 0.155556
11 0.2625 0.266667 0.1375 0.222222
10 0.7375 0.311111 0.0625 0.0444444
10 0.75 0.311111 0.0625 0.0444444
0 0.775 0.311111 0.0875 0.0444444
10 0.7875 0.333333 0.0875 0.0888889
10 0.8125 0.322222 0.0875 0.0666667
11 0.8125 0.311111 0.0875 0.0444444
11 0.934375 0.311111 0.13125 0.0888889
14 0.040625 0.311111 0.08125 0.0888889
21 0.059375 0.333333 0.11875 0.0888889
21 0.05625 0.322222 0.1 0.155556
12 0.08125 0.322222 0.1 0.155556
12 0.10625 0.322222 0.1 0.155556
12 0.13125 0.344444 0.125 0.111111
12 0.15 0.3 0.0875 0.2
12 0.1875 0.333333 0.1125 0.133333
12 0.2 0.288889 0.0875 0.222222
21 0.20625 0.3 0.1 0.2
12 0.30625 0.322222 0.125 0.155556
12 0.29375 0.311111 0.1 0.133333
21 0.30625 0.322222 0.1 0.0666667
21 0.3375 0.322222 0.1375 0.0666667
11 0.38125 0.344444 0.125 0.111111
12 0.425 0.333333 0.0875 0.0444444
11 0.56875 0.333333 0.075 0.0444444
12 0.8 0.333333 0.1125 0.133333
11 0.80625 0.333333 0.125 0.133333
10 0.83125 0.322222 0.075 0.0666667
21 0.046875 0.355556 0.09375 0.133333
12 0.05625 0.3 0.1 0.2
12 0.09375 0.3 0.1 0.2
12 0.11875 0.311111 0.1 0.222222
21 0.13125 0.355556 0.1 0.133333
11 0.14375 0.344444 0.1 0.111111
12 0.16875 0.355556 0.125 0.133333
12 0.19375 0.355556 0.125 0.133333
21 0.19375 0.344444 0.1 0.111111
21 0.30625 0.355556 0.1 0.133333
21 0.33125 0.355556 0.1 0.133333
11 0.375 0.3 0.1125 0.244444
21 0.36875 0.3 0.1 0.2
11 0.375 0.333333 0.0875 0.133333
21 0.425 0.366667 0.0125 0.0222222
8 0.45625 0.355556 0.075 0.0444444
4 0.575 0.366667 0.0875 0.0666667
6 0.56875 0.377778 0.075 0.0888889
11 0.575 0.355556 0.0375 0.0444444
14 0.6 0.377778 0.0375 0.0444444
21 0.6125 0.366667 0.0375 0.0666667
21 0.040625 0.388889 0.08125 0.0666667
11 0.046875 0.4 0.09375 0.0888889
10 0.06875 0.333333 0.1 0.222222
21 0.08125 0.333333 0.1 0.222222
21 0.10625 0.333333 0.1 0.222222
21 0.13125 0.322222 0.1 0.2
11 0.14375 0.322222 0.1 0.2
10 0.36875 0.344444 0.075 0.111111
10 0.38125 0.366667 0.05 0.0666667
10 0.40625 0.366667 0.05 0.0666667
21 0.40625 0.377778 0.05 0.0888889
25 0.45 0.377778 0.0625 0.0888889
4 0.45625 0.388889 0.075 0.0666667
8 0.5 0.388889 0.0875 0.0222222
8 0.56875 0.4 0.075 0.0444444
9 0.56875 0.4 0.05 0.0444444
60 0.60625 0.377778 0.025 0.0444444
21 0.6125 0.377778 0.0375 0.0444444
21 0.034375 0.411111 0.06875 0.111111
12 0.046875 0.411111 0.09375 0.111111
12 0.0625 0.411111 0.0875 0.111111
12 0.0875 0.355556 0.0875 0.222222
12 0.09375 0.388889 0.1 0.111111
21 0.10625 0.4 0.1 0.133333
10 0.38125 0.377778 0.05 0.0444444
10 0.39375 0.388889 0.025 0.0666667
0 0.40625 0.4 0.05 0.133333
4 0.43125 0.377778 0.1 0.0888889
16 0.5375 0.377778 0.0125 0.0444444
21 0.61875 0.388889 0.025 0.0666667
21 0.034375 0.433333 0.06875 0.111111
14 0.046875 0.433333 0.09375 0.111111
21 0.0625 0.422222 0.1125 0.133333
21 0.06875 0.377778 0.1 0.222222
21 0.1 0.366667 0.1125 0.2
10 0.09375 0.411111 0.1 0.111111
21 0.1375 0.411111 0.1375 0.111111
11 0.725 0.422222 0.0875 0.0888889
21 0.73125 0.422222 0.1 0.0888889
21 0.046875 0.455556 0.09375 0.111111
21 0.06875 0.444444 0.125 0.133333
21 0.0875 0.433333 0.1375 0.155556
12 0.1 0.433333 0.1375 0.155556
21 0.10625 0.444444 0.125 0.133333
21 0.525 0.466667 0.1375 0.0888889
8 0.58125 0.433333 0.075 0.111111
21 0.60625 0.422222 0.025 0.0888889
21 0.74375 0.433333 0.1 0.0666667
21 0.775 0.433333 0.0875 0.0666667
11 0.80625 0.433333 0.15 0.0666667
10 0.84375 0.444444 0.075 0.0444444
11 0.84375 0.444444 0.05 0.0444444
19 0.034375 0.466667 0.06875 0.0888889
19 0.040625 0.477778 0.08125 0.111111
14 0.046875 0.466667 0.09375 0.133333
21 0.2625 0.444444 0.1375 0.0888889
21 0.65625 0.444444 0.125 0.133333
25 0.7 0.466667 0.1625 0.0444444
16 0.75625 0.466667 0.125 0.0444444
6 0.775 0.455556 0.0875 0.0666667
21 0.76875 0.455556 0.075 0.0666667
14 0.76875 0.466667 0.075 0.0444444
11 0.825 0.455556 0.1375 0.0666667
10 0.83125 0.466667 0 0.0444444
12 0.85 0.466667 0.0875 0.0444444
14 0.8875 0.466667 0.1625 0.0888889
21 0.034375 0.488889 0.06875 0.133333
21 0.046875 0.488889 0.09375 0.133333
21 0.0875 0.488889 0.1375 0.133333
12 0.13125 0.488889 0.125 0.133333
11 0.1625 0.488889 0.1375 0.133333
21 0.25625 0.466667 0.125 0.0888889
10 0.34375 0.477778 0.075 0.0666667
21 0.34375 0.477778 0.075 0.0666667
3 0.55 0.477778 0.0375 0.0666667
9 0.56875 0.477778 0.025 0.0666667
21 0.66875 0.477778 0.125 0.0666667
21 0.6625 0.488889 0.1375 0.0444444
10 0.7625 0.477778 0.1125 0.0666667
2 0.775 0.488889 0.1125 0.0444444
10 0.76875 0.477778 0.075 0.0666667
10 0.7625 0.488889 0.0625 0.0444444
14 0.8375 0.477778 0.1625 0.0666667
12 0.85625 0.488889 0.05 0.0444444
