11 0.028125 0.0222222 0.05625 0.0444444
23 0.034375 0.0111111 0.06875 0.0222222
6 0.071875 0.0111111 0.14375 0.0222222
23 0.090625 0.0111111 0.18125 0.0222222
23 0.15 0.0222222 0.1375 0.0444444
4 0.4 0.0111111 0.1375 0.0222222
6 0.3625 0.0111111 0.2375 0.0222222
53 0.43125 0.0111111 0.125 0.0222222
4 0.50625 0.0111111 0.125 0.0222222
66 0.51875 0.0111111 0.125 0.0222222
4 0.53125 0.0111111 0.125 0.0222222
4 0.55625 0.0111111 0.125 0.0222222
4 0.5 0.0111111 0.2625 0.0222222
4 0.60625 0.0111111 0.125 0.0222222
4 0.5875 0.0111111 0.2125 0.0222222
4 0.65625 0.0111111 0.125 0.0222222
4 0.68125 0.0111111 0.125 0.0222222
53 0.69375 0.0111111 0.125 0.0222222
53 0.73125 0.0111111 0.125 0.0222222
23 0.75625 0.0111111 0.125 0.0222222
6 0.775 0.0111111 0.1375 0.0222222
4 0.965625 0.0222222 0.06875 0.0444444
53 0.9875 0.0111111 0.0125 0.0222222
8 0.053125 0.0222222 0.10625 0.0444444
8 0.009375 0.0222222 0.01875 0.0444444
53 0.1 0.0222222 0.1625 0.0444444
18 0.50625 0.0111111 0.1 0.0222222
19 0.51875 0 0.1 0
18 0.525 0.0111111 0.1125 0.0222222
19 0.54375 0.0111111 0.125 0.0222222
18 0.56875 0.0111111 0.1 0.0222222
18 0.5875 0.0111111 0.1125 0.0222222
18 0.6125 0.0111111 0.1125 0.0222222
18 0.6375 0.0111111 0.1125 0.0222222
18 0.6625 0.0111111 0.1125 0.0222222
18 0.6875 0.0111111 0.1125 0.0222222
19 0.71875 0.0111111 0.125 0.0222222
22 0.7375 0.0111111 0.1125 0.0222222
18 0.75 0.0111111 0.1125 0.0222222
11 0.984375 0.0222222 0.03125 0.0444444
17 0.9875 0.0222222 0.0125 0.0444444
8 0.025 0.0222222 0.0125 0.0444444
8 0.040625 0.0333333 0.08125 0.0666667
64 0.08125 0.0333333 0.075 0.0222222
4 0.35625 0.0333333 0.025 0.0222222
4 0.41875 0.0555556 0.1 0.0666667
4 0.38125 0.0333333 0.025 0.0666667
19 0.4375 0.0222222 0.1125 0.0444444
21 0.45625 0.0444444 0.125 0.0444444
21 0.4875 0.0444444 0.1125 0.0444444
18 0.50625 0.0333333 0.1 0.0666667
18 0.5125 0.0333333 0.1125 0.0666667
18 0.5375 0.0111111 0.1125 0.0222222
18 0.55625 0.0111111 0.1 0.0222222
18 0.575 0.0111111 0.1125 0.0222222
18 0.6 0.0111111 0.1125 0.0222222
18 0.6375 0.0222222 0.1125 0.0444444
18 0.6625 0.0222222 0.1125 0.0444444
18 0.675 0.0111111 0.1125 0.0222222
18 0.70625 0.0222222 0.1 0.0444444
18 0.675 0.0111111 0.0125 0.0222222
18 0.675 0.0111111 0.0375 0.0222222
18 0.69375 0.0111111 0.025 0.0222222
18 0.70625 0.0111111 0.025 0.0222222
18 0.71875 0.0111111 0.025 0.0222222
18 0.775 0.0222222 0.1125 0.0444444
17 0.8 0.0222222 0.1125 0.0444444
23 0.79375 0.0222222 0.2 0.0444444
23 0.84375 0.0222222 0.125 0.0444444
23 0.95625 0.0444444 0.075 0.0888889
23 0.965625 0.0333333 0.06875 0.0666667
11 0.98125 0.0222222 0.025 0.0444444
18 0.9875 0.0222222 0.0125 0.0444444
8 0.053125 0.0555556 0.10625 0.0666667
4 0.021875 0.0555556 0.04375 0.0666667
6 0.05 0.0555556 0.0875 0.0666667
18 0.10625 0.0666667 0.025 0.0444444
19 0.1375 0.0666667 0.0625 0.0444444
19 0.16875 0.0666667 0.125 0.0444444
22 0.18125 0.0666667 0.15 0.0444444
4 0.275 0.0666667 0.1875 0.0444444
19 0.3625 0.0555556 0.0125 0.0666667
18 0.36875 0.0555556 0.025 0.0666667
18 0.38125 0.0555556 0.025 0.0666667
18 0.39375 0.0666667 0.025 0.0444444
18 0.41875 0.0555556 0.075 0.0222222
18 0.4625 0.0555556 0.1125 0.0666667
19 0.45625 0.0555556 0.15 0.0666667
21 0.4625 0.0444444 0.1875 0.0444444
18 0.5375 0.0444444 0.0375 0.0444444
19 0.5875 0.0444444 0.1125 0.0444444
18 0.575 0.0444444 0.0625 0.0444444
18 0.6125 0.0555556 0.1125 0.0666667
19 0.59375 0.0444444 0.05 0.0444444
19 0.59375 0.0444444 0.025 0.0444444
19 0.60625 0.0444444 0.025 0.0444444
18 0.65625 0.0444444 0.125 0.0444444
18 0.675 0.0555556 0.0125 0.0222222
19 0.675 0.0666667 0.0375 0.0444444
19 0.7125 0.0555556 0.0125 0.0222222
19 0.71875 0.0555556 0.025 0.0222222
18 0.81875 0.0666667 0.125 0.0444444
18 0.79375 0.0666667 0.2 0.0444444
22 0.81875 0.0666667 0.2 0.0444444
18 0.83125 0.0666667 0.2 0.0444444
19 0.8375 0.0666667 0.2125 0.0444444
22 0.8375 0.0666667 0.2875 0.0444444
22 0.965625 0.0444444 0.06875 0.0888889
4 0.984375 0.0555556 0.03125 0.0666667
19 0.9875 0.0444444 0.0125 0.0444444
7 0.053125 0.0666667 0.10625 0.0888889
2 0.01875 0.0666667 0.025 0.0888889
8 0.03125 0.0666667 0 0.0888889
4 0.065625 0.0555556 0.13125 0.111111
2 0.0875 0.0666667 0.1125 0.0888889
4 0.046875 0.0666667 0.09375 0.0888889
2 0.05 0.0666667 0.0875 0.0888889
19 0.05625 0.0555556 0.075 0.0666667
17 0.1 0.0666667 0.0125 0.0444444
18 0.1125 0.0555556 0.0125 0.0666667
17 0.15 0.0555556 0.0625 0.0666667
17 0.18125 0.0666667 0.125 0.0444444
19 0.20625 0.0666667 0.1 0.0444444
11 0.175 0.0666667 0.1875 0.0444444
4 0.1875 0.0666667 0.1875 0.0444444
8 0.21875 0.0666667 0.125 0.0444444
6 0.2625 0.0666667 0.1875 0.0888889
2 0.275 0.0666667 0.1875 0.0888889
4 0.2875 0.0666667 0.1875 0.0888889
2 0.30625 0.0666667 0.2 0.0444444
2 0.3375 0.0555556 0.1875 0.0666667
17 0.33125 0.0666667 0.1 0.0444444
17 0.36875 0.0666667 0.025 0.0444444
17 0.375 0.0555556 0.0125 0.0666667
18 0.4 0.0555556 0.0125 0.0666667
18 0.43125 0.0666667 0.05 0.0444444
17 0.4375 0.0555556 0.0625 0.0666667
18 0.475 0.0666667 0.0625 0.0444444
18 0.5125 0.0666667 0.1125 0.0444444
18 0.525 0.0888889 0.1125 0.0444444
18 0.50625 0.0888889 0.075 0.0444444
18 0.53125 0.0888889 0.075 0.0444444
18 0.55 0.0666667 0.0625 0.0444444
19 0.5625 0.0666667 0.0625 0.0444444
19 0.575 0.0666667 0.0625 0.0444444
19 0.5875 0.0666667 0.0625 0.0444444
19 0.6 0.0666667 0.0625 0.0444444
4 0.60625 0.0666667 0.05 0.0444444
19 0.61875 0.0666667 0.075 0.0444444
19 0.6625 0.0666667 0.1125 0.0444444
18 0.6375 0.0666667 0.0125 0.0444444
18 0.65 0.0666667 0.0125 0.0444444
19 0.65 0.0666667 0.0375 0.0444444
18 0.675 0.0666667 0.0125 0.0444444
4 0.675 0.0666667 0.0375 0.0444444
18 0.69375 0.0777778 0.025 0.0666667
4 0.70625 0.1 0.025 0.0666667
18 0.7625 0.1 0.1125 0.0666667
18 0.76875 0.0888889 0.125 0.0444444
18 0.79375 0.0888889 0.1 0.0444444
17 0.8 0.0888889 0.1125 0.0444444
1 0.81875 0.0888889 0.125 0.0444444
1 0.8375 0.0777778 0.1125 0.0222222
19 0.80625 0.0777778 0.05 0.0222222
1 0.81875 0.0777778 0.025 0.0222222
1 0.85 0.0777778 0.0375 0.0222222
1 0.8375 0.0666667 0.0125 0.0444444
17 0.9 0.0777778 0.1125 0.0222222
17 0.925 0.0888889 0.1125 0.0444444
17 0.946875 0.0888889 0.10625 0.0444444
22 0.971875 0.0777778 0.05625 0.0666667
19 0.053125 0.0666667 0.10625 0.0888889
9 0.01875 0.0777778 0.025 0.111111
7 0.0375 0.0888889 0.0625 0.133333
21 0.10625 0.0666667 0.2 0.0888889
22 0.14375 0.0888889 0.2 0.0888889
11 0.18125 0.0777778 0.15 0.111111
22 0.175 0.0666667 0.1875 0.0888889
23 0.31875 0.0666667 0.175 0.0888889
6 0.33125 0.0666667 0.175 0.0888889
17 0.3625 0.0666667 0.0125 0.0888889
17 0.36875 0.0888889 0.025 0.0888889
16 0.375 0.0666667 0.0125 0.0888889
19 0.43125 0.0666667 0.125 0.0888889
22 0.425 0.0666667 0.0375 0.0888889
22 0.48125 0.0777778 0.125 0.0666667
17 0.49375 0.0777778 0.125 0.0666667
17 0.50625 0.111111 0.125 0.0888889
19 0.51875 0.111111 0.125 0.0888889
17 0.50625 0.111111 0.075 0.0888889
17 0.5125 0.1 0.0625 0.0666667
19 0.525 0.1 0.0625 0.0666667
19 0.54375 0.111111 0.075 0.0888889
19 0.575 0.1 0.1125 0.0666667
53 0.56875 0.1 0.075 0.0666667
2 0.58125 0.1 0.075 0.0666667
4 0.59375 0.1 0.075 0.0666667
2 0.6125 0.0888889 0.1875 0.0888889
2 0.64375 0.0888889 0.15 0.0888889
19 0.6375 0.0777778 0.0625 0.0666667
19 0.6375 0.1 0.0625 0.111111
17 0.675 0.0777778 0.0125 0.0666667
17 0.675 0.0777778 0.0375 0.0666667
17 0.6875 0.0777778 0.0375 0.0666667
17 0.70625 0.0888889 0.025 0.0888889
17 0.7125 0.0777778 0.0375 0.0666667
17 0.725 0.0888889 0.0375 0.0444444
17 0.74375 0.111111 0.05 0.0888889
16 0.75625 0.0888889 0.025 0.0444444
16 0.7625 0.0888889 0.0375 0.0444444
17 0.76875 0.111111 0.025 0.0888889
19 0.83125 0.122222 0.125 0.0666667
35 0.81875 0.1 0.05 0.0666667
16 0.84375 0.0888889 0.025 0.0444444
16 0.85 0.0888889 0.0125 0.0444444
16 0.9125 0.0888889 0.1125 0.0444444
17 0.9375 0.122222 0.1125 0.0666667
17 0.9125 0.122222 0.0375 0.0666667
17 0.953125 0.122222 0.09375 0.0666667
19 0.95625 0.0888889 0.075 0.0888889
0 0.9875 0.0666667 0.0125 0.0888889
18 0.053125 0.1 0.10625 0.111111
18 0.03125 0.122222 0.025 0.0666667
53 0.0625 0.122222 0.0625 0.0666667
1 0.05 0.111111 0.0375 0.0444444
1 0.06875 0.111111 0.05 0.0444444
1 0.09375 0.133333 0.175 0.0444444
22 0.14375 0.122222 0.125 0.0222222
53 0.1625 0.133333 0.1375 0.0444444
53 0.15 0.133333 0.0625 0.0444444
22 0.18125 0.122222 0.05 0.0222222
22 0.19375 0.133333 0.05 0.0444444
22 0.24375 0.133333 0.125 0.0444444
22 0.325 0.122222 0.1125 0.0222222
22 0.30625 0.133333 0.05 0.0444444
22 0.3375 0.133333 0.1125 0.0444444
1 0.325 0.122222 0.0375 0.0666667
22 0.36875 0.111111 0.025 0.0444444
53 0.58125 0.122222 0.075 0.0666667
21 0.5875 0.111111 0.0625 0.0444444
21 0.6 0.111111 0.0625 0.0444444
21 0.6125 0.0888889 0.0875 0.0888889
21 0.59375 0.0888889 0.125 0.0888889
22 0.60625 0.0888889 0.125 0.0888889
22 0.6125 0.122222 0.1125 0.0666667
35 0.6375 0.122222 0.1375 0.0666667
22 0.68125 0.122222 0.05 0.0666667
22 0.6875 0.133333 0.0375 0.0888889
22 0.725 0.122222 0.0625 0.0666667
22 0.7375 0.122222 0.0625 0.0666667
17 0.7375 0.133333 0.0625 0.0888889
17 0.7625 0.133333 0.0375 0.0888889
17 0.78125 0.133333 0.05 0.0888889
17 0.83125 0.144444 0.125 0.0666667
17 0.8 0.144444 0.0375 0.0666667
17 0.8125 0.144444 0.0375 0.0666667
17 0.825 0.144444 0.0375 0.0666667
64 0.85625 0.144444 0.05 0.0666667
22 0.8625 0.133333 0.0625 0.0444444
22 0.89375 0.133333 0.075 0.0444444
19 0.9 0.133333 0.0625 0.0444444
17 0.89375 0.133333 0.05 0.0444444
19 0.953125 0.133333 0.09375 0.0888889
26 0.9875 0.2 0.0125 0.311111
19 0.053125 0.122222 0.10625 0.111111
18 0.015625 0.144444 0.03125 0.0666667
4 0.084375 0.155556 0.16875 0.0888889
1 0.090625 0.155556 0.18125 0.0888889
22 0.096875 0.166667 0.19375 0.0666667
19 0.1625 0.166667 0.0875 0.0666667
19 0.1625 0.155556 0.1125 0.0444444
19 0.1375 0.155556 0.0375 0.0444444
19 0.18125 0.144444 0.05 0.0222222
19 0.18125 0.144444 0.075 0.0222222
19 0.20625 0.144444 0.05 0.0222222
15 0.225 0.144444 0.1125 0.0222222
1 0.24375 0.144444 0.125 0.0222222
1 0.26875 0.144444 0.1 0.0222222
22 0.28125 0.144444 0.1 0.0222222
17 0.2875 0.155556 0.1125 0.0444444
17 0.275 0.155556 0.0375 0.0444444
19 0.2875 0.155556 0.0625 0.0444444
18 0.31875 0.144444 0.125 0.0222222
19 0.3375 0.166667 0.1375 0.0666667
22 0.3375 0.166667 0.1875 0.0666667
19 0.4 0.155556 0.0625 0.0444444
3 0.45625 0.155556 0.125 0.0444444
15 0.46875 0.155556 0.125 0.0444444
19 0.48125 0.155556 0.125 0.0444444
18 0.44375 0.155556 0.05 0.0444444
19 0.51875 0.155556 0.1 0.0444444
18 0.51875 0.155556 0.125 0.0444444
19 0.55 0.155556 0.1125 0.0444444
18 0.5625 0.155556 0.1375 0.0444444
19 0.5875 0.155556 0.1125 0.0444444
19 0.5875 0.144444 0.0625 0.0222222
19 0.61875 0.144444 0.125 0.0222222
22 0.60625 0.144444 0.1 0.0222222
22 0.625 0.155556 0.1875 0.0444444
22 0.63125 0.144444 0.2 0.0222222
