12 0.15 0.0333333 0.1125 0.0666667
12 0.1625 0.0333333 0.1125 0.0666667
12 0.1875 0.0333333 0.1125 0.0666667
11 0.2 0.0333333 0.1125 0.0666667
10 0.2125 0.0222222 0.1125 0.0444444
10 0.2375 0.0222222 0.1125 0.0444444
11 0.25625 0.0333333 0.125 0.0666667
11 0.28125 0.0333333 0.125 0.0666667
10 0.3 0.0333333 0.1375 0.0666667
10 0.33125 0.0333333 0.125 0.0666667
21 0.34375 0.0333333 0.125 0.0666667
21 0.36875 0.0333333 0.125 0.0666667
21 0.39375 0.0222222 0.125 0.0444444
21 0.41875 0.0333333 0.125 0.0666667
21 0.44375 0.0333333 0.125 0.0666667
21 0.46875 0.0333333 0.125 0.0666667
21 0.49375 0.0333333 0.125 0.0666667
21 0.51875 0.0333333 0.125 0.0666667
21 0.54375 0.0333333 0.125 0.0666667
12 0.55625 0.0333333 0.125 0.0666667
12 0.58125 0.0333333 0.125 0.0666667
11 0.59375 0.0333333 0.125 0.0666667
10 0.60625 0.0333333 0.125 0.0666667
10 0.625 0.0222222 0.1375 0.0444444
8 0.6375 0.0111111 0.1375 0.0222222
3 0.64375 0.0111111 0.15 0.0222222
57 0.60625 0.0222222 0.275 0.0444444
60 0.70625 0.0222222 0.1 0.0444444
11 0.70625 0.0222222 0.125 0.0444444
11 0.73125 0.0222222 0.1 0.0444444
59 0.73125 0.0222222 0.075 0.0444444
25 0.7 0.0222222 0.1875 0.0444444
8 0.78125 0 0.05 0
8 0.81875 0 0.1 0
8 0.83125 0 0.1 0
11 0.79375 0 0.025 0
60 0.775 0.0111111 0.0875 0.0222222
60 0.825 0.0222222 0.0375 0.0444444
60 0.84375 0.0555556 0.025 0.111111
60 0.85625 0.0222222 0.025 0.0444444
29 0.915625 0.0222222 0.16875 0.0444444
10 0.9875 0 0.0125 0
21 0.046875 0.0222222 0.09375 0.0444444
21 0.053125 0.0222222 0.10625 0.0444444
21 0.071875 0.0333333 0.14375 0.0666667
12 0.084375 0.0333333 0.16875 0.0666667
10 0.15625 0.0222222 0.1 0.0444444
10 0.1875 0.0333333 0.1125 0.0666667
10 0.2125 0.0333333 0.1125 0.0666667
10 0.2375 0.0333333 0.1125 0.0666667
10 0.25 0.0333333 0.1125 0.0666667
10 0.2875 0.0333333 0.1125 0.0666667
11 0.3 0.0333333 0.1125 0.0666667
11 0.31875 0.0333333 0.125 0.0666667
12 0.36875 0.0333333 0.125 0.0666667
12 0.5 0.0333333 0.1375 0.0666667
11 0.60625 0.0444444 0.125 0.0888889
11 0.625 0.0444444 0.1375 0.0888889
3 0.65625 0.0666667 0.125 0.133333
3 0.68125 0.0333333 0.125 0.0666667
3 0.70625 0.0333333 0.1 0.0666667
26 0.69375 0.0333333 0.075 0.0666667
26 0.71875 0.0222222 0.075 0.0444444
60 0.71875 0.0222222 0.075 0.0444444
49 0.73125 0.0222222 0.075 0.0444444
25 0.73125 0.0222222 0.1 0.0444444
59 0.74375 0.0222222 0.1 0.0444444
60 0.79375 0.0222222 0.175 0.0444444
60 0.775 0.0222222 0.0875 0.0444444
59 0.80625 0.0666667 0.075 0.133333
59 0.84375 0.0666667 0.025 0.133333
60 0.85625 0.0222222 0.025 0.0444444
12 0.9125 0.0111111 0.0125 0.0222222
60 0.959375 0.0333333 0.08125 0.0666667
60 0.953125 0.0222222 0.09375 0.0444444
11 0.1375 0.0444444 0.1125 0.0888889
12 0.1625 0.0444444 0.1125 0.0888889
12 0.1875 0.0444444 0.1125 0.0888889
12 0.2125 0.0444444 0.1125 0.0888889
12 0.2375 0.0444444 0.1125 0.0888889
12 0.25 0.0444444 0.1125 0.0888889
12 0.275 0.0444444 0.1125 0.0888889
12 0.3 0.0444444 0.1375 0.0888889
12 0.325 0.0444444 0.1375 0.0888889
12 0.35 0.0444444 0.1375 0.0888889
21 0.5 0.0444444 0.1375 0.0888889
21 0.525 0.0444444 0.1375 0.0888889
11 0.60625 0.0333333 0.2 0.0666667
11 0.61875 0.0555556 0.2 0.0666667
12 0.6375 0.0555556 0.1875 0.0666667
60 0.68125 0.0555556 0.125 0.0666667
60 0.79375 0.0444444 0.075 0.0888889
60 0.80625 0.0555556 0.075 0.0666667
60 0.84375 0.0555556 0.025 0.0666667
60 0.85625 0.0444444 0 0.0444444
12 0.88125 0.0333333 0 0.0222222
12 0.86875 0.0333333 0.075 0.0222222
12 0.90625 0.0333333 0.025 0.0222222
11 0.053125 0.0444444 0.10625 0.0888889
59 0.04375 0.0444444 0.075 0.0888889
59 0.059375 0.0444444 0.11875 0.0888889
16 0.08125 0.0444444 0.125 0.0888889
21 0.1 0.0444444 0.1375 0.0888889
12 0.125 0.0444444 0.1125 0.0888889
10 0.15 0.0444444 0.1125 0.0888889
10 0.175 0.0555556 0.1125 0.111111
12 0.2 0.0555556 0.1125 0.111111
10 0.2125 0.0555556 0.1125 0.111111
11 0.225 0.0555556 0.1125 0.111111
10 0.2375 0.0555556 0.1125 0.111111
11 0.25 0.0555556 0.1125 0.111111
12 0.2625 0.0555556 0.1125 0.111111
12 0.3 0.0444444 0.1125 0.0888889
12 0.275 0.0555556 0.1875 0.111111
10 0.3375 0.0444444 0.1125 0.0888889
10 0.31875 0.0444444 0.2 0.0888889
11 0.3625 0.0444444 0.1375 0.0888889
11 0.3875 0.0444444 0.1125 0.0888889
12 0.40625 0.0444444 0.125 0.0888889
12 0.50625 0.0555556 0.125 0.111111
11 0.575 0.0444444 0.1125 0.0888889
11 0.6 0.0444444 0.1375 0.0888889
60 0.625 0.0666667 0.0375 0.0444444
60 0.66875 0.0666667 0.1 0.0444444
60 0.69375 0.0666667 0.125 0.0444444
60 0.675 0.0777778 0.0375 0.0666667
60 0.76875 0.0666667 0.025 0.0444444
60 0.81875 0.0777778 0.025 0.0666667
60 0.83125 0.0777778 0 0.0666667
60 0.84375 0.0777778 0 0.0666667
12 0.86875 0.0555556 0 0.0222222
12 0.825 0.0777778 0.1125 0.0666667
12 0.90625 0.0666667 0.025 0.0888889
60 0.9125 0.0444444 0.1625 0.0444444
60 0.953125 0.0555556 0.09375 0.111111
60 0.04375 0.0555556 0.075 0.111111
2 0.06875 0.0444444 0.075 0.0888889
16 0.0875 0.0666667 0.1125 0.0888889
10 0.10625 0.0666667 0.125 0.0888889
10 0.13125 0.0666667 0.125 0.0888889
10 0.14375 0.0555556 0.125 0.111111
10 0.16875 0.0666667 0.125 0.133333
10 0.20625 0.0666667 0.125 0.133333
10 0.225 0.0666667 0.1125 0.133333
10 0.25 0.0666667 0.1125 0.133333
10 0.2625 0.0555556 0.1125 0.111111
10 0.28125 0.0555556 0.125 0.111111
10 0.30625 0.0555556 0.125 0.111111
12 0.325 0.0555556 0.1125 0.111111
10 0.35625 0.0555556 0.125 0.111111
12 0.36875 0.0555556 0.125 0.111111
46 0.46875 0.0555556 0.125 0.111111
11 0.575 0.0666667 0.0625 0.133333
11 0.58125 0.0666667 0.05 0.133333
60 0.6125 0.0888889 0.0125 0.0888889
60 0.61875 0.0888889 0.025 0.0888889
60 0.625 0.0888889 0.0375 0.0888889
60 0.6375 0.0888889 0.0375 0.0888889
60 0.65 0.0777778 0.0375 0.0666667
60 0.66875 0.0777778 0.025 0.0666667
25 0.68125 0.0777778 0.025 0.0666667
60 0.69375 0.0777778 0.025 0.0666667
60 0.7125 0.0777778 0.0125 0.0666667
60 0.70625 0.0666667 0.05 0.0888889
60 0.73125 0.0888889 0.025 0.0888889
60 0.74375 0.0888889 0.025 0.0888889
60 0.75625 0.0777778 0.025 0.0666667
60 0.78125 0.0666667 0.025 0.0444444
60 0.79375 0.0666667 0.025 0.0444444
60 0.80625 0.0666667 0.025 0.0444444
60 0.81875 0.0666667 0 0.0444444
12 0.85625 0.0666667 0 0.0444444
12 0.86875 0.0666667 0 0.0444444
12 0.88125 0.0777778 0 0.111111
12 0.89375 0.0888889 0 0.0888889
60 0.9125 0.0888889 0.0125 0.0888889
2 0.990625 0.0666667 0.01875 0.0444444
21 0.996875 0.0666667 0.00625 0.0444444
60 0.04375 0.0777778 0.075 0.111111
1 0.075 0.0555556 0.1125 0.111111
3 0.0875 0.0555556 0.1125 0.111111
3 0.1 0.0888889 0.1125 0.133333
3 0.13125 0.0888889 0.125 0.133333
10 0.14375 0.0777778 0.125 0.111111
3 0.1875 0.0777778 0.1125 0.155556
10 0.2375 0.0777778 0.1125 0.155556
10 0.275 0.0777778 0.1125 0.155556
10 0.3 0.0777778 0.1125 0.155556
10 0.3125 0.0666667 0.1125 0.133333
10 0.34375 0.0666667 0.125 0.133333
10 0.375 0.0666667 0.1375 0.133333
11 0.38125 0.0666667 0.125 0.133333
21 0.40625 0.0777778 0.125 0.155556
11 0.59375 0.0666667 0.125 0.133333
11 0.575 0.0777778 0.0625 0.111111
11 0.58125 0.0888889 0.05 0.0888889
60 0.60625 0.0888889 0.025 0.0888889
60 0.63125 0.0777778 0.025 0.0666667
60 0.6375 0.0888889 0.0375 0.0444444
8 0.65 0.0888889 0.0375 0.0444444
12 0.66875 0.1 0.025 0.0666667
8 0.675 0.1 0.0375 0.111111
59 0.70625 0.0666667 0 0.0888889
59 0.7 0.0888889 0.0625 0.133333
25 0.73125 0.0888889 0.025 0.133333
25 0.75 0.122222 0.0375 0.2
59 0.75 0.0888889 0.0375 0.133333
60 0.76875 0.0888889 0.025 0.0444444
60 0.78125 0.0888889 0.025 0.0444444
60 0.79375 0.0888889 0.025 0.0444444
60 0.80625 0.0888889 0.025 0.0444444
60 0.8125 0.0888889 0.0125 0.0444444
12 0.83125 0.0888889 0 0.0444444
12 0.84375 0.0888889 0 0.0444444
12 0.85625 0.1 0 0.0666667
12 0.8125 0.0888889 0.1125 0.0444444
12 0.88125 0.0777778 0 0.111111
12 0.86875 0.0777778 0.075 0.111111
12 0.88125 0.0666667 0.075 0.133333
60 0.90625 0.122222 0.05 0.2
60 0.915625 0.0888889 0.16875 0.0444444
60 0.953125 0.1 0.09375 0.0666667
3 0.990625 0.1 0.01875 0.0666667
67 0.053125 0.0888889 0.10625 0.0888889
4 0.0625 0.1 0.0875 0.111111
4 0.08125 0.0888889 0.1 0.133333
21 0.09375 0.0888889 0.125 0.133333
26 0.15625 0.1 0.125 0.155556
21 0.1875 0.1 0.1125 0.155556
21 0.2125 0.111111 0.1125 0.133333
21 0.3625 0.1 0.1375 0.155556
21 0.425 0.0888889 0.1375 0.133333
21 0.44375 0.1 0.125 0.155556
21 0.46875 0.1 0.125 0.155556
21 0.5 0.1 0.1375 0.155556
21 0.525 0.1 0.1375 0.155556
21 0.55 0.1 0.1375 0.155556
21 0.56875 0.111111 0.125 0.133333
11 0.6 0.1 0.1375 0.111111
11 0.5875 0.1 0.0375 0.111111
0 0.6 0.1 0.0375 0.111111
0 0.61875 0.1 0.025 0.111111
60 0.625 0.0888889 0.0375 0.133333
60 0.6375 0.0888889 0.0375 0.133333
26 0.65 0.133333 0.0375 0.0444444
26 0.66875 0.122222 0.025 0.0666667
60 0.675 0.144444 0.0375 0.0666667
60 0.69375 0.133333 0.075 0.0888889
71 0.74375 0.144444 0.025 0.0666667
60 0.80625 0.133333 0.025 0.0888889
60 0.7625 0.111111 0.1125 0.133333
71 0.775 0.122222 0.1125 0.0222222
71 0.8 0.111111 0.1125 0.0444444
12 0.88125 0.122222 0 0.0666667
12 0.89375 0.133333 0 0.0444444
12 0.90625 0.122222 0 0.0222222
12 0.8625 0.111111 0.1125 0.0444444
71 0.8875 0.122222 0.1125 0.0222222
26 0.9875 0.111111 0.0125 0.0444444
17 0.984375 0.0777778 0.03125 0.111111
44 0.05625 0.133333 0.1 0.0444444
44 0.025 0.144444 0.0125 0.0222222
3 0.096875 0.144444 0.19375 0.111111
10 0.10625 0.122222 0.2 0.111111
12 0.1625 0.111111 0.1125 0.133333
12 0.175 0.122222 0.1125 0.155556
12 0.1875 0.111111 0.1125 0.133333
8 0.2 0.111111 0.1125 0.133333
12 0.225 0.111111 0.1125 0.133333
12 0.2625 0.111111 0.1125 0.133333
8 0.28125 0.111111 0.075 0.133333
8 0.3125 0.1 0.1375 0.111111
10 0.34375 0.1 0.125 0.155556
46 0.35 0.111111 0.1375 0.133333
46 0.375 0.111111 0.1375 0.133333
16 0.41875 0.1 0.125 0.155556
15 0.425 0.1 0.1375 0.155556
12 0.4375 0.111111 0.1375 0.133333
10 0.44375 0.122222 0.125 0.155556
10 0.45 0.122222 0.0875 0.155556
10 0.46875 0.133333 0.1 0.133333
8 0.49375 0.122222 0.125 0.111111
8 0.53125 0.144444 0.125 0.111111
11 0.5375 0.144444 0.1125 0.111111
12 0.53125 0.122222 0.1 0.111111
8 0.525 0.133333 0.1875 0.0888889
8 0.575 0.122222 0.1125 0.111111
31 0.59375 0.111111 0.025 0.0888889
8 0.625 0.122222 0.0375 0.111111
26 0.64375 0.144444 0.025 0.0666667
26 0.65 0.133333 0.0125 0.0444444
26 0.66875 0.133333 0.025 0.0444444
26 0.675 0.133333 0.0125 0.0444444
71 0.69375 0.133333 0.025 0.0444444
26 0.70625 0.122222 0 0.0666667
26 0.725 0.111111 0.0125 0.0888889
26 0.73125 0.144444 0 0.0666667
71 0.74375 0.133333 0 0.0444444
60 0.7 0.133333 0.1125 0.133333
71 0.79375 0.122222 0.025 0.111111
