6 0.4 0.0111111 0.1125 0.0222222
6 0.4375 0.0111111 0.1375 0.0222222
6 0.475 0.0111111 0.1125 0.0222222
6 0.5125 0.0111111 0.1125 0.0222222
4 0.5375 0.0111111 0.1375 0.0222222
53 0.55 0.0111111 0.1125 0.0222222
71 0.58125 0.0111111 0.125 0.0222222
4 0.59375 0.0111111 0.125 0.0222222
6 0.60625 0.0111111 0.125 0.0222222
6 0.63125 0.0111111 0.125 0.0222222
53 0.64375 0.0111111 0.125 0.0222222
23 0.68125 0.0111111 0.125 0.0222222
22 0.75625 0.0111111 0.125 0.0222222
23 0.79375 0.0111111 0.125 0.0222222
23 0.83125 0.0111111 0.125 0.0222222
22 0.8625 0.0111111 0.1125 0.0222222
23 0.875 0.0111111 0.1125 0.0222222
22 0.91875 0.0111111 0.125 0.0222222
11 0.946875 0.0111111 0.10625 0.0222222
11 0.953125 0.0111111 0.09375 0.0222222
6 0.040625 0.0222222 0.08125 0.0444444
4 0.046875 0.0222222 0.09375 0.0444444
9 0.1625 0.0111111 0.1125 0.0222222
6 0.175 0.0222222 0.1125 0.0444444
6 0.3 0.0222222 0.1125 0.0444444
4 0.3375 0.0333333 0.1875 0.0666667
6 0.34375 0.0222222 0.125 0.0444444
6 0.36875 0.0222222 0.125 0.0444444
6 0.3875 0.0222222 0.1125 0.0444444
6 0.4375 0.0222222 0.1625 0.0444444
22 0.44375 0.0111111 0.125 0.0222222
22 0.475 0.0111111 0.1125 0.0222222
22 0.4875 0.0111111 0.1125 0.0222222
22 0.5125 0.0111111 0.1125 0.0222222
19 0.7375 0.0111111 0.1125 0.0222222
19 0.7625 0.0111111 0.1125 0.0222222
14 0.959375 0.0222222 0.08125 0.0444444
4 0.953125 0.0222222 0.09375 0.0444444
6 0.46875 0.0444444 0.175 0.0444444
11 0.46875 0.0333333 0.125 0.0222222
6 0.48125 0.0333333 0.125 0.0222222
22 0.49375 0.0333333 0.125 0.0222222
22 0.5125 0.0444444 0.1125 0.0444444
43 0.56875 0.0444444 0.125 0.0444444
43 0.60625 0.0333333 0.175 0.0666667
6 0.6625 0.0222222 0.1625 0.0444444
12 0.68125 0.0222222 0.125 0.0444444
2 0.95 0.0222222 0.0875 0.0444444
10 0.959375 0.0222222 0.08125 0.0444444
9 0.015625 0.0555556 0.03125 0.0666667
10 0.34375 0.0555556 0.025 0.0222222
22 0.49375 0.0555556 0.125 0.0222222
22 0.53125 0.0555556 0.125 0.0666667
22 0.56875 0.0444444 0.125 0.0444444
6 0.58125 0.0444444 0.125 0.0444444
4 0.6125 0.0444444 0.1125 0.0444444
4 0.6375 0.0444444 0.1125 0.0444444
13 0.64375 0.0444444 0.125 0.0444444
25 0.940625 0.0444444 0.11875 0.0444444
8 0.015625 0.0666667 0.03125 0.0444444
6 0.3375 0.0888889 0.1625 0.0444444
8 0.61875 0.0666667 0.125 0.0444444
6 0.015625 0.0888889 0.03125 0.0444444
6 0.11875 0.111111 0.1 0.0444444
6 0.15625 0.0888889 0.175 0.0888889
6 0.20625 0.0888889 0.175 0.0888889
22 0.23125 0.1 0.1 0.0666667
6 0.6125 0.0777778 0.1375 0.0666667
25 0.61875 0.0888889 0.125 0.0444444
43 0.625 0.0777778 0.1125 0.0666667
14 0.75625 0.0888889 0.075 0.0444444
22 0.7625 0.0888889 0.0875 0.0444444
6 0.021875 0.122222 0.04375 0.0666667
2 0.015625 0.111111 0.03125 0.0444444
6 0.034375 0.0888889 0.06875 0.0888889
21 0.2 0.111111 0.0625 0.0444444
44 0.2125 0.111111 0.0625 0.0444444
21 0.2125 0.111111 0.0375 0.0444444
11 0.225 0.111111 0.0125 0.0444444
23 0.25 0.0888889 0.0375 0.0888889
6 0.41875 0.133333 0.125 0.0444444
60 0.5375 0.0888889 0.1125 0.0888889
6 0.58125 0.111111 0.075 0.0444444
14 0.625 0.111111 0.0125 0.0444444
6 0.6375 0.111111 0.0125 0.0444444
14 0.61875 0.111111 0.075 0.0444444
9 0.6625 0.111111 0.0375 0.0444444
9 0.65 0.111111 0.0875 0.0444444
11 0.6875 0.111111 0.0875 0.0444444
11 0.7125 0.111111 0.0875 0.0444444
9 0.725 0.122222 0.0875 0.0222222
21 0.74375 0.122222 0.075 0.0222222
60 0.7625 0.133333 0.0875 0.0444444
11 0.7625 0.122222 0.0875 0.0222222
22 0.81875 0.122222 0.175 0.0666667
60 0.825 0.111111 0.1625 0.0444444
60 0.81875 0.111111 0.1 0.0444444
44 0.8875 0.122222 0.1125 0.0222222
6 0.053125 0.133333 0.10625 0.0888889
2 0.015625 0.144444 0.03125 0.0666667
5 0.48125 0.1 0.125 0.111111
9 0.4875 0.144444 0.1125 0.0222222
9 0.50625 0.155556 0.1 0.0444444
10 0.959375 0.133333 0.08125 0.0444444
6 0.053125 0.166667 0.10625 0.0666667
6 0.015625 0.166667 0.03125 0.0666667
6 0.35 0.166667 0.1125 0.0666667
6 0.4125 0.177778 0.1625 0.0444444
6 0.5375 0.166667 0.1375 0.0666667
9 0.015625 0.177778 0.03125 0.0444444
6 0.25625 0.166667 0.1 0.0666667
6 0.3 0.166667 0.1125 0.0666667
6 0.375 0.166667 0.1625 0.0666667
22 0.46875 0.177778 0.125 0.0444444
22 0.49375 0.177778 0.125 0.0444444
6 0.5375 0.188889 0.1375 0.0666667
11 0.015625 0.2 0.03125 0.0444444
9 0.015625 0.2 0.03125 0.0444444
9 0.025 0.222222 0.0125 0.0444444
22 0.40625 0.233333 0.05 0.0222222
22 0.41875 0.233333 0.05 0.0222222
8 0.021875 0.255556 0.04375 0.0666667
6 0.034375 0.255556 0.06875 0.0666667
6 0.34375 0.266667 0.125 0.0444444
22 0.41875 0.255556 0.125 0.0666667
22 0.49375 0.255556 0.125 0.0666667
22 0.51875 0.255556 0.125 0.0666667
8 0.015625 0.266667 0.03125 0.0444444
11 0.028125 0.266667 0.05625 0.0444444
6 0.225 0.255556 0.1125 0.0666667
6 0.3125 0.255556 0.1125 0.0666667
6 0.36875 0.255556 0.15 0.0666667
6 0.36875 0.277778 0.125 0.0666667
6 0.39375 0.266667 0.125 0.0444444
4 0.63125 0.255556 0.125 0.111111
22 0.64375 0.266667 0.125 0.0444444
6 0.028125 0.288889 0.05625 0.0444444
6 0.91875 0.311111 0.125 0.0444444
20 0.053125 0.3 0.10625 0.111111
2 0.028125 0.288889 0.05625 0.0888889
6 0.034375 0.311111 0.06875 0.0444444
11 0.034375 0.311111 0.06875 0.0444444
9 0.24375 0.311111 0.025 0.0444444
22 0.23125 0.311111 0.1 0.0444444
6 0.35625 0.322222 0.125 0.0666667
6 0.36875 0.333333 0.125 0.0444444
4 0.36875 0.311111 0.1 0.0444444
6 0.4125 0.311111 0.0375 0.0444444
6 0.425 0.322222 0.0375 0.0222222
6 0.43125 0.322222 0.025 0.0222222
6 0.44375 0.322222 0.025 0.0222222
14 0.45 0.311111 0.0375 0.0444444
21 0.46875 0.311111 0.025 0.0444444
22 0.48125 0.311111 0.025 0.0444444
6 0.46875 0.311111 0.1 0.0444444
6 0.49375 0.311111 0.1 0.0444444
4 0.5 0.311111 0.0875 0.0444444
4 0.51875 0.311111 0.1 0.0444444
4 0.55 0.311111 0.1125 0.0444444
2 0.5625 0.311111 0.1125 0.0444444
2 0.5875 0.322222 0.1375 0.0222222
2 0.61875 0.311111 0.075 0.0444444
4 0.6 0.311111 0.1125 0.0444444
2 0.6375 0.277778 0.1375 0.111111
6 0.6625 0.277778 0.0625 0.111111
6 0.68125 0.311111 0.125 0.0444444
22 0.71875 0.311111 0.05 0.0444444
4 0.7 0.311111 0.0875 0.0444444
4 0.7 0.333333 0.0875 0.0444444
4 0.725 0.333333 0.1125 0.0444444
6 0.7375 0.322222 0.1125 0.0222222
4 0.75 0.333333 0.1125 0.0444444
6 0.75625 0.333333 0.1 0.0444444
22 0.7625 0.322222 0.0875 0.0222222
22 0.8 0.322222 0.0875 0.0222222
22 0.8125 0.311111 0.0875 0.0444444
22 0.86875 0.322222 0.1 0.0666667
6 0.90625 0.322222 0.125 0.0666667
6 0.925 0.322222 0.0875 0.0666667
14 0.053125 0.311111 0.10625 0.0888889
6 0.028125 0.311111 0.05625 0.0888889
6 0.034375 0.333333 0.06875 0.0444444
23 0.05 0.333333 0.0625 0.0444444
23 0.0875 0.333333 0.1125 0.0444444
19 0.21875 0.322222 0.1 0.0666667
22 0.23125 0.322222 0.1 0.0666667
22 0.275 0.333333 0.0875 0.0444444
22 0.30625 0.333333 0.05 0.0444444
22 0.3 0.333333 0.0875 0.0444444
6 0.59375 0.333333 0.125 0.0444444
6 0.6375 0.322222 0.1125 0.0666667
4 0.65625 0.333333 0.1 0.0444444
22 0.71875 0.333333 0.05 0.0444444
22 0.70625 0.333333 0.1 0.0444444
14 0.053125 0.344444 0.10625 0.111111
9 0.01875 0.344444 0.025 0.111111
6 0.0375 0.366667 0.0375 0.0666667
11 0.05 0.366667 0.0375 0.0222222
11 0.08125 0.377778 0.1 0.0444444
11 0.1 0.377778 0.1125 0.0444444
6 0.1125 0.377778 0.1125 0.0444444
4 0.16875 0.377778 0.175 0.0444444
4 0.18125 0.366667 0.175 0.0666667
4 0.1625 0.377778 0.1125 0.0444444
4 0.20625 0.377778 0.075 0.0444444
4 0.19375 0.344444 0.125 0.111111
4 0.25 0.344444 0.1625 0.111111
6 0.23125 0.355556 0.1 0.133333
23 0.26875 0.366667 0.05 0.0222222
23 0.29375 0.366667 0.075 0.0666667
23 0.275 0.366667 0.0875 0.0666667
23 0.3125 0.366667 0.0625 0.0666667
23 0.3125 0.366667 0.1125 0.0666667
4 0.59375 0.355556 0.125 0.0444444
4 0.66875 0.355556 0.075 0.0444444
4 0.66875 0.366667 0.1 0.0666667
6 0.66875 0.366667 0.1 0.0666667
6 0.675 0.355556 0.1125 0.0444444
22 0.7 0.355556 0.1125 0.0444444
23 0.70625 0.355556 0.1 0.0444444
22 0.75625 0.355556 0.175 0.0444444
21 0.053125 0.388889 0.10625 0.0666667
9 0.01875 0.388889 0.025 0.0666667
11 0.0375 0.388889 0.0375 0.0666667
6 0.66875 0.388889 0.075 0.0222222
4 0.66875 0.377778 0.1 0.0444444
6 0.66875 0.377778 0.1 0.0444444
6 0.71875 0.377778 0.05 0.0444444
23 0.73125 0.388889 0.05 0.0222222
9 0.015625 0.388889 0.03125 0.0666667
6 0.75625 0.4 0.175 0.0444444
6 0.8625 0.4 0.1625 0.0444444
11 0.015625 0.411111 0.03125 0.0666667
6 0.71875 0.433333 0.175 0.0666667
6 0.75 0.433333 0.1625 0.0666667
2 0.74375 0.411111 0.125 0.0666667
4 0.75 0.411111 0.1125 0.0666667
6 0.71875 0.455556 0.1 0.0222222
55 0.775 0.455556 0.0125 0.0222222
10 0.7875 0.455556 0.0125 0.0222222
4 0.80625 0.455556 0.025 0.0222222
14 0.875 0.455556 0.0125 0.0222222
14 0.8625 0.455556 0.0875 0.0222222
6 0.94375 0.422222 0.05 0.0888889
9 0.95 0.422222 0.0125 0.0888889
6 0.975 0.422222 0.0125 0.0888889
5 0.9875 0.444444 0.0125 0.0444444
12 0.990625 0.444444 0.01875 0.0444444
23 0.03125 0.466667 0.05 0.0444444
6 0.1125 0.466667 0.0375 0.0444444
22 0.11875 0.477778 0.05 0.0222222
23 0.31875 0.466667 0.1 0.0444444
6 0.825 0.477778 0.1625 0.0222222
6 0.86875 0.477778 0.175 0.0222222
10 0.98125 0.455556 0.025 0.0666667
12 0.990625 0.455556 0.01875 0.111111
14 0.053125 0.477778 0.10625 0.111111
11 0.028125 0.488889 0.05625 0.0444444
23 0.04375 0.488889 0.05 0.0444444
6 0.0625 0.488889 0.0875 0.0444444
6 0.10625 0.488889 0.05 0.0444444
6 0.09375 0.488889 0.1 0.0444444
6 0.11875 0.488889 0.1 0.0444444
6 0.13125 0.5 0.1 0.0666667
6 0.2375 0.5 0.2625 0.0666667
22 0.275 0.488889 0.0625 0.0444444
6 0.26875 0.5 0.1 0.0666667
6 0.28125 0.488889 0.1 0.0444444
6 0.30625 0.5 0.1 0.0666667
4 0.30625 0.488889 0.1 0.0888889
2 0.325 0.488889 0.1125 0.0444444
2 0.3625 0.5 0.0375 0.0666667
2 0.35 0.5 0.0875 0.0666667
2 0.375 0.5 0.0875 0.0666667
4 0.38125 0.5 0.1 0.0666667
22 0.39375 0.488889 0.1 0.0444444
22 0.4125 0.488889 0.0875 0.0444444
6 0.8875 0.488889 0.1875 0.0444444
6 0.940625 0.488889 0.11875 0.0444444
6 0.9375 0.488889 0.0875 0.0444444
9 0.953125 0.466667 0.09375 0.133333
0 0.984375 0.466667 0.03125 0.0888889
9 0.003125 0.511111 0.00625 0.0444444
9 0.025 0.511111 0.0125 0.0444444
23 0.0375 0.511111 0.0125 0.0444444
6 0.028125 0.511111 0.05625 0.0444444
6 0.034375 0.488889 0.06875 0.0888889
6 0.05 0.5 0.0875 0.111111
2 0.06875 0.511111 0.1 0.0444444
2 0.0875 0.511111 0.0875 0.0444444
2 0.10625 0.511111 0.1 0.0444444
2 0.11875 0.488889 0.1 0.0888889
4 0.13125 0.511111 0.1 0.0444444
6 0.15 0.522222 0.0875 0.0666667
11 0.25625 0.522222 0.075 0.0666667
22 0.2625 0.522222 0.0875 0.0666667
4 0.28125 0.511111 0.125 0.0444444
6 0.2875 0.522222 0.1125 0.0666667
4 0.3375 0.522222 0.1625 0.0666667
4 0.31875 0.5 0.1 0.0666667
