8 0.028125 0.0111111 0.05625 0.0222222
2 0.0375 0 0.0625 0
15 0.046875 0.0111111 0.09375 0.0222222
29 0.046875 0.0111111 0.09375 0.0222222
16 0.075 0 0.1125 0
8 0.0875 0 0.1125 0
8 0.1 0.0111111 0.1125 0.0222222
0 0.1125 0.0111111 0.1125 0.0222222
8 0.14375 0.0111111 0.125 0.0222222
8 0.16875 0.0111111 0.125 0.0222222
16 0.19375 0.0111111 0.125 0.0222222
16 0.225 0.0111111 0.1125 0.0222222
16 0.25625 0.0111111 0.125 0.0222222
8 0.28125 0.0111111 0.125 0.0222222
8 0.30625 0.0111111 0.125 0.0222222
8 0.33125 0.0111111 0.125 0.0222222
8 0.35625 0.0111111 0.125 0.0222222
1 0.38125 0.0111111 0.125 0.0222222
34 0.39375 0.0111111 0.125 0.0222222
31 0.41875 0.0111111 0.15 0.0222222
8 0.425 0.0111111 0.1625 0.0222222
0 0.4375 0 0.1625 0
0 0.48125 0 0.125 0
0 0.475 0 0.0875 0
1 0.48125 0 0.075 0
2 0.5 0.0111111 0.0875 0.0222222
2 0.51875 0.0222222 0.15 0.0444444
2 0.55625 0 0.125 0
2 0.58125 0 0.125 0
2 0.59375 0 0.125 0
2 0.60625 0.0111111 0.125 0.0222222
8 0.625 0.0111111 0.1375 0.0222222
2 0.63125 0.0111111 0.15 0.0222222
2 0.65 0.0111111 0.1375 0.0222222
3 0.675 0.0111111 0.1375 0.0222222
4 0.675 0.0111111 0.1375 0.0222222
2 0.69375 0.0111111 0.1 0.0222222
13 0.69375 0.0111111 0.125 0.0222222
34 0.70625 0.0111111 0.125 0.0222222
26 0.70625 0.0111111 0.125 0.0222222
34 0.725 0.0111111 0.1125 0.0222222
15 0.75625 0.0111111 0.125 0.0222222
74 0.79375 0.0111111 0.125 0.0222222
34 0.79375 0.0111111 0.125 0.0222222
34 0.83125 0.0111111 0.125 0.0222222
0 0.89375 0 0.175 0
26 0.8875 0 0.1375 0
8 0.9 0 0.1375 0
8 0.928125 0.0111111 0.14375 0.0222222
8 0.946875 0.0111111 0.10625 0.0222222
8 0.953125 0.0111111 0.09375 0.0222222
2 0.028125 0.0111111 0.05625 0.0222222
2 0.034375 0.0111111 0.06875 0.0222222
16 0.05625 0.0111111 0.075 0.0222222
64 0.046875 0.0111111 0.09375 0.0222222
44 0.2 0.0111111 0.0625 0.0222222
10 0.2125 0.0111111 0.0625 0.0222222
10 0.225 0.0111111 0.0625 0.0222222
55 0.275 0.0111111 0.0625 0.0222222
26 0.2875 0.0111111 0.0625 0.0222222
39 0.3125 0.0111111 0.0625 0.0222222
21 0.575 0.0222222 0.1125 0.0444444
55 0.64375 0.0111111 0.075 0.0222222
55 0.6625 0.0111111 0.0625 0.0222222
52 0.6875 0.0111111 0.0875 0.0222222
26 0.6875 0.0111111 0.0875 0.0222222
16 0.7 0.0111111 0.0875 0.0222222
26 0.7125 0.0111111 0.1375 0.0222222
26 0.74375 0.0111111 0.075 0.0222222
26 0.75625 0.0111111 0.075 0.0222222
26 0.7875 0.0111111 0.0875 0.0222222
26 0.79375 0.0111111 0.125 0.0222222
26 0.83125 0.0111111 0.175 0.0222222
26 0.88125 0.0111111 0.175 0.0222222
26 0.953125 0.0111111 0.09375 0.0222222
26 0.90625 0.0111111 0.075 0.0222222
26 0.965625 0.0111111 0.06875 0.0222222
26 0.971875 0.0111111 0.05625 0.0222222
26 0.978125 0.0111111 0.04375 0.0222222
26 0.975 0.0111111 0.0375 0.0222222
2 0.028125 0.0333333 0.05625 0.0666667
2 0.034375 0.0222222 0.06875 0.0444444
65 0.38125 0.0333333 0.125 0.0666667
65 0.50625 0.0333333 0.125 0.0666667
65 0.5375 0.0333333 0.1375 0.0666667
65 0.56875 0.0222222 0.125 0.0444444
43 0.58125 0.0222222 0.125 0.0444444
65 0.66875 0.0222222 0.125 0.0444444
65 0.7125 0.0222222 0.1625 0.0444444
43 0.7375 0.0222222 0.1625 0.0444444
43 0.75625 0.0333333 0.175 0.0666667
13 0.76875 0.0333333 0.125 0.0666667
31 0.7875 0.0333333 0.1125 0.0666667
65 0.79375 0.0333333 0.125 0.0666667
67 0.825 0.0222222 0.1125 0.0444444
28 0.83125 0.0333333 0.125 0.0666667
28 0.86875 0.0222222 0.075 0.0444444
28 0.928125 0.0333333 0.14375 0.0666667
12 0.90625 0.0333333 0.075 0.0666667
26 0.978125 0.0333333 0.04375 0.0666667
71 0.959375 0.0333333 0.08125 0.0666667
53 0.95625 0.0333333 0.075 0.0666667
2 0.028125 0.0333333 0.05625 0.0666667
65 0.06875 0.0333333 0.125 0.0666667
26 0.1 0.0333333 0.1625 0.0666667
26 0.1125 0.0333333 0.1125 0.0666667
65 0.125 0.0333333 0.1125 0.0666667
65 0.15 0.0333333 0.1125 0.0666667
65 0.18125 0.0333333 0.125 0.0666667
65 0.21875 0.0333333 0.125 0.0666667
65 0.24375 0.0333333 0.125 0.0666667
65 0.26875 0.0333333 0.125 0.0666667
65 0.29375 0.0333333 0.125 0.0666667
65 0.31875 0.0333333 0.125 0.0666667
65 0.34375 0.0333333 0.125 0.0666667
65 0.425 0.0333333 0.1125 0.0666667
60 0.978125 0.0444444 0.04375 0.0444444
60 0.959375 0.0444444 0.08125 0.0888889
64 0.95625 0.0444444 0.075 0.0888889
2 0.028125 0.0555556 0.05625 0.0666667
39 0.425 0.0666667 0.0625 0.0444444
14 0.46875 0.0666667 0.025 0.0444444
14 0.48125 0.0666667 0.025 0.0444444
16 0.49375 0.0666667 0.025 0.0444444
14 0.5 0.0666667 0.0125 0.0444444
16 0.5125 0.0666667 0.0125 0.0444444
16 0.525 0.0666667 0.0125 0.0444444
8 0.5375 0.0666667 0.0125 0.0444444
16 0.55625 0.0666667 0.025 0.0444444
16 0.5625 0.0666667 0.0125 0.0444444
16 0.55 0.0666667 0.0875 0.0444444
16 0.58125 0.0666667 0.1 0.0444444
15 0.5875 0.0666667 0.0875 0.0444444
67 0.59375 0.0666667 0.075 0.0444444
71 0.959375 0.0555556 0.08125 0.0666667
65 0.95625 0.0555556 0.075 0.0666667
4 0.028125 0.0777778 0.05625 0.0666667
2 0.028125 0.0777778 0.05625 0.0666667
67 0.021875 0.0666667 0.04375 0.0444444
67 0.3375 0.0888889 0.0625 0.0444444
8 0.51875 0.0888889 0.075 0.0444444
8 0.5375 0.0888889 0.0875 0.0444444
67 0.6 0.0888889 0.1375 0.0444444
8 0.5875 0.0888889 0.0875 0.0444444
8 0.63125 0.0888889 0.125 0.0444444
4 0.021875 0.1 0.04375 0.0666667
2 0.028125 0.111111 0.05625 0.0444444
15 0.028125 0.1 0.05625 0.0666667
73 0.040625 0.1 0.08125 0.0666667
67 0.05625 0.1 0.075 0.0666667
67 0.075 0.1 0.0375 0.0666667
67 0.09375 0.1 0.1 0.0666667
67 0.5625 0.111111 0.0875 0.0444444
65 0.5875 0.111111 0.0875 0.0444444
31 0.6125 0.111111 0.0875 0.0444444
8 0.63125 0.111111 0.1 0.0444444
65 0.971875 0.111111 0.05625 0.0444444
65 0.953125 0.111111 0.09375 0.0444444
71 0.95625 0.1 0.075 0.0666667
8 0.028125 0.133333 0.05625 0.0888889
2 0.034375 0.122222 0.06875 0.0666667
15 0.05 0.122222 0.0625 0.0666667
26 0.05625 0.122222 0.075 0.0666667
55 0.0625 0.122222 0.0875 0.0666667
64 0.0625 0.144444 0.1125 0.111111
55 0.1 0.133333 0.1125 0.0888889
55 0.125 0.133333 0.1125 0.0888889
55 0.1375 0.122222 0.1125 0.0666667
64 0.175 0.133333 0.0875 0.0888889
64 0.2 0.122222 0.1125 0.0666667
55 0.2125 0.122222 0.1125 0.0666667
64 0.225 0.122222 0.1125 0.0666667
64 0.2625 0.122222 0.0625 0.0666667
64 0.275 0.122222 0.0625 0.0666667
65 0.575 0.122222 0.0625 0.0666667
67 0.5875 0.122222 0.0625 0.0666667
65 0.59375 0.122222 0.05 0.0666667
67 0.6 0.122222 0.0375 0.0666667
67 0.6375 0.122222 0.0625 0.0666667
44 0.6875 0.133333 0.0625 0.0444444
44 0.7 0.133333 0.0625 0.0444444
65 0.946875 0.122222 0.10625 0.0666667
13 0.953125 0.133333 0.09375 0.0444444
60 0.953125 0.133333 0.09375 0.0888889
29 0.95625 0.133333 0.075 0.0888889
29 0.034375 0.155556 0.06875 0.0888889
8 0.040625 0.166667 0.08125 0.0666667
43 0.053125 0.166667 0.10625 0.0666667
8 0.06875 0.166667 0.125 0.0666667
8 0.1 0.166667 0.1125 0.0666667
65 0.11875 0.166667 0.125 0.0666667
8 0.125 0.166667 0.1125 0.0666667
66 0.1375 0.166667 0.1125 0.0666667
65 0.20625 0.166667 0.125 0.0666667
66 0.2125 0.166667 0.1125 0.0666667
44 0.6875 0.155556 0.0875 0.0444444
30 0.70625 0.155556 0.075 0.0444444
15 0.946875 0.144444 0.10625 0.0666667
71 0.953125 0.144444 0.09375 0.0666667
65 0.95625 0.155556 0.075 0.0888889
29 0.028125 0.177778 0.05625 0.0888889
26 0.046875 0.166667 0.09375 0.0666667
29 0.053125 0.166667 0.10625 0.0666667
65 0.06875 0.177778 0.125 0.0888889
30 0.6875 0.177778 0.1125 0.0888889
16 0.946875 0.166667 0.10625 0.0666667
71 0.95625 0.177778 0.075 0.0888889
64 0.021875 0.188889 0.04375 0.0666667
26 0.015625 0.188889 0.03125 0.0666667
65 0.05 0.188889 0.0625 0.0666667
67 0.075 0.188889 0.1125 0.0666667
65 0.0875 0.188889 0.1125 0.0666667
65 0.1125 0.2 0.1125 0.0444444
15 0.225 0.188889 0.1125 0.0666667
65 0.68125 0.188889 0.125 0.0666667
31 0.6875 0.188889 0.1125 0.0666667
6 0.7 0.2 0.1125 0.0888889
71 0.7125 0.2 0.1125 0.0888889
67 0.875 0.188889 0.1125 0.0666667
71 0.95625 0.2 0.075 0.0888889
31 0.015625 0.211111 0.03125 0.0666667
66 0.39375 0.222222 0.075 0.0888889
67 0.3875 0.211111 0.1125 0.0666667
67 0.43125 0.211111 0.1 0.0666667
43 0.6875 0.211111 0.1125 0.0666667
29 0.7 0.211111 0.1125 0.0666667
67 0.7125 0.211111 0.1125 0.0666667
67 0.75625 0.211111 0.1 0.0666667
71 0.953125 0.222222 0.09375 0.0888889
45 0.959375 0.222222 0.08125 0.0888889
65 0.575 0.244444 0.1125 0.0888889
65 0.6875 0.233333 0.1125 0.0666667
65 0.70625 0.233333 0.1 0.0666667
67 0.7125 0.233333 0.1125 0.0666667
67 0.75625 0.233333 0.075 0.0666667
65 0.946875 0.244444 0.10625 0.0888889
45 0.959375 0.244444 0.08125 0.0888889
31 0.015625 0.255556 0.03125 0.0666667
67 0.015625 0.255556 0.03125 0.0666667
71 0.46875 0.277778 0.075 0.0666667
64 0.65625 0.255556 0.075 0.0666667
64 0.66875 0.266667 0.075 0.0888889
64 0.6875 0.266667 0.0625 0.0888889
29 0.946875 0.255556 0.10625 0.0666667
60 0.95 0.266667 0.0625 0.0888889
31 0.015625 0.277778 0.03125 0.0666667
65 0.28125 0.3 0.075 0.0666667
65 0.3 0.288889 0.0625 0.0888889
65 0.29375 0.288889 0.1 0.0888889
67 0.3125 0.288889 0.1125 0.0888889
65 0.36875 0.288889 0.125 0.0888889
65 0.4 0.288889 0.1125 0.0888889
65 0.43125 0.288889 0.125 0.0888889
43 0.4375 0.288889 0.1125 0.0888889
65 0.4625 0.288889 0.1125 0.0888889
65 0.4875 0.288889 0.1125 0.0888889
65 0.5125 0.288889 0.1125 0.0888889
65 0.5375 0.288889 0.1125 0.0888889
65 0.58125 0.288889 0.075 0.0888889
65 0.60625 0.288889 0.075 0.0888889
65 0.5875 0.288889 0.1125 0.0888889
67 0.6 0.288889 0.1125 0.0888889
67 0.9 0.277778 0.1125 0.0666667
65 0.953125 0.277778 0.09375 0.0666667
71 0.95625 0.277778 0.075 0.0666667
29 0.015625 0.3 0.03125 0.0666667
65 0.015625 0.3 0.03125 0.0666667
36 0.24375 0.3 0.125 0.0666667
15 0.29375 0.3 0.05 0.0666667
15 0.3125 0.3 0.0625 0.0666667
15 0.325 0.3 0.0625 0.0666667
16 0.33125 0.3 0.075 0.0666667
67 0.33125 0.3 0.1 0.0666667
65 0.3375 0.3 0.1125 0.0666667
67 0.3875 0.3 0.1125 0.0666667
65 0.4125 0.3 0.1125 0.0666667
65 0.4375 0.3 0.1125 0.0666667
65 0.475 0.3 0.1125 0.0666667
65 0.5 0.3 0.1125 0.0666667
65 0.525 0.3 0.1125 0.0666667
67 0.56875 0.3 0.075 0.0666667
67 0.6 0.3 0.0625 0.0666667
67 0.5875 0.3 0.1125 0.0666667
65 0.971875 0.3 0.05625 0.0666667
60 0.95625 0.3 0.075 0.0666667
29 0.021875 0.322222 0.04375 0.0666667
16 0.0375 0.322222 0.0375 0.0666667
36 0.3 0.322222 0.0625 0.0666667
15 0.30625 0.322222 0.075 0.0666667
15 0.325 0.322222 0.0625 0.0666667
15 0.35 0.322222 0.0625 0.0666667
15 0.3625 0.322222 0.0625 0.0666667
15 0.375 0.322222 0.0625 0.0666667
67 0.4125 0.322222 0.1125 0.0666667
67 0.4375 0.322222 0.1125 0.0666667
67 0.4625 0.322222 0.1125 0.0666667
67 0.4875 0.322222 0.1125 0.0666667
67 0.5125 0.322222 0.1125 0.0666667
67 0.54375 0.322222 0.075 0.0666667
67 0.56875 0.322222 0.075 0.0666667
