8 0.021875 0.0111111 0.04375 0.0222222
11 0.034375 0.0111111 0.06875 0.0222222
4 0.046875 0.0222222 0.09375 0.0444444
6 0.075 0.0222222 0.1125 0.0444444
6 0.1 0.0222222 0.1125 0.0444444
6 0.15 0.0111111 0.1125 0.0222222
8 0.18125 0.0222222 0.1 0.0444444
4 0.1875 0.0111111 0.1125 0.0222222
6 0.2 0.0111111 0.1125 0.0222222
4 0.2125 0.0111111 0.1125 0.0222222
4 0.2375 0.0111111 0.1125 0.0222222
8 0.25 0.0111111 0.1125 0.0222222
4 0.2625 0.0111111 0.1125 0.0222222
8 0.325 0.0111111 0.1125 0.0222222
6 0.3375 0.0111111 0.1125 0.0222222
5 0.3625 0.0111111 0.1125 0.0222222
6 0.375 0.0111111 0.1125 0.0222222
8 0.3875 0.0111111 0.1125 0.0222222
8 0.4125 0.0111111 0.1125 0.0222222
8 0.4375 0.0111111 0.1125 0.0222222
6 0.45 0.0111111 0.1125 0.0222222
6 0.475 0.0111111 0.1125 0.0222222
8 0.4875 0.0111111 0.1125 0.0222222
8 0.5125 0.0111111 0.1125 0.0222222
8 0.5375 0.0111111 0.1125 0.0222222
6 0.55 0.0111111 0.1125 0.0222222
6 0.575 0.0111111 0.1125 0.0222222
8 0.6 0.0111111 0.1125 0.0222222
11 0.6125 0.0111111 0.1125 0.0222222
8 0.625 0.0111111 0.1125 0.0222222
6 0.65 0.0111111 0.1125 0.0222222
5 0.6625 0.0111111 0.1125 0.0222222
6 0.675 0.0111111 0.1125 0.0222222
5 0.7 0.0111111 0.1125 0.0222222
6 0.725 0.0111111 0.1125 0.0222222
4 0.7375 0.0111111 0.1125 0.0222222
11 0.825 0.0111111 0.0875 0.0222222
4 0.83125 0.0111111 0.1 0.0222222
11 0.84375 0.0111111 0.1 0.0222222
8 0.965625 0.0111111 0.06875 0.0222222
6 0.015625 0.0333333 0.03125 0.0666667
8 0.021875 0.0333333 0.04375 0.0666667
8 0.275 0.0333333 0.1125 0.0666667
33 0.25625 0.0333333 0.025 0.0666667
47 0.3875 0.0333333 0.0125 0.0666667
8 0.4 0.0333333 0.0125 0.0666667
47 0.40625 0.0333333 0.025 0.0666667
47 0.41875 0.0333333 0.025 0.0666667
47 0.43125 0.0444444 0.025 0.0444444
10 0.44375 0.0444444 0.025 0.0444444
47 0.45625 0.0444444 0.025 0.0444444
47 0.46875 0.0444444 0.025 0.0444444
8 0.48125 0.0444444 0.025 0.0444444
8 0.4875 0.0444444 0.0375 0.0444444
8 0.50625 0.0444444 0.025 0.0444444
8 0.53125 0.0444444 0.075 0.0444444
8 0.525 0.0444444 0.0375 0.0444444
8 0.54375 0.0444444 0.025 0.0444444
8 0.55625 0.0444444 0.025 0.0444444
10 0.56875 0.0444444 0.025 0.0444444
8 0.58125 0.0333333 0.025 0.0666667
8 0.59375 0.0555556 0.075 0.0222222
8 0.58125 0.0444444 0.075 0.0444444
8 0.6125 0.0444444 0.0375 0.0444444
8 0.63125 0.0444444 0.025 0.0444444
11 0.64375 0.0444444 0.025 0.0444444
8 0.65625 0.0333333 0.025 0.0666667
8 0.675 0.0333333 0.0625 0.0666667
8 0.68125 0.0333333 0.025 0.0666667
8 0.7 0.0333333 0.0625 0.0666667
8 0.6875 0.0444444 0.0875 0.0888889
8 0.7125 0.0333333 0.0625 0.0666667
25 0.75 0.0444444 0.0875 0.0444444
25 0.825 0.0444444 0.1875 0.0444444
25 0.775 0.0444444 0.0875 0.0444444
25 0.79375 0.0444444 0.075 0.0444444
25 0.8125 0.0444444 0.0875 0.0444444
25 0.84375 0.0444444 0.075 0.0444444
25 0.9 0.0444444 0.1375 0.0444444
25 0.86875 0.0444444 0.1 0.0444444
25 0.95625 0.0444444 0.05 0.0444444
21 0.9625 0.0333333 0.0375 0.0666667
21 0.978125 0.0222222 0.04375 0.0444444
8 0.053125 0.0555556 0.10625 0.111111
6 0.021875 0.0555556 0.04375 0.0666667
21 0.30625 0.0666667 0.1 0.0444444
6 0.31875 0.0666667 0.075 0.0444444
6 0.3375 0.0666667 0.0375 0.0444444
10 0.35 0.0444444 0.0625 0.0888889
7 0.35 0.0444444 0.0625 0.0888889
21 0.3625 0.0666667 0.0875 0.0444444
10 0.40625 0.0666667 0.025 0.0444444
10 0.4125 0.0666667 0.0375 0.0444444
12 0.4125 0.0666667 0.0625 0.0444444
10 0.41875 0.0666667 0.075 0.0444444
10 0.44375 0.0666667 0.05 0.0444444
21 0.45625 0.0666667 0.075 0.0444444
21 0.475 0.0777778 0.0625 0.0666667
21 0.48125 0.0666667 0.075 0.0444444
21 0.49375 0.0777778 0.075 0.0666667
21 0.5 0.0666667 0.0875 0.0444444
21 0.525 0.0666667 0.0875 0.0444444
10 0.5375 0.0666667 0.0625 0.0444444
21 0.5625 0.0666667 0.0625 0.0444444
8 0.59375 0.0666667 0.1 0.0444444
25 0.79375 0.0666667 0.025 0.0444444
10 0.8 0.0666667 0.0125 0.0444444
21 0.8125 0.0666667 0.0125 0.0444444
21 0.83125 0.0666667 0.025 0.0444444
21 0.84375 0.0666667 0 0.0444444
25 0.89375 0.0666667 0.025 0.0444444
23 0.96875 0.0666667 0.025 0.0444444
17 0.978125 0.0666667 0.04375 0.0888889
11 0.01875 0.0777778 0.025 0.0666667
44 0.375 0.0888889 0.0875 0.0444444
44 0.4125 0.0888889 0.0375 0.0444444
44 0.40625 0.1 0.075 0.0666667
21 0.80625 0.0888889 0.025 0.0444444
21 0.8125 0.0888889 0.0375 0.0444444
25 0.96875 0.0888889 0.025 0.0444444
17 0.975 0.0888889 0.0375 0.0444444
11 0.01875 0.288889 0.025 0.0444444
11 0.025 0.311111 0.0125 0.0444444
21 0.990625 0.522222 0.01875 0.0666667
16 0.990625 0.533333 0.01875 0.0888889
11 0.959375 0.577778 0.08125 0.0444444
21 0.053125 0.6 0.10625 0.0888889
14 0.015625 0.6 0.03125 0.0444444
21 0.046875 0.611111 0.09375 0.0666667
14 0.015625 0.611111 0.03125 0.0666667
21 0.021875 0.611111 0.04375 0.0666667
21 0.046875 0.633333 0.09375 0.0666667
14 0.015625 0.633333 0.03125 0.0666667
21 0.015625 0.655556 0.03125 0.0666667
11 0.015625 0.877778 0.03125 0.0666667
26 0.959375 0.933333 0.08125 0.0444444
50 0.86875 0.944444 0.125 0.0666667
44 0.8625 0.944444 0.1125 0.0666667
44 0.88125 0.944444 0.175 0.0666667
44 0.9 0.944444 0.0875 0.0666667
25 0.95 0.955556 0.0625 0.0444444
8 0.959375 0.955556 0.08125 0.0444444
44 0.95 0.977778 0.0625 0.0444444
11 0.95625 0.988889 0.075 0.0222222
11 0.028125 1 0.05625 0
5 0.03125 0.0388889 0.0625 0.0777778
5 0.15 0.0388889 0.225 0.0777778
5 0.2125 0.0388889 0.35 0.0777778
5 0.18125 0.0611111 0.3625 0.122222
6 0.18125 0.0611111 0.3625 0.122222
13 0.19375 0.0611111 0.3875 0.122222
6 0.2 0.0611111 0.375 0.122222
52 0.2125 0.0166667 0.35 0.0333333
52 0.325 0.0166667 0.325 0.0333333
52 0.25 0.0166667 0.175 0.0333333
65 0.2375 0.0166667 0.2 0.0333333
2 0.35 0.0166667 0.375 0.0333333
2 0.3875 0.0166667 0.35 0.0333333
2 0.3875 0.0166667 0.25 0.0333333
2 0.45 0.0166667 0.275 0.0333333
2 0.525 0.0166667 0.275 0.0333333
2 0.6 0.0166667 0.375 0.0333333
2 0.625 0.0166667 0.375 0.0333333
2 0.675 0.0611111 0.325 0.122222
25 0.7 0.0166667 0.325 0.0333333
63 0.725 0.0166667 0.325 0.0333333
78 0.825 0.0611111 0.325 0.122222
63 0.84375 0.0611111 0.3125 0.122222
12 0.1875 0.0611111 0.35 0.122222
11 0.1875 0.0611111 0.35 0.122222
5 0.2125 0.0833333 0.35 0.166667
5 0.3125 0.0833333 0.45 0.166667
12 0.7375 0.0833333 0.35 0.166667
5 0.83125 0.0833333 0.3375 0.166667
51 0.09375 0.216667 0.1875 0.433333
54 0.14375 0.0388889 0.2875 0.0777778
12 0.08125 0.0388889 0.1625 0.0777778
9 0.0875 0.0777778 0.1 0
9 0.2375 0.0611111 0.4 0.122222
5 0.3125 0.0833333 0.55 0.166667
11 0.3375 0.0833333 0.55 0.166667
9 0.2125 0.0611111 0.2 0.122222
12 0.25 0.0833333 0.225 0.166667
9 0.4625 0.1 0.25 0.133333
9 0.5125 0.0777778 0.25 0.0888889
35 0.5625 0.0777778 0.25 0.0888889
9 0.5875 0.1 0.25 0.133333
9 0.6625 0.0833333 0.35 0.166667
11 0.6625 0.0833333 0.25 0.166667
11 0.6875 0.1 0.25 0.133333
9 0.7125 0.1 0.25 0.133333
9 0.7625 0.0833333 0.3 0.166667
9 0.81875 0.0833333 0.3625 0.166667
9 0.8375 0.0833333 0.25 0.166667
5 0.10625 0.238889 0.2125 0.477778
9 0.11875 0.122222 0.2375 0.0888889
11 0.15625 0.122222 0.3125 0.0888889
9 0.05625 0.122222 0.1125 0.0888889
5 0.1625 0.122222 0.3 0.0888889
5 0.19375 0.122222 0.3875 0.177778
5 0.25 0.166667 0.475 0.266667
5 0.3125 0.144444 0.55 0.222222
9 0.2 0.144444 0.225 0.222222
9 0.25 0.144444 0.225 0.222222
5 0.2625 0.144444 0.2 0.222222
5 0.3875 0.122222 0.4 0.177778
9 0.425 0.122222 0.375 0.177778
29 0.525 0.144444 0.425 0.222222
29 0.4875 0.122222 0.25 0.177778
29 0.5375 0.144444 0.25 0.222222
11 0.6875 0.105556 0.35 0.211111
12 0.7125 0.127778 0.35 0.255556
29 0.7625 0.144444 0.35 0.222222
11 0.7375 0.144444 0.25 0.222222
9 0.7625 0.144444 0.25 0.222222
9 0.84375 0.127778 0.3125 0.255556
9 0.8375 0.144444 0.25 0.222222
10 0.875 0.122222 0.225 0.177778
10 0.89375 0.144444 0.2125 0.222222
5 0.15625 0.344444 0.3125 0.622222
12 0.08125 0.166667 0.1625 0.266667
5 0.09375 0.166667 0.1875 0.266667
9 0.25 0.166667 0.425 0.266667
5 0.2125 0.211111 0.2 0.266667
5 0.25 0.188889 0.225 0.311111
9 0.275 0.188889 0.225 0.222222
9 0.3 0.144444 0.225 0.222222
11 0.7375 0.211111 0.25 0.266667
9 0.75 0.211111 0.225 0.266667
9 0.85 0.188889 0.225 0.311111
10 0.875 0.166667 0.225 0.177778
5 0.19375 0.3 0.3875 0.533333
5 0.03125 0.366667 0.0625 0.666667
5 0.14375 0.255556 0.2875 0.355556
11 0.06875 0.188889 0.1375 0.133333
5 0.08125 0.188889 0.1625 0.133333
5 0.10625 0.233333 0.2125 0.222222
11 0.2 0.233333 0.375 0.222222
11 0.45 0.211111 0.425 0.266667
5 0.875 0.211111 0.225 0.266667
9 0.89375 0.233333 0.2125 0.311111
49 0.90625 0.211111 0.1875 0.177778
5 0.01875 0.344444 0.0375 0.444444
5 0.06875 0.255556 0.1375 0.177778
11 0.10625 0.277778 0.2125 0.222222
9 0.11875 0.277778 0.2375 0.222222
11 0.1875 0.255556 0.25 0.177778
11 0.8125 0.255556 0.25 0.266667
5 0.20625 0.388889 0.4125 0.444444
5 0.13125 0.344444 0.2625 0.444444
5 0.16875 0.277778 0.3375 0.222222
9 0.1875 0.277778 0.25 0.222222
5 0.8 0.3 0.225 0.266667
5 0.19375 0.477778 0.3875 0.533333
9 0.20625 0.3 0.4125 0.177778
9 0.275 0.322222 0.425 0.133333
9 0.2625 0.344444 0.35 0.177778
12 0.3125 0.344444 0.4 0.177778
9 0.5125 0.344444 0.2 0.177778
5 0.75 0.344444 0.425 0.266667
11 0.84375 0.322222 0.3125 0.222222
11 0.875 0.3 0.225 0.177778
5 0.04375 0.605556 0.0875 0.788889
9 0.4625 0.411111 0.35 0.311111
9 0.4875 0.388889 0.25 0.177778
9 0.5125 0.388889 0.2 0.266667
9 0.675 0.411111 0.425 0.222222
9 0.74375 0.411111 0.5125 0.133333
5 0.78125 0.366667 0.4375 0.222222
9 0.79375 0.411111 0.4125 0.133333
9 0.775 0.411111 0.175 0.133333
9 0.8125 0.388889 0.15 0.0888889
11 0.7875 0.388889 0.2 0.0888889
11 0.85 0.388889 0.275 0.0888889
10 0.8875 0.411111 0.2 0.133333
47 0.9 0.411111 0.175 0.133333
5 0.20625 0.611111 0.4125 0.622222
9 0.625 0.411111 0.225 0.133333
5 0.78125 0.455556 0.4375 0.222222
9 0.79375 0.455556 0.4125 0.222222
9 0.7625 0.411111 0.25 0.133333
9 0.775 0.388889 0.225 0.0888889
9 0.85 0.411111 0.275 0.0444444
9 0.85 0.411111 0.225 0.133333
11 0.875 0.433333 0.225 0.177778
47 0.8875 0.5 0.2 0.222222
5 0.19375 0.627778 0.3875 0.744444
5 0.03125 0.65 0.0625 0.7
9 0.23125 0.455556 0.4625 0.222222
9 0.75 0.5 0.425 0.222222
9 0.84375 0.455556 0.3125 0.222222
5 0.85625 0.477778 0.2875 0.177778
5 0.86875 0.5 0.2625 0.222222
5 0.875 0.522222 0.225 0.177778
11 0.9 0.522222 0.175 0.177778
9 0.7625 0.544444 0.25 0.222222
5 0.19375 0.716667 0.3875 0.566667
5 0.20625 0.716667 0.4125 0.566667
11 0.3125 0.522222 0.5 0.177778
9 0.80625 0.544444 0.3875 0.222222
