34 0.0875 0.0111111 0.0875 0.0222222
60 0.1125 0.0111111 0.1125 0.0222222
4 0.1375 0 0.0625 0
71 0.15625 0 0.075 0
4 0.20625 0 0.15 0
71 0.21875 0 0.15 0
13 0.2375 0.0111111 0.1375 0.0222222
12 0.7125 0 0.0375 0
12 0.70625 0.0111111 0.1 0.0222222
65 0.71875 0.0111111 0.125 0.0222222
8 0.73125 0.0111111 0.125 0.0222222
6 0.775 0.0111111 0.1625 0.0222222
12 0.7875 0.0111111 0.0625 0.0222222
44 0.78125 0.0111111 0.125 0.0222222
13 0.8 0.0111111 0.1375 0.0222222
8 0.8375 0.0111111 0.1625 0.0222222
8 0.8375 0.0111111 0.1125 0.0222222
8 0.875 0.0111111 0.1625 0.0222222
34 0.8875 0.0111111 0.1625 0.0222222
34 0.928125 0.0111111 0.14375 0.0222222
34 0.934375 0.0111111 0.13125 0.0222222
44 0.25625 0.0222222 0.125 0.0444444
44 0.3 0.0222222 0.1125 0.0444444
43 0.965625 0.0222222 0.06875 0.0444444
6 0.33125 0.0555556 0.15 0.0222222
6 0.325 0.0555556 0.0625 0.0222222
6 0.55625 0.0666667 0.15 0.0444444
6 0.54375 0.0666667 0.1 0.0444444
6 0.60625 0.0666667 0.175 0.0444444
43 0.625 0.0666667 0.1125 0.0444444
6 0.525 0.0777778 0.1875 0.0666667
6 0.5375 0.0777778 0.1125 0.0666667
5 0.575 0.0777778 0.1625 0.0666667
6 0.5875 0.0888889 0.1875 0.0444444
6 0.6125 0.0777778 0.1875 0.0666667
6 0.65625 0.0777778 0.175 0.0666667
6 0.075 0.0888889 0.0625 0.0444444
6 0.10625 0.1 0.2 0.0666667
50 0.55 0.0888889 0.1625 0.0888889
10 0.959375 0.111111 0.08125 0.0444444
6 0.940625 0.133333 0.11875 0.0888889
0 0.959375 0.111111 0.08125 0.0444444
22 0.53125 0.133333 0.125 0.0444444
6 0.58125 0.122222 0.075 0.0666667
12 0.6 0.122222 0.0625 0.0666667
21 0.984375 0.144444 0.03125 0.0222222
6 0.5125 0.144444 0.1125 0.0666667
10 0.575 0.155556 0.0625 0.0444444
6 0.58125 0.144444 0.075 0.0666667
8 0.959375 0.177778 0.08125 0.0888889
50 0.55 0.166667 0.1125 0.0666667
21 0.95625 0.188889 0.075 0.0666667
43 0.54375 0.2 0.175 0.0888889
15 0.990625 0.188889 0.01875 0.0666667
21 0.54375 0.211111 0.175 0.0666667
10 0.984375 0.188889 0.03125 0.155556
10 0.984375 0.244444 0.03125 0.0444444
12 0.55625 0.255556 0.025 0.0666667
10 0.984375 0.266667 0.03125 0.0444444
43 0.959375 0.366667 0.08125 0.0666667
6 0.45 0.466667 0.1125 0.0888889
50 0.1625 0.544444 0.0875 0.0666667
50 0.18125 0.544444 0.1 0.0666667
50 0.3125 0.544444 0.0875 0.0666667
50 0.33125 0.544444 0.075 0.0666667
6 0.3375 0.544444 0.0875 0.0666667
44 0.60625 0.766667 0.15 0.0666667
4 0.575 0.766667 0.1875 0.111111
6 0.6125 0.777778 0.1625 0.0888889
11 0.1 0.8 0.0375 0.0444444
12 0.175 0.822222 0.0125 0.0444444
9 0.2 0.822222 0.0625 0.0444444
43 0.20625 0.822222 0.075 0.0444444
43 0.21875 0.811111 0.075 0.0666667
39 0.225 0.811111 0.1125 0.0666667
39 0.30625 0.8 0.1 0.0888889
11 0.4875 0.8 0.0375 0.0888889
16 0.49375 0.788889 0.05 0.0666667
44 0.59375 0.822222 0.075 0.0444444
43 0.6125 0.811111 0.0625 0.0666667
2 0.625 0.811111 0.0625 0.0666667
2 0.65 0.8 0.0875 0.0888889
9 0.6625 0.8 0.0875 0.0888889
74 0.71875 0.811111 0.05 0.0666667
2 0.73125 0.811111 0.075 0.0666667
6 0.19375 0.844444 0.075 0.0444444
6 0.1875 0.844444 0.1125 0.0444444
6 0.225 0.844444 0.0625 0.0444444
6 0.2375 0.844444 0.0625 0.0444444
13 0.21875 0.833333 0.125 0.0666667
13 0.2625 0.833333 0.0875 0.0666667
68 0.28125 0.822222 0.075 0.0444444
68 0.29375 0.833333 0.075 0.0666667
68 0.3 0.844444 0.1125 0.0444444
13 0.325 0.844444 0.1125 0.0444444
13 0.3375 0.833333 0.1125 0.0666667
68 0.3375 0.833333 0.1125 0.0666667
65 0.35 0.833333 0.0875 0.0666667
6 0.35625 0.833333 0.075 0.0666667
65 0.38125 0.833333 0.025 0.0666667
43 0.43125 0.833333 0.075 0.0666667
29 0.43125 0.833333 0.075 0.0666667
12 0.49375 0.844444 0 0.0444444
44 0.6 0.844444 0.0625 0.0444444
34 0.6125 0.844444 0.0625 0.0444444
13 0.625 0.844444 0.0625 0.0444444
44 0.73125 0.833333 0.075 0.0666667
13 0.74375 0.833333 0.1 0.0666667
68 0.775 0.822222 0.1125 0.0888889
43 0.85 0.833333 0.1125 0.0666667
34 0.8875 0.844444 0.0875 0.0444444
6 0.18125 0.855556 0.125 0.0666667
6 0.2625 0.855556 0.0875 0.0666667
6 0.2875 0.844444 0.0875 0.0444444
6 0.3 0.855556 0.0875 0.0666667
68 0.325 0.844444 0.0625 0.0444444
68 0.33125 0.844444 0.1 0.0444444
68 0.3375 0.855556 0.1125 0.0666667
6 0.35 0.844444 0.1125 0.0888889
44 0.4875 0.866667 0.0125 0.0444444
68 0.74375 0.844444 0.1 0.0888889
68 0.74375 0.855556 0.125 0.0666667
68 0.79375 0.855556 0.075 0.0666667
2 0.81875 0.844444 0.125 0.0888889
43 0.25625 0.888889 0.075 0.0444444
43 0.2625 0.888889 0.0125 0.0444444
12 0.275 0.877778 0.0125 0.0666667
43 0.3125 0.888889 0.0625 0.0444444
13 0.3 0.877778 0.1125 0.0666667
43 0.20625 0.922222 0.125 0.0666667
2 0.98125 0.966667 0.025 0.0666667
34 0.16875 0.0388889 0.3375 0.0777778
34 0.3125 0.0611111 0.45 0.122222
35 0.31875 0.0388889 0.6375 0.0777778
35 0.45 0.0388889 0.475 0.0777778
65 0.35 0.0388889 0.275 0.0777778
51 0.45 0.0388889 0.275 0.0777778
34 0.45 0.0388889 0.275 0.0777778
34 0.5 0.0388889 0.175 0.0777778
35 0.4875 0.0388889 0.2 0.0777778
35 0.5625 0.0166667 0.3 0.0333333
65 0.5625 0.0166667 0.4 0.0333333
57 0.78125 0.0388889 0.4375 0.0777778
13 0.85625 0.0388889 0.2875 0.0777778
34 0.86875 0.0611111 0.2625 0.122222
57 0.16875 0.0611111 0.3375 0.122222
34 0.425 0.0611111 0.125 0.122222
34 0.4125 0.0611111 0.3 0.122222
38 0.575 0.0611111 0.375 0.122222
35 0.625 0.0611111 0.175 0.122222
65 0.74375 0.0833333 0.5125 0.166667
52 0.8375 0.0611111 0.25 0.122222
65 0.88125 0.0611111 0.2375 0.122222
35 0.90625 0.0611111 0.1875 0.122222
28 0.91875 0.0611111 0.1625 0.122222
65 0.89375 0.0611111 0.2125 0.122222
65 0.94375 0.0611111 0.1125 0.122222
67 0.1375 0.1 0.2 0.133333
67 0.275 0.1 0.475 0.133333
67 0.7125 0.105556 0.25 0.211111
65 0.84375 0.122222 0.3125 0.177778
65 0.89375 0.144444 0.2125 0.222222
35 0.94375 0.144444 0.1125 0.222222
13 0.11875 0.122222 0.2375 0.177778
51 0.1125 0.144444 0.15 0.133333
51 0.10625 0.122222 0.2125 0.177778
9 0.11875 0.122222 0.2375 0.177778
9 0.1125 0.166667 0.2 0.266667
52 0.2 0.122222 0.275 0.177778
9 0.425 0.122222 0.475 0.177778
11 0.475 0.122222 0.475 0.177778
6 0.5125 0.144444 0.6 0.222222
34 0.79375 0.105556 0.4125 0.211111
67 0.7875 0.144444 0.25 0.133333
67 0.8125 0.122222 0.25 0.177778
35 0.8125 0.122222 0.25 0.177778
35 0.88125 0.122222 0.2375 0.177778
5 0.94375 0.144444 0.1125 0.133333
5 0.09375 0.166667 0.1875 0.177778
5 0.10625 0.166667 0.2125 0.177778
5 0.23125 0.188889 0.4625 0.222222
9 0.2125 0.166667 0.25 0.177778
9 0.29375 0.166667 0.5875 0.177778
5 0.6375 0.166667 0.6 0.177778
9 0.775 0.211111 0.275 0.266667
5 0.91875 0.188889 0.1625 0.133333
5 0.89375 0.188889 0.2125 0.133333
5 0.1125 0.188889 0.15 0.222222
5 0.10625 0.211111 0.2125 0.266667
9 0.2375 0.233333 0.45 0.222222
52 0.4375 0.211111 0.6 0.177778
19 0.5125 0.211111 0.6 0.177778
52 0.5625 0.233333 0.6 0.222222
5 0.7 0.211111 0.475 0.177778
5 0.65 0.211111 0.625 0.266667
5 0.79375 0.477778 0.4125 0.8
5 0.7625 0.5 0.25 0.755556
9 0.16875 0.277778 0.3375 0.133333
51 0.0875 0.277778 0.15 0.133333
9 0.125 0.3 0.225 0.177778
5 0.1 0.277778 0.175 0.133333
52 0.275 0.255556 0.125 0.0888889
9 0.4625 0.255556 0.45 0.0888889
9 0.55 0.3 0.475 0.266667
9 0.4125 0.255556 0.4 0.177778
5 0.5625 0.255556 0.4 0.266667
5 0.775 0.255556 0.375 0.177778
9 0.88125 0.3 0.2375 0.177778
9 0.93125 0.277778 0.1375 0.133333
9 0.925 0.411111 0.125 0.4
9 0.1375 0.322222 0.25 0.133333
9 0.2875 0.322222 0.45 0.133333
51 0.4 0.322222 0.475 0.222222
5 0.4 0.3 0.675 0.177778
9 0.4625 0.255556 0.75 0.0888889
9 0.5125 0.277778 0.25 0.133333
9 0.5125 0.433333 0.75 0.444444
5 0.5375 0.366667 0.75 0.311111
5 0.6125 0.277778 0.75 0.222222
5 0.6125 0.322222 0.55 0.222222
9 0.81875 0.344444 0.3625 0.266667
9 0.8375 0.3 0.25 0.177778
5 0.775 0.3 0.375 0.177778
9 0.83125 0.322222 0.3375 0.222222
5 0.95 0.344444 0.075 0.266667
0 0.93125 0.433333 0.1375 0.444444
5 0.95625 0.433333 0.0875 0.444444
5 0.03125 0.366667 0.0625 0.133333
5 0.225 0.366667 0.425 0.133333
5 0.125 0.344444 0.225 0.0888889
9 0.15 0.344444 0.225 0.0888889
9 0.2 0.322222 0.225 0.133333
5 0.425 0.366667 0.475 0.222222
5 0.4125 0.366667 0.6 0.133333
52 0.475 0.388889 0.625 0.177778
5 0.5625 0.366667 0.6 0.222222
5 0.775 0.344444 0.375 0.177778
5 0.88125 0.366667 0.2375 0.133333
5 0.9125 0.605556 0.15 0.788889
9 0.03125 0.388889 0.0625 0.177778
9 0.425 0.388889 0.625 0.177778
9 0.425 0.411111 0.175 0.133333
5 0.45 0.433333 0.375 0.266667
9 0.8 0.433333 0.225 0.266667
5 0.775 0.388889 0.375 0.177778
9 0.80625 0.388889 0.3875 0.177778
28 0.8625 0.388889 0.15 0.177778
5 0.91875 0.477778 0.1625 0.444444
9 0.08125 0.433333 0.1625 0.0888889
9 0.1 0.433333 0.175 0.177778
9 0.21875 0.433333 0.4375 0.177778
28 0.1375 0.433333 0.25 0.177778
52 0.4125 0.433333 0.6 0.266667
9 0.5875 0.433333 0.45 0.177778
9 0.5 0.433333 0.275 0.177778
5 0.4625 0.477778 0.4 0.266667
5 0.475 0.433333 0.425 0.177778
5 0.5125 0.455556 0.4 0.222222
57 0.81875 0.433333 0.3625 0.177778
0 0.91875 0.5 0.1625 0.311111
35 0.1125 0.5 0.2 0.133333
9 0.125 0.5 0.225 0.133333
34 0.2625 0.5 0.25 0.133333
51 0.2875 0.5 0.25 0.133333
51 0.3625 0.5 0.25 0.133333
34 0.5 0.5 0.475 0.133333
5 0.5375 0.5 0.45 0.133333
5 0.4375 0.5 0.25 0.133333
5 0.5 0.5 0.275 0.133333
5 0.4625 0.477778 0.4 0.177778
2 0.0875 0.522222 0.15 0.177778
51 0.2 0.522222 0.225 0.0888889
13 0.2625 0.5 0.25 0.133333
5 0.2875 0.5 0.25 0.133333
5 0.425 0.522222 0.225 0.177778
5 0.4375 0.544444 0.25 0.133333
5 0.475 0.522222 0.425 0.177778
34 0.7875 0.522222 0.25 0.177778
5 0.8 0.522222 0.275 0.177778
2 0.08125 0.566667 0.1625 0.0888889
11 0.1 0.588889 0.175 0.133333
29 0.1375 0.588889 0.25 0.133333
49 0.175 0.566667 0.225 0.0888889
34 0.1875 0.566667 0.25 0.0888889
34 0.3375 0.566667 0.45 0.0888889
5 0.35 0.566667 0.475 0.0888889
5 0.3 0.588889 0.225 0.133333
5 0.4625 0.566667 0.45 0.0888889
2 0.4125 0.566667 0.35 0.0888889
2 0.475 0.566667 0.175 0.0888889
5 0.475 0.588889 0.225 0.133333
5 0.4625 0.566667 0.2 0.0888889
5 0.525 0.566667 0.275 0.0888889
5 0.4875 0.566667 0.4 0.177778
5 0.7875 0.588889 0.25 0.133333
9 0.95625 0.611111 0.0875 0.177778
11 0.10625 0.611111 0.2125 0.177778
5 0.35 0.588889 0.475 0.133333
0 0.375 0.611111 0.475 0.0888889
0 0.2875 0.611111 0.25 0.0888889
