11 0.015625 0 0.03125 0
9 0.028125 0.0111111 0.05625 0.0222222
2 0.040625 0.0111111 0.08125 0.0222222
2 0.0625 0.0111111 0.0625 0.0222223
2 0.0875 0.0111111 0.0375 0.0222222
2 0.10625 0.0111111 0.075 0.0222222
1 0.15625 0.0111111 0.175 0.0222222
25 0.14375 0.0111111 0.075 0.0222222
57 0.15625 0.0111111 0.075 0.0222222
18 0.19375 0.0111111 0.15 0.0222222
18 0.16875 0.0111111 0.275 0.0222222
22 0.2375 0.0111111 0.1375 0.0222222
22 0.24375 0.0111111 0.125 0.0222222
22 0.225 0.0111111 0.0875 0.0222222
1 0.2375 0.0111111 0.0875 0.0222222
1 0.25 0 0.0625 0
1 0.29375 0 0.125 0
11 0.275 0 0.0625 0
20 0.30625 0.0111111 0.1 0.0222222
18 0.3375 0.0111111 0.1375 0.0222222
18 0.36875 0.0111111 0.15 0.0222222
14 0.3625 0.0111111 0.0875 0.0222222
14 0.4125 0.0111111 0.1375 0.0222222
14 0.4 0.0111111 0.0625 0.0222222
14 0.43125 0.0111111 0.1 0.0222222
17 0.44375 0 0.1 0
19 0.475 0 0.1375 0
19 0.45 0 0.2125 0
21 0.437505 0 0.262382 0
60 0.425158 0 0.187815 0
60 0.5375 0 0.0875 0
16 0.55 0.0111111 0.0625004 0.0222222
18 0.56875 0.0111111 0.0500002 0.0222222
10 0.58125 0.0111111 0.1 0.0222222
10 0.58125 0 0.075 0
16 0.60625 0.0111111 0.075 0.0222222
3 0.6125 0.0111111 0.0625 0.0222222
3 0.625 0.0111111 0.0625 0.0222222
2 0.65 0.0111111 0.0875 0.0222222
17 0.65625 0 0.1 0
17 0.7 0 0.137501 0
14 0.725 0 0.1125 0
8 0.725 0.0111111 0.1375 0.0222222
16 0.7375 0.0111111 0.1375 0.0222222
14 0.75625 0.0106679 0.15 0.0213358
3 0.76875 0.0111111 0.15 0.0222222
14 0.79375 0.0111111 0.15 0.0222222
3 0.8 0.0111067 0.1375 0.0222135
3 0.8125 0 0.1375 0
16 0.825 0 0.1375 0
17 0.80625 0.0111111 0.075 0.0222222
17 0.81875 0.0111111 0.075 0.0222222
18 0.83125 0.0111111 0.075 0.0222222
17 0.84375 0.0111111 0.075 0.0222222
17 0.868844 0.0111111 0.100188 0.0222222
14 0.88125 0.0111111 0.1 0.0222222
3 0.8875 0 0.0625 0
3 0.9 0 0.0625 0
7 0.93125 0 0.1 0
20 0.94375 0.0111111 0.1 0.0222222
22 0.953125 0.0111111 0.09375 0.0222222
11 0.959375 0.0111111 0.08125 0.0222222
11 0.0156251 0.0111111 0.0312502 0.0222222
11 0.021875 0.0111111 0.04375 0.0222222
11 0.040625 0.0222222 0.08125 0.0444444
9 0.0468346 0.0222222 0.0936693 0.0444444
11 0.05625 0.0120704 0.05 0.0241407
1 0.0875 0.0111111 0.0375 0.0222222
1 0.10625 0.0111111 0.075 0.0222222
1 0.10625 0.0222222 0.075 0.0444444
3 0.168748 0.0222222 0.150002 0.0444444
3 0.14375 0.0111111 0.075 0.0222222
18 0.19375 0.0111111 0.175 0.0222222
18 0.194333 0.0111111 0.173835 0.0222222
18 0.21875 0.0222222 0.175 0.0444444
54 0.24375 0.0222222 0.15 0.0444444
19 0.25625 0.0222222 0.15 0.0444444
3 0.2375 0.0222222 0.0625 0.0444444
1 0.25625 0.0111111 0.05 0.0222222
3 0.2625 0.0111111 0.0625 0.0222222
3 0.275 0.0111111 0.0625 0.0222222
17 0.30625 0.0111111 0.1 0.0222222
18 0.31875 0.0111111 0.1 0.0222222
18 0.31875 0.0111111 0.075 0.0222222
20 0.325 0.0111111 0.0625 0.0222222
20 0.35 0.0111111 0.0874999 0.0222222
21 0.35625 0.0111111 0.075 0.0222222
21 0.375 0.0111111 0.0875 0.0222222
20 0.38125 0.0111111 0.05 0.0222222
21 0.3875 0.0111111 0.0375 0.0222222
21 0.425 0.0111111 0.0875 0.0222222
11 0.48125 0.0111111 0 0.0222222
11 0.49375 0.0111111 0 0.0222222
11 0.5125 0.0111111 0.0125 0.0222222
21 0.6125 0.0111111 0.0625 0.0222222
16 0.6125 0.0111111 0.0625 0.0222222
3 0.63125 0.0111111 0.05 0.0222222
1 0.65 0.0111111 0.0875 0.0222222
3 0.65625 0.0111111 0.275 0.0222222
49 0.70625 0.0111111 0.175001 0.0222222
21 0.725 0.0111111 0.1125 0.0222222
46 0.7375 0.0111111 0.1375 0.0222222
18 0.76875 0.0111111 0.15 0.0222222
16 0.8 0.0111111 0.1125 0.0222222
3 0.7875 0.0111111 0.0625 0.0222222
3 0.8 0.0111111 0.0625 0.0222222
16 0.800305 0.0111111 0.0631107 0.0222222
17 0.85625 0.0222222 0.15 0.0444444
17 0.831247 0.0222222 0.0749948 0.0444444
18 0.8375 0.0111111 0.0625 0.0222222
18 0.86875 0.0111111 0.1 0.0222222
17 0.8875 0.0111111 0.0875 0.0222222
14 0.875 0.0111111 0.0625 0.0222222
14 0.89375 0.0111111 0.05 0.0222222
14 0.825 0.0111111 0.1875 0.0222222
60 0.9375 0.0111111 0.0875 0.0222222
55 0.953125 0.0222213 0.09375 0.0444426
1 0.9625 0.0111111 0.0125 0.0222222
11 0.978002 0.0111111 0.0439962 0.0222222
11 0.98125 0.0111111 0 0.0222222
11 0.968749 0.0111111 0.0500013 0.0222222
11 0.021875 0.0333333 0.04375 0.0222222
3 0.0312546 0.0222222 0.0250092 0.0444444
1 0.05 0.0222222 0.0375 0.0444444
11 0.05625 0.0333333 0.05 0.0666667
1 0.0875 0.0222222 0.0625 0.0444444
3 0.113605 0.0222222 0.0147106 0.0444444
20 0.156251 0.0222222 0.125001 0.0444444
20 0.1875 0.0222222 0.1625 0.0444444
18 0.1875 0.0222222 0.1625 0.0444444
17 0.21875 0.0333333 0.125 0.0222222
12 0.225 0.0333333 0.1625 0.0222222
17 0.24375 0.0333333 0.15 0.0222222
54 0.24375 0.0333333 0.15 0.0222222
55 0.25625 0.0333333 0.15 0.0222222
54 0.275016 0.0333333 0.137468 0.0222222
19 0.24375 0.0333333 0.05 0.0222222
19 0.2875 0.0222222 0.1125 0.0444444
20 0.33125 0.0222222 0.15 0.0444444
21 0.35 0.0222222 0.1375 0.0444444
22 0.35625 0.0222222 0.15 0.0444444
50 0.3875 0.0222222 0.1625 0.0444444
11 0.475 0.033333 0.0125 0.0222228
11 0.475295 0.0222222 0.0119094 0.0444444
11 0.49375 0.0222222 0.025 0.0444444
11 0.5125 0.0222222 0.0125001 0.0444444
54 0.66875 0.0333333 0.025 0.0222222
21 0.68125 0.0222222 0.05 0.0444444
21 0.74375 0.0222222 0.15 0.0444444
46 0.74375 0.0222222 0.15 0.0444444
21 0.79375 0.0222222 0.125 0.0444444
50 0.825 0.0222222 0.1125 0.0444444
21 0.79375 0.0222222 0.0499998 0.0444444
21 0.80625 0.0222222 0.05 0.0444444
20 0.85625 0.0222222 0.15 0.0444444
20 0.850812 0.0222222 0.139124 0.0444444
20 0.81875 0.0222222 0.075 0.0444444
21 0.85625 0.0333333 0.025 0.0222222
50 0.86875 0.0333333 0.025 0.0222222
50 0.85 0.0333333 0.0875 0.0222222
51 0.8625 0.0222222 0.0875 0.0444444
11 0.8625 0.0222222 0.0875 0.0444444
11 0.98125 0.0222222 0.025 0.0444444
11 0.9875 0.0333333 0.0125 0.0222222
11 0.015625 0.0333333 0.03125 0.0666667
11 0.021875 0.0333333 0.04375 0.0666667
1 0.0281238 0.0333333 0.0562475 0.0666667
1 0.084375 0.0444444 0.16875 0.0444444
60 0.05 0.0444444 0.0375 0.0444444
60 0.06875 0.0444444 0.075 0.0444444
55 0.09375 0.0444444 0.05 0.0444444
55 0.15 0.0333333 0.1875 0.0666667
60 0.1875 0.0444444 0.1625 0.0444444
12 0.2125 0.0444444 0.1625 0.0444444
11 0.21875 0.0444444 0.15 0.0444444
11 0.445838 0.0444444 0.0958238 0.0888889
11 0.48125 0.0444444 0.05 0.0888889
11 0.5125 0.0444444 0.087499 0.0888889
12 0.6 0.0333333 0.1625 0.0666667
21 0.74375 0.0777778 0.15 0.0666667
55 0.775 0.0333333 0.0375 0.0666667
46 0.78125 0.0555556 0.025 0.0222222
46 0.80625 0.0444444 0.05 0.0444444
55 0.81875 0.0444444 0.075 0.0444444
46 0.973802 0.0539879 0.0391605 0.0253575
50 0.987527 0.0555556 0.0125538 0.0222222
9 0.028125 0.0666667 0.05625 0.133333
9 0.021875 0.0444444 0.04375 0.0888889
60 0.078125 0.0444444 0.15625 0.0888889
9 0.04375 0.0666667 0.025 0.0444444
60 0.09375 0.0666667 0.05 0.0444444
11 0.20625 0.0555556 0.15 0.0666667
60 0.7375 0.0444444 0.0875 0.0888889
60 0.7875 0.0444444 0.0875 0.0888889
11 0.968716 0.0666667 0.0249321 0.0444444
47 0.971875 0.0666667 0.05625 0.133333
21 0.978125 0.066812 0.04375 0.133624
11 0.028125 0.0666667 0.05625 0.133333
11 0.021875 0.1 0.04375 0.0666667
11 0.021875 0.111111 0.04375 0.0444444
60 0.0349343 0.111111 0.0698686 0.0444444
11 0.05625 0.0971383 0.05 0.0279457
44 0.45 0.1 0.0625 0.0222222
44 0.45625 0.0888889 0.05 0.0444444
44 0.46875 0.0888889 0.05 0.0444444
9 0.618694 0.0888889 0.0751117 0.0444444
10 0.63125 0.0888889 0.075 0.0444444
1 0.75 0.0777777 0.0875 0.111111
9 0.964849 0.0666667 0.0421976 0.0888889
12 0.978125 0.0666667 0.04375 0.133333
1 0.028125 0.111111 0.05625 0.0888889
11 0.021875 0.111111 0.04375 0.0888889
47 0.028125 0.1 0.05625 0.0666667
60 0.034375 0.1 0.06875 0.0666667
11 0.0406248 0.111111 0.0812496 0.0888889
11 0.0625002 0.133333 0.0625004 0.177778
12 0.100389 0.122222 0.0882788 0.155556
60 0.21875 0.1 0.175 0.111111
22 0.2125 0.122222 0.1375 0.0666667
50 0.41875 0.120132 0.1 0.0624858
22 0.4625 0.122222 0.1625 0.0666667
44 0.45625 0.133333 0.15 0.0444444
3 0.45 0.122222 0.0875 0.0222222
60 0.4625 0.122222 0.0875 0.0222222
60 0.46875 0.122222 0.125 0.0222222
60 0.4875 0.122222 0.0874998 0.0222222
1 0.5125 0.1 0.0875 0.111111
11 0.5 0.1 0.0625 0.111111
11 0.5125 0.111111 0.0625 0.0888889
9 0.51875 0.115537 0.05 0.0800367
11 0.5375 0.1 0.0375 0.111111
10 0.6375 0.122222 0.0375 0.0222222
10 0.64375 0.111111 0.05 0.0888889
30 0.73125 0.11111 0.175 0.133335
3 0.75 0.111111 0.1625 0.0888889
30 0.75 0.0931564 0.1625 0.0803539
1 0.74375 0.0999999 0.175 0.0666668
1 0.725 0.1 0.1625 0.111111
1 0.75 0.122222 0.0875 0.0222222
3 0.7625 0.122222 0.0625 0.0222222
16 0.775 0.0888889 0.0625 0.0888889
60 0.775 0.0888889 0.0875 0.0888889
55 0.79375 0.1 0.075 0.111111
10 0.978125 0.0888889 0.04375 0.133333
9 0.034375 0.111111 0.06875 0.0888889
47 0.040625 0.122222 0.08125 0.111111
18 0.053125 0.144444 0.10625 0.155556
19 0.0624973 0.177778 0.0874947 0.0888889
35 0.0625 0.177778 0.0625 0.0888889
11 0.0875 0.166667 0.0625 0.0666667
12 0.1 0.133333 0.0625 0.0444444
11 0.181339 0.141835 0.0751772 0.150392
11 0.2 0.133326 0.0875002 0.0444593
1 0.2 0.144444 0.0625 0.111111
11 0.2125 0.135211 0.0625 0.0926443
11 0.225 0.121197 0.0625 0.0687173
50 0.41875 0.144444 0.15 0.0666667
50 0.4311 0.133333 0.149699 0.0888889
22 0.45625 0.133333 0.15 0.0444444
18 0.45625 0.133333 0.15 0.0444444
17 0.45 0.133333 0.0875 0.0444444
17 0.4625 0.144444 0.0875 0.0666667
17 0.47514 0.133333 0.13778 0.0444444
46 0.48125 0.132942 0.075 0.0452262
35 0.4875 0.111111 0.0625 0.0888889
11 0.55 0.121924 0.0625 0.154958
11 0.6 0.155556 0.1375 0.177778
11 0.6 0.144444 0.0125 0.0222222
10 0.63125 0.133333 0.025 0.0444444
11 0.6375 0.144444 0.0375 0.0222222
2 0.6375 0.144124 0.0625 0.0673074
11 0.670177 0.122222 0.102853 0.111111
29 0.675 0.155987 0.0875 0.0880254
29 0.725 0.155556 0.1625 0.0888889
4 0.73125 0.155556 0.15 0.0444444
1 0.74375 0.155156 0.15 0.0452438
1 0.75625 0.111111 0.175 0.133333
0 0.76875 0.144444 0.15 0.0222222
1 0.75625 0.122222 0.075 0.0666667
1 0.75625 0.144444 0.05 0.0222222
3 0.7625 0.144444 0.0625 0.0222222
16 0.75625 0.133333 0.075 0.0444444
11 0.9 0.111111 0.0625 0.0888889
1 0.009375 0.177778 0.01875 0.177778
11 0.034375 0.144444 0.06875 0.111111
51 0.040625 0.133347 0.08125 0.133305
14 0.053125 0.144444 0.10625 0.111111
14 0.075 0.15785 0.1125 0.0843005
19 0.06875 0.166667 0.075 0.0666667
19 0.0932567 0.177778 0.0990133 0.0888889
11 0.10625 0.166667 0.05 0.0222222
11 0.1375 0.177778 0.0375 0.0444444
11 0.137508 0.144299 0.0375159 0.111402
1 0.15 0.144444 0.0625002 0.155556
1 0.183503 0.155556 0.0799001 0.133333
11 0.19375 0.155556 0.1 0.133333
1 0.20625 0.155556 0.1 0.0888889
11 0.2 0.144444 0.0625 0.111111
3 0.2125 0.144444 0.0625 0.155556
12 0.225 0.144444 0.0625 0.111111
