6 0.028125 0.0111111 0.05625 0.0222222
44 0.034375 0.0111111 0.06875 0.0222222
43 0.065625 0.0111111 0.13125 0.0222222
6 0.090625 0 0.18125 0
43 0.096875 0 0.19375 0
44 0.25 0 0.2875 0
44 0.56875 0.0111111 0.125 0.0222222
44 0.5 0.0111111 0.2875 0.0222222
30 0.5125 0 0.2875 0
44 0.55 0 0.2875 0
44 0.725 0 0.1125 0
30 0.7375 0 0.1125 0
30 0.6625 0 0.2875 0
37 0.675 0 0.2875 0
29 0.6875 0 0.2875 0
37 0.7375 0 0.2875 0
10 0.8 0 0.2875 0
10 0.9 0 0.1125 0
10 0.9375 0 0.1125 0
10 0.859375 0 0.28125 0
10 0.95625 0 0.05 0
10 0.9625 0.0111111 0.0625 0.0222222
10 0.971875 0 0.05625 0
10 0.98125 0 0.025 0
26 0.9875 0.0222222 0.0125 0.0444444
6 0.065625 0.0222222 0.13125 0.0444444
44 0.3125 0.0111111 0.1625 0.0222222
30 0.71875 0.0222222 0.175 0.0444444
37 0.74375 0.0222222 0.175 0.0444444
16 0.78125 0.0222222 0.175 0.0444444
1 0.79375 0.0222222 0.175 0.0444444
10 0.9125 0.0111111 0.1125 0.0222222
10 0.91875 0.0222222 0.15 0.0444444
10 0.921875 0.0111111 0.15625 0.0222222
10 0.865625 0.0111111 0.26875 0.0222222
10 0.94375 0.0111111 0.05 0.0222222
41 0.95625 0.0111111 0.075 0.0222222
12 0.9625 0.0111111 0.0625 0.0222222
10 0.953125 0.0111111 0.09375 0.0222222
10 0.98125 0.0222222 0.025 0.0444444
10 0.984375 0.0222222 0.03125 0.0444444
4 0.55625 0.0333333 0.175 0.0666667
4 0.56875 0.0222222 0.175 0.0444444
4 0.60625 0.0222222 0.175 0.0444444
4 0.61875 0.0333333 0.175 0.0666667
32 0.64375 0.0444444 0.175 0.0444444
44 0.6625 0.0444444 0.1625 0.0444444
4 0.69375 0.0222222 0.075 0.0444444
4 0.7125 0.0222222 0.1625 0.0444444
30 0.7125 0.0222222 0.1125 0.0444444
30 0.725 0.0111111 0.1125 0.0222222
1 0.7625 0.0111111 0.1125 0.0222222
1 0.775 0.0222222 0.1125 0.0444444
1 0.80625 0.0333333 0.1 0.0666667
3 0.825 0.0333333 0.0875 0.0666667
10 0.85 0.0333333 0.0875 0.0666667
10 0.86875 0.0333333 0.075 0.0666667
10 0.88125 0.0222222 0.075 0.0444444
10 0.934375 0.0333333 0.13125 0.0666667
10 0.95 0.0333333 0.0625 0.0666667
10 0.98125 0.0333333 0.025 0.0666667
26 0.978125 0.0333333 0.04375 0.0666667
25 0.24375 0.0555556 0.175 0.0666667
71 0.28125 0.0555556 0.175 0.0222222
25 0.3 0.0666667 0.1625 0.0444444
25 0.2875 0.0444444 0.1125 0.0444444
25 0.31875 0.0444444 0.175 0.0444444
4 0.33125 0.0444489 0.175 0.0444355
66 0.34375 0.0444444 0.175 0.0444444
4 0.375 0.0555556 0.1625 0.0222222
4 0.41875 0.0555556 0.175 0.0666667
6 0.58125 0.0333333 0.175 0.0666667
1 0.7875 0.0333333 0.1625 0.0666667
1 0.8 0.0444444 0.1625 0.0444444
3 0.825 0.0444444 0.0625 0.0888889
10 0.86875 0.0444444 0.125 0.0888889
10 0.8875 0.0333333 0.1375 0.0666667
3 0.9 0.0333333 0.1375 0.0222222
10 0.8875 0.0333333 0.0875 0.0222222
10 0.934375 0.0333333 0.13125 0.0222222
3 0.940625 0.0333333 0.11875 0.0222222
4 0.053125 0.0666667 0.10625 0.0444444
4 0.059375 0.0777778 0.11875 0.0666667
6 0.065625 0.0888889 0.13125 0.0444444
6 0.071875 0.0777778 0.14375 0.0666667
4 0.084375 0.0666667 0.16875 0.0444444
6 0.11875 0.0666667 0.175 0.0444444
25 0.13125 0.0666667 0.175 0.0444444
25 0.175 0.0666667 0.1625 0.0444444
4 0.2 0.0666667 0.1625 0.0444444
25 0.23125 0.0666667 0.175 0.0444444
4 0.24375 0.0666667 0.175 0.0444444
25 0.26875 0.0666667 0.175 0.0444444
4 0.30625 0.0777778 0.175 0.0222222
4 0.34375 0.0777778 0.175 0.0222222
4 0.35625 0.0888889 0.175 0.0444444
4 0.39375 0.0777778 0.175 0.0222222
4 0.43125 0.0777778 0.175 0.0222222
4 0.45625 0.0777778 0.175 0.0666667
4 0.49375 0.0666667 0.175 0.0444444
6 0.50625 0.0666667 0.175 0.0444444
4 0.53125 0.0666667 0.175 0.0444444
4 0.54375 0.0777778 0.175 0.0666667
4 0.58125 0.0666667 0.175 0.0444444
4 0.60625 0.0777778 0.175 0.0666667
6 0.61875 0.0777778 0.175 0.0666667
25 0.60625 0.0777778 0.125 0.0666667
25 0.6625 0.0777778 0.1625 0.0666667
25 0.675 0.0666667 0.1625 0.0444444
25 0.6625 0.0666667 0.1125 0.0444444
25 0.7125 0.0666667 0.1625 0.0444444
60 0.7375 0.0666667 0.1375 0.0444444
60 0.725 0.0777778 0.0875 0.0666667
1 0.75 0.0777778 0.1125 0.0666667
1 0.7625 0.0666667 0.1125 0.0444444
1 0.78125 0.0666667 0.1 0.0444444
1 0.8 0.0666667 0.0875 0.0444444
1 0.80625 0.0777778 0.075 0.0666667
30 0.8125 0.0777778 0.0875 0.0666667
30 0.83125 0.0888889 0.1 0.0444444
30 0.8625 0.1 0.1625 0.0666667
30 0.9 0.0777778 0.1125 0.0222222
37 0.9 0.0888889 0.1625 0.0444444
4 0.053125 0.1 0.10625 0.0666667
4 0.065625 0.0888889 0.13125 0.0444444
4 0.084375 0.0888889 0.16875 0.0444444
25 0.11875 0.0888889 0.175 0.0444444
25 0.14375 0.1 0.175 0.0666667
25 0.1625 0.111111 0.1625 0.0444444
4 0.175 0.0888889 0.1625 0.0444444
4 0.1875 0.1 0.1625 0.0666667
4 0.2 0.1 0.1625 0.0222222
4 0.2125 0.0888889 0.1625 0.0444444
4 0.23125 0.111111 0.175 0.0444444
4 0.24375 0.1 0.175 0.0222222
4 0.28125 0.111111 0.175 0.0444444
4 0.31875 0.1 0.125 0.0222222
4 0.28125 0.1 0.125 0.0222222
4 0.34375 0.111111 0.125 0.0444444
4 0.35625 0.1 0.125 0.0222222
4 0.38125 0.1 0.125 0.0222222
4 0.41875 0.1 0.175 0.0222222
4 0.45625 0.111111 0.175 0.0444444
4 0.49375 0.1 0.175 0.0222222
4 0.50625 0.111111 0.175 0.0444444
4 0.475 0.111111 0.2875 0.0444444
4 0.54375 0.1 0.175 0.0666667
4 0.55625 0.0888889 0.175 0.0444444
4 0.58125 0.0888889 0.175 0.0888889
4 0.59375 0.0888889 0.175 0.0444444
6 0.61875 0.0888889 0.175 0.0444444
25 0.63125 0.0888889 0.175 0.0444444
25 0.6625 0.0888889 0.1625 0.0444444
17 0.7 0.0777778 0.1625 0.0666667
16 0.7125 0.0777778 0.1625 0.0666667
16 0.7 0.0666667 0.1125 0.0444444
37 0.7875 0.111111 0.1625 0.0444444
3 0.825 0.0888889 0.1375 0.0444444
37 0.80625 0.0888889 0.075 0.0444444
44 0.8125 0.0888889 0.0875 0.0444444
44 0.85625 0.111111 0.15 0.0444444
4 0.053125 0.122222 0.10625 0.0666667
4 0.059375 0.111111 0.11875 0.0444444
4 0.09375 0.122222 0.175 0.0222222
4 0.13125 0.122222 0.175 0.0222222
4 0.14375 0.133333 0.175 0.0444444
4 0.175 0.122222 0.1625 0.0222222
4 0.18125 0.133333 0.175 0.0444444
4 0.21875 0.133333 0.175 0.0444444
4 0.25625 0.133333 0.175 0.0444444
4 0.29375 0.133333 0.175 0.0444444
4 0.34375 0.133333 0.175 0.0444444
4 0.35625 0.122222 0.125 0.0222222
4 0.40625 0.122222 0.175 0.0222222
4 0.44375 0.122222 0.175 0.0222222
4 0.45625 0.133333 0.175 0.0444444
4 0.49375 0.122222 0.175 0.0222222
4 0.54375 0.111111 0.175 0.0444444
4 0.56875 0.133333 0.175 0.0444444
4 0.55625 0.122222 0.125 0.0666667
4 0.59375 0.122222 0.175 0.0222222
4 0.61875 0.111111 0.175 0.0444444
25 0.575 0.122222 0.2875 0.0222222
25 0.65 0.122222 0.1625 0.0222222
25 0.6375 0.122222 0.1125 0.0222222
37 0.675 0.122222 0.1125 0.0222222
37 0.73125 0.122222 0.175 0.0222222
37 0.74375 0.133333 0.175 0.0444444
44 0.7375 0.133333 0.1125 0.0444444
37 0.75 0.133333 0.1125 0.0444444
44 0.76875 0.133333 0.1 0.0444444
30 0.79375 0.133333 0.175 0.0444444
44 0.81875 0.133333 0.2 0.0444444
70 0.921875 0.133333 0.15625 0.0444444
4 0.053125 0.133333 0.10625 0.0444444
4 0.034375 0.133333 0.06875 0.0444444
4 0.09375 0.133333 0.175 0.0444444
4 0.11875 0.144444 0.175 0.0666667
2 0.26875 0.155556 0.175 0.0444444
4 0.26875 0.144444 0.125 0.0222222
4 0.29375 0.144444 0.125 0.0222222
4 0.38125 0.133333 0.125 0.0444444
4 0.41875 0.133333 0.175 0.0444444
4 0.49375 0.133333 0.175 0.0444444
4 0.53125 0.133333 0.175 0.0444444
4 0.56875 0.144444 0.175 0.0666667
4 0.60625 0.133333 0.175 0.0444444
4 0.575 0.133333 0.2875 0.0444444
4 0.65 0.133333 0.1625 0.0444444
25 0.6625 0.133333 0.1625 0.0444444
25 0.65625 0.144444 0.125 0.0666667
25 0.675 0.133333 0.1125 0.0444444
37 0.73125 0.144444 0.175 0.0666667
37 0.775 0.144444 0.1375 0.0666667
4 0.8 0.122222 0.1625 0.0666667
4 0.053125 0.155556 0.10625 0.0444444
4 0.034375 0.155556 0.06875 0.0444444
4 0.09375 0.155556 0.175 0.0444444
4 0.13125 0.155556 0.175 0.0444444
4 0.16875 0.155556 0.175 0.0444444
4 0.20625 0.155556 0.175 0.0444444
4 0.24375 0.155556 0.175 0.0444444
4 0.28125 0.155556 0.125 0.0444444
4 0.30625 0.155556 0.125 0.0444444
4 0.33125 0.155556 0.125 0.0444444
4 0.35625 0.155556 0.125 0.0444444
4 0.40625 0.155556 0.175 0.0444444
2 0.43125 0.155556 0.175 0.0444444
4 0.46875 0.155556 0.175 0.0444444
4 0.50625 0.155556 0.175 0.0444444
4 0.54375 0.166667 0.175 0.0666667
4 0.55625 0.155556 0.175 0.0444444
4 0.59375 0.155556 0.175 0.0444444
4 0.575 0.155556 0.2875 0.0444444
4 0.65 0.155556 0.1625 0.0444444
25 0.63125 0.155556 0.125 0.0444444
25 0.68125 0.155556 0.175 0.0444444
25 0.675 0.155556 0.1125 0.0444444
60 0.69375 0.155556 0.125 0.0444444
60 0.725 0.155556 0.1125 0.0444444
74 0.83125 0.155556 0.1 0.0444444
37 0.925 0.155556 0.0625 0.0444444
28 0.93125 0.155556 0.05 0.0444444
1 0.96875 0.155556 0.05 0.0444444
26 0.98125 0.155556 0.025 0.0444444
4 0.053125 0.166667 0.10625 0.0666667
4 0.034375 0.166667 0.06875 0.0666667
4 0.065625 0.177778 0.13125 0.0444444
4 0.09375 0.177778 0.175 0.0444444
4 0.13125 0.177778 0.175 0.0444444
4 0.16875 0.177778 0.175 0.0444444
4 0.18125 0.166667 0.175 0.0222222
4 0.2125 0.177778 0.1625 0.0444444
4 0.24375 0.177778 0.175 0.0444444
2 0.26875 0.177778 0.175 0.0444444
4 0.28125 0.177778 0.125 0.0444444
4 0.30625 0.166667 0.125 0.0222222
4 0.33125 0.166667 0.125 0.0222222
4 0.34375 0.177778 0.125 0.0444444
4 0.36875 0.177778 0.125 0.0444444
4 0.40625 0.166667 0.175 0.0222222
4 0.41875 0.177778 0.175 0.0444444
2 0.40625 0.177778 0.125 0.0444444
2 0.45 0.177778 0.1625 0.0444444
4 0.46875 0.177778 0.175 0.0444444
4 0.50625 0.177778 0.175 0.0444444
6 0.53125 0.177778 0.175 0.0444444
4 0.54375 0.177778 0.175 0.0444444
4 0.55625 0.188889 0.125 0.0222222
4 0.59375 0.188889 0.175 0.0222222
4 0.55 0.177778 0.2875 0.0444444
4 0.66875 0.177778 0.1 0.0444444
21 0.69375 0.177778 0.1 0.0444444
25 0.7125 0.177778 0.1125 0.0444444
25 0.65625 0.177778 0.15 0.0444444
19 0.69375 0.177778 0.125 0.0444444
43 0.7375 0.177778 0.1125 0.0444444
29 0.75 0.177778 0.1125 0.0444444
37 0.76875 0.177778 0.1 0.0444444
6 0.775 0.188889 0.1125 0.0666667
66 0.8125 0.188889 0.1625 0.0666667
6 0.825 0.188889 0.1625 0.0222222
71 0.8375 0.188889 0.0625 0.0222222
70 0.8 0.2 0.1625 0.0444444
37 0.84375 0.2 0.1 0.0444444
1 0.85 0.2 0.1125 0.0444444
28 0.90625 0.188889 0.075 0.0666667
37 0.88125 0.188889 0.15 0.0666667
28 0.9125 0.188889 0.0625 0.0222222
28 0.9375 0.177778 0.0625 0.0444444
37 0.96875 0.2 0.05 0.0888889
37 0.953125 0.2 0.09375 0.0444444
1 0.946875 0.188889 0.10625 0.0222222
1 0.990625 0.188889 0.01875 0.0222222
4 0.053125 0.2 0.10625 0.0444444
4 0.034375 0.211111 0.06875 0.0666667
4 0.06875 0.2 0.125 0.0444444
4 0.11875 0.2 0.175 0.0444444
4 0.15625 0.2 0.175 0.0444444
4 0.1875 0.2 0.1625 0.0444444
