8 0.25 0.0111111 0.1125 0.0222222
60 0.375 0.0111111 0.0875 0.0222222
25 0.75 0.0111111 0.1875 0.0222222
29 0.75625 0.0111111 0.175 0.0222222
29 0.79375 0.0111111 0.125 0.0222222
25 0.8375 0.0111111 0.1375 0.0222222
4 0.85 0.0111111 0.1375 0.0222222
6 0.85625 0.0111111 0.125 0.0222222
6 0.8375 0.0111111 0.0875 0.0222222
4 0.88125 0.0111111 0.175 0.0222222
4 0.85 0.0111111 0.2375 0.0222222
6 0.903125 0.0111111 0.19375 0.0222222
8 0.871875 0.0111111 0.25625 0.0222222
4 0.921875 0 0.15625 0
4 0.946875 0.0111111 0.10625 0.0222222
4 0.953125 0.0111111 0.09375 0.0222222
2 0.959375 0.0111111 0.08125 0.0222222
21 0.13125 0.0111111 0.075 0.0222222
10 0.19375 0.0111111 0.025 0.0222222
10 0.2 0.0111111 0.0125 0.0222222
55 0.3 0.0111111 0.0125 0.0222222
55 0.4125 0.0111111 0.1125 0.0222222
8 0.525 0.0222222 0.1625 0.0444444
6 0.575 0.0222222 0.1625 0.0444444
4 0.59375 0.0222222 0.15 0.0444444
8 0.64375 0.0111111 0.15 0.0222222
8 0.65625 0.0111111 0.15 0.0222222
8 0.63125 0.0111111 0.05 0.0222222
11 0.64375 0.0222222 0.075 0.0444444
23 0.73125 0.0111111 0.175 0.0222222
29 0.80625 0.0111111 0.125 0.0222222
21 0.84375 0.0111111 0.125 0.0222222
14 0.8625 0.0111111 0.1125 0.0222222
4 0.84375 0.0111111 0.075 0.0222222
2 0.875 0.0111111 0.1375 0.0222222
4 0.8875 0.0111111 0.1375 0.0222222
8 0.928125 0.0111111 0.14375 0.0222222
9 0.94375 0.0111111 0.075 0.0222222
6 0.046875 0.0333333 0.09375 0.0666667
8 0.6625 0.0333333 0.1625 0.0666667
8 0.675 0.0222222 0.1125 0.0444444
21 0.8125 0.0333333 0.0625 0.0222222
21 0.84375 0.0333333 0.125 0.0222222
21 0.8375 0.0222222 0.0625 0.0444444
23 0.84375 0.0222222 0.075 0.0444444
4 0.984375 0.0333333 0.03125 0.0222222
8 0.6375 0.0333333 0.0625 0.0666667
23 0.6375 0.0333333 0.0625 0.0666667
23 0.725 0.0333333 0.0625 0.0666667
14 0.79375 0.0444444 0.025 0.0444444
21 0.85 0.0333333 0.1375 0.0666667
6 0.053125 0.0666667 0.10625 0.0888889
6 0.015625 0.0555556 0.03125 0.0666667
12 0.6 0.0777778 0.0125 0.0666667
39 0.625 0.0444444 0.0875 0.0888889
0 0.63125 0.0444444 0.075 0.0888889
8 0.7 0.0444444 0.1625 0.0888889
10 0.70625 0.0444444 0.15 0.0888889
10 0.7125 0.0888889 0.1375 0.0444444
8 0.7125 0.0666667 0.0375 0.0444444
8 0.70625 0.0555556 0.05 0.111111
8 0.75625 0.0666667 0.125 0.0888889
8 0.75 0.0666667 0.0625 0.0888889
8 0.75625 0.0777778 0.05 0.0666667
10 0.78125 0.0555556 0.025 0.0666667
8 0.8375 0.0555556 0.0875 0.0666667
8 0.86875 0.0666667 0.125 0.0444444
21 0.86875 0.0777778 0.1 0.0666667
21 0.8875 0.0777778 0.1125 0.0666667
78 0.89375 0.0888889 0.125 0.0888889
8 0.046875 0.1 0.09375 0.0666667
6 0.015625 0.0888889 0.03125 0.0444444
8 0.0625 0.0888889 0.0875 0.0444444
8 0.06875 0.1 0.1 0.0666667
11 0.49375 0.0777778 0.025 0.0666667
32 0.60625 0.0555556 0.1 0.111111
39 0.56875 0.0555556 0.05 0.111111
12 0.59375 0.0888889 0 0.0444444
12 0.6125 0.0888889 0.0125 0.0444444
39 0.66875 0.0777778 0.1 0.0666667
11 0.675 0.0777778 0.1125 0.0666667
8 0.7 0.0777778 0.1125 0.0666667
8 0.7 0.1 0.1625 0.0222222
10 0.6875 0.0888889 0.0125 0.0444444
10 0.7 0.0888889 0.0125 0.0444444
10 0.7125 0.0888889 0.0125 0.0444444
10 0.71875 0.0777778 0.025 0.0666667
51 0.7875 0.0666667 0.1125 0.0888889
55 0.75625 0.0666667 0.05 0.0888889
55 0.775 0.0777778 0.0125 0.0666667
3 0.990625 0.0666667 0.01875 0.0888889
8 0.015625 0.111111 0.03125 0.0444444
12 0.58125 0.1 0.05 0.0666667
8 0.9375 0.133333 0.0375 0.0444444
8 0.053125 0.133333 0.10625 0.0888889
11 0.015625 0.133333 0.03125 0.0444444
4 0.31875 0.1 0.15 0.111111
11 0.025 0.144444 0.0125 0.0666667
6 0.25 0.166667 0.1625 0.0666667
10 0.43125 0.144444 0.05 0.0666667
4 0.175 0.188889 0.1125 0.0666667
6 0.18125 0.188889 0.125 0.0666667
6 0.21875 0.177778 0.1 0.0444444
4 0.21875 0.177778 0.1 0.0888889
6 0.21875 0.166667 0.1 0.111111
6 0.325 0.166667 0.0875 0.111111
21 0.875 0.155556 0.1375 0.0888889
21 0.8875 0.177778 0.1375 0.0444444
9 0.015625 0.177778 0.03125 0.0888889
9 0.025 0.2 0.0125 0.0444444
6 0.23125 0.177778 0.1 0.0888889
23 0.2625 0.2 0.0375 0.0444444
8 0.66875 0.222222 0.175 0.0444444
6 0.25625 0.244444 0.175 0.0444444
6 0.23125 0.233333 0.1 0.0666667
11 0.2625 0.222222 0.0625 0.0444444
8 0.5875 0.233333 0.1125 0.0222222
11 0.55625 0.211111 0.025 0.0666667
2 0.58125 0.222222 0.075 0.0444444
6 0.61875 0.222222 0.15 0.0444444
6 0.64375 0.233333 0.15 0.0666667
14 0.65625 0.211111 0.125 0.0666667
67 0.625 0.222222 0.0125 0.0444444
14 0.6375 0.222222 0.0125 0.0444444
12 0.64375 0.222222 0 0.0444444
2 0.65 0.222222 0.0125 0.0444444
2 0.65625 0.222222 0.1 0.0444444
0 0.69375 0.222222 0.025 0.0444444
6 0.69375 0.222222 0.025 0.0444444
19 0.74375 0.222222 0.125 0.0444444
21 0.725 0.211111 0.0125 0.0666667
14 0.725 0.211111 0.0375 0.0666667
8 0.7625 0.222222 0.0625 0.0888889
6 0.2375 0.244444 0.1125 0.0888889
11 0.48125 0.244444 0.05 0.0444444
10 0.49375 0.244444 0.025 0.0444444
23 0.50625 0.244444 0.025 0.0444444
6 0.65625 0.244444 0.125 0.0444444
48 0.65625 0.244444 0.1 0.0444444
67 0.61875 0.244444 0 0.0444444
12 0.66875 0.233333 0.075 0.0666667
10 0.68125 0.233333 0.1 0.0666667
10 0.69375 0.244444 0.125 0.0444444
10 0.69375 0.244444 0.025 0.0444444
21 0.6875 0.244444 0.0125 0.0444444
10 0.75625 0.233333 0.025 0.0666667
10 0.7625 0.244444 0.0375 0.0444444
11 0.48125 0.277778 0.05 0.0222222
10 0.49375 0.266667 0 0.0444444
55 0.625 0.266667 0.1125 0.0444444
6 0.63125 0.266667 0.125 0.0444444
6 0.59375 0.266667 0 0.0444444
60 0.65625 0.266667 0.1 0.0444444
25 0.75625 0.266667 0.15 0.0444444
25 0.75625 0.277778 0.05 0.0666667
21 0.7625 0.266667 0.0625 0.0444444
11 0.021875 0.277778 0.04375 0.0666667
11 0.1625 0.277778 0.0625 0.0666667
6 0.21875 0.277778 0.075 0.0666667
78 0.48125 0.3 0.075 0.0666667
12 0.525 0.288889 0.1125 0.0444444
11 0.5 0.288889 0.0125 0.0444444
23 0.959375 0.266667 0.08125 0.0888889
6 0.959375 0.266667 0.08125 0.0888889
11 0.021875 0.3 0.04375 0.0666667
6 0.040625 0.288889 0.08125 0.0888889
8 0.16875 0.322222 0.05 0.0222222
25 0.24375 0.3 0.025 0.0666667
8 0.36875 0.3 0.025 0.0666667
25 0.275 0.322222 0.2875 0.0666667
10 0.33125 0.322222 0.05 0.0666667
14 0.38125 0.333333 0.15 0.0888889
21 0.3625 0.311111 0.0625 0.0888889
8 0.36875 0.3 0.05 0.0666667
55 0.946875 0.333333 0.10625 0.0444444
6 0.015625 0.344444 0.03125 0.111111
9 0.01875 0.355556 0.025 0.0444444
6 0.15625 0.344444 0.1 0.0666667
8 0.4 0.333333 0.1125 0.0888889
11 0.3625 0.333333 0.0375 0.0888889
11 0.45 0.355556 0.0125 0.0444444
11 0.46875 0.355556 0.025 0.0444444
11 0.45625 0.344444 0.05 0.0666667
6 0.021875 0.377778 0.04375 0.0888889
6 0.175 0.377778 0.0875 0.0444444
6 0.21875 0.366667 0.175 0.111111
6 0.3 0.388889 0.1875 0.0666667
11 0.4 0.4 0.1125 0.0444444
10 0.375 0.377778 0.0125 0.0444444
11 0.45 0.266667 0.0375 0.266667
11 0.475 0.377778 0.0125 0.0444444
11 0.475 0.366667 0.0125 0.0666667
11 0.49375 0.377778 0 0.0444444
32 0.5625 0.377778 0.0625 0.0444444
55 0.61875 0.355556 0.125 0.0444444
11 0.575 0.377778 0.0125 0.0444444
11 0.015625 0.388889 0.03125 0.0666667
6 0.16875 0.411111 0.075 0.0666667
6 0.175 0.4 0.0625 0.0444444
6 0.20625 0.388889 0.15 0.0666667
8 0.275 0.388889 0.1125 0.0666667
2 0.4 0.411111 0.1375 0.0666667
2 0.30625 0.411111 0.3 0.0666667
25 0.39375 0.411111 0.1 0.0222222
3 0.4625 0.411111 0.1125 0.0666667
6 0.44375 0.422222 0.025 0.0444444
11 0.45625 0.3 0.025 0.244444
11 0.475 0.388889 0.0125 0.0666667
11 0.48125 0.4 0 0.0444444
11 0.49375 0.4 0 0.0444444
10 0.5625 0.4 0.0625 0.0444444
21 0.6 0.411111 0.1625 0.111111
11 0.5875 0.388889 0.0375 0.0666667
4 0.959375 0.377778 0.08125 0.0888889
8 0.4 0.411111 0.1375 0.0666667
10 0.4875 0.422222 0.0125 0.0444444
11 0.49375 0.422222 0 0.0444444
11 0.6 0.411111 0.0625 0.0666667
11 0.60625 0.4 0.075 0.0888889
8 0.68125 0.333333 0.125 0.222222
11 0.015625 0.444444 0.03125 0.0444444
24 0.48125 0.433333 0.025 0.0666667
11 0.4875 0.444444 0.0125 0.0444444
11 0.625 0.455556 0.1125 0.0666667
11 0.625 0.344444 0.1375 0.244444
8 0.7 0.466667 0.1125 0.0444444
8 0.6875 0.444444 0.0875 0.0444444
8 0.73125 0.444444 0.075 0.0888889
11 0.015625 0.466667 0.03125 0.0444444
4 0.075 0.455556 0.1125 0.0666667
11 0.48125 0.466667 0.025 0.0888889
25 0.525 0.466667 0.1125 0.0888889
21 0.60625 0.455556 0.1 0.0666667
10 0.61875 0.455556 0.125 0.0666667
44 0.7875 0.455556 0.1375 0.0666667
9 0.49375 0.477778 0.025 0.0666667
55 0.875 0.488889 0.1375 0.0444444
21 0.875 0.488889 0.1875 0.0888889
44 0.8625 0.5 0.1625 0.0666667
21 0.875 0.511111 0.1625 0.0888889
6 0.10625 0.522222 0.1 0.0666667
25 0.325 0.522222 0.0125 0.0666667
21 0.3625 0.522222 0.0625 0.0666667
11 0.35 0.533333 0.0125 0.0444444
60 0.51875 0.522222 0.125 0.111111
44 0.83125 0.533333 0.1 0.0444444
44 0.875 0.533333 0.1625 0.0888889
11 0.028125 0.566667 0.05625 0.0666667
8 0.2875 0.533333 0.1375 0.0888889
8 0.29375 0.488889 0.125 0.177778
25 0.33125 0.488889 0.15 0.222222
21 0.325 0.555556 0.0125 0.0444444
21 0.39375 0.566667 0.125 0.0666667
11 0.35 0.555556 0.0125 0.0444444
11 0.49375 0.566667 0.025 0.0666667
11 0.575 0.544444 0.0625 0.0666667
6 0.24375 0.555556 0.175 0.0888889
8 0.25 0.555556 0.1875 0.0888889
11 0.26875 0.566667 0.05 0.0666667
11 0.2875 0.5 0.0875 0.2
11 0.325 0.522222 0.1375 0.155556
11 0.3375 0.566667 0.1375 0.0666667
10 0.325 0.566667 0.0125 0.0666667
21 0.3375 0.566667 0.0375 0.0666667
20 0.34375 0.566667 0.025 0.0666667
9 0.3625 0.566667 0.0375 0.0666667
6 0.4875 0.577778 0.0375 0.0444444
11 0.49375 0.577778 0.025 0.0444444
25 0.50625 0.566667 0.1 0.0666667
11 0.56875 0.577778 0.025 0.0444444
10 0.575 0.577778 0.0125 0.0444444
11 0.6 0.566667 0.0375 0.0666667
8 0.71875 0.577778 0.075 0.0888889
6 0.7375 0.577778 0.0875 0.0888889
4 0.74375 0.577778 0.1 0.0888889
6 0.83125 0.577778 0.1 0.0888889
8 0.053125 0.588889 0.10625 0.0666667
25 0.29375 0.544444 0.1 0.244444
11 0.3625 0.588889 0.1125 0.0666667
21 0.34375 0.577778 0.025 0.0888889
21 0.3625 0.588889 0.0375 0.0666667
11 0.3625 0.588889 0.0375 0.0666667
21 0.375 0.577778 0.0625 0.0888889
6 0.375 0.588889 0.0625 0.111111
25 0.53125 0.577778 0.15 0.0888889
12 0.5875 0.6 0.0375 0.0444444
25 0.69375 0.611111 0.1 0.0666667
5 0.75 0.577778 0.0875 0.0888889
11 0.01875 0.611111 0.025 0.0666667
60 0.20625 0.6 0.075 0.0888889
14 0.21875 0.6 0.05 0.0888889
29 0.25 0.6 0.0875 0.0888889
21 0.3625 0.6 0.0625 0.0888889
21 0.375 0.6 0.0625 0.0888889
25 0.525 0.6 0.1125 0.133333
6 0.6875 0.633333 0.0875 0.0666667
4 0.7125 0.633333 0.0625 0.0666667
6 0.74375 0.633333 0.125 0.0666667
6 0.7375 0.622222 0.0875 0.0888889
6 0.775 0.611111 0.1375 0.111111
