63 0.36875 0.0111111 0.225 0.0222222
43 0.48125 0.0111111 0.175 0.0222222
25 0.4875 0.0111111 0.1875 0.0222222
25 0.953125 0.0111111 0.09375 0.0222222
63 0.36875 0.0222222 0.2 0.0444444
27 0.4125 0.0222222 0.1625 0.0444444
39 0.56875 0.0111111 0.1 0.0222222
67 0.75 0.0111111 0.1125 0.0222222
11 0.953125 0.0111111 0.09375 0.0222222
26 0.959375 0.0333333 0.08125 0.0666667
15 0.34375 0.0333333 0.025 0.0666667
15 0.34375 0.0333333 0 0.0222222
15 0.35625 0.0333333 0 0.0222222
27 0.36875 0.0333333 0 0.0222222
32 0.50625 0.0333333 0.025 0.0222222
64 0.5375 0.0333333 0.0125 0.0222222
64 0.55625 0.0333333 0 0.0222222
39 0.56875 0.0333333 0 0.0222222
39 0.58125 0.0333333 0 0.0222222
15 0.59375 0.0333333 0 0.0222222
39 0.60625 0.0333333 0 0.0222222
65 0.26875 0.0666667 0.125 0.0444444
15 0.2875 0.0666667 0.1375 0.0444444
15 0.30625 0.0555556 0.125 0.0666667
60 0.3875 0.0666667 0.0875 0.0444444
15 0.6125 0.0555556 0.1375 0.0222222
16 0.6375 0.0555556 0.0375 0.0222222
10 0.65 0.0555556 0.0125 0.0222222
10 0.65625 0.0444444 0.1 0.0444444
13 0.74375 0.0333333 0.2 0.0666667
26 0.69375 0.0444444 0.325 0.0888889
48 0.78125 0.0444444 0.1 0.0444444
65 0.75 0.0555556 0.0125 0.0222222
27 0.75 0.0333333 0.0375 0.0666667
26 0.76875 0.0333333 0.1 0.0666667
24 0.7875 0.0555556 0.0125 0.0222222
15 0.80625 0.0555556 0.025 0.0222222
45 0.80625 0.0666667 0.025 0.0444444
54 0.8125 0.0666667 0.0125 0.0444444
59 0.83125 0.0666667 0.025 0.0444444
74 0.959375 0.0333333 0.08125 0.0666667
26 0.959375 0.0666667 0.08125 0.0888889
1 0.2125 0.0888889 0.0625 0.0444444
10 0.2125 0.0888889 0.0875 0.0444444
15 0.2125 0.0888889 0.0875 0.0444444
64 0.24375 0.0888889 0.1 0.0444444
55 0.25625 0.0888889 0.1 0.0444444
34 0.3625 0.0777778 0.1125 0.0222222
43 0.38125 0.0666667 0.125 0.0444444
25 0.6125 0.0666667 0.1125 0.0444444
14 0.6875 0.0777778 0.0125 0.0222222
10 0.7 0.0777778 0.0125 0.0222222
10 0.70625 0.0666667 0.375 0.0444444
39 0.7875 0.0666667 0.1375 0.0444444
41 0.78125 0.0666667 0.1 0.0444444
39 0.6875 0.0777778 0.1125 0.0222222
15 0.7 0.0666667 0.1125 0.0444444
32 0.76875 0.0777778 0 0.0222222
39 0.79375 0.0666667 0.025 0.0444444
15 0.8 0.0555556 0.0375 0.0666667
45 0.80625 0.0555556 0.025 0.0666667
45 0.8125 0.0777778 0.0125 0.0666667
15 0.83125 0.0777778 0.025 0.0666667
67 0.84375 0.0777778 0.025 0.0666667
26 0.953125 0.0444444 0.09375 0.0888889
26 0.990625 0.0888889 0.01875 0.0444444
29 0.11875 0.0888889 0.1 0.0888889
26 0.2 0.111111 0.0625 0.0444444
29 0.36875 0.0888889 0.125 0.0888889
39 0.68125 0.1 0 0.0222222
41 0.80625 0.1 0.2 0.0222222
41 0.73125 0.1 0 0.0222222
39 0.6875 0.1 0.1125 0.0222222
15 0.75625 0.1 0 0.0222222
39 0.76875 0.1 0 0.0222222
15 0.725 0.1 0.1125 0.0222222
15 0.8 0.1 0.0125 0.0222222
15 0.80625 0.0888889 0.025 0.0444444
15 0.7625 0.0777778 0.1125 0.0666667
15 0.85 0.1 0.0125 0.0222222
15 0.8625 0.1 0.0125 0.0222222
24 0.86875 0.1 0.125 0.0666667
25 0.86875 0.1 0.125 0.0666667
59 0.8875 0.1 0.1375 0.0666667
59 0.865625 0.1 0.26875 0.0666667
10 0.95625 0.1 0.075 0.0222222
27 0.75625 0.111111 0 0.0444444
39 0.76875 0.122222 0 0.0222222
27 0.78125 0.122222 0 0.0222222
39 0.79375 0.122222 0 0.0222222
55 0.80625 0.122222 0 0.0222222
55 0.825 0.111111 0.0125 0.0444444
45 0.83125 0.122222 0 0.0222222
27 0.84375 0.122222 0 0.0222222
15 0.8625 0.122222 0.0125 0.0222222
16 0.86875 0.122222 0 0.0222222
16 0.8875 0.122222 0.0125 0.0222222
0 0.90625 0.122222 0.025 0.0222222
0 0.953125 0.122222 0.09375 0.0222222
16 0.959375 0.1 0.08125 0.0666667
28 0.965625 0.111111 0.06875 0.0444444
41 0.971875 0.111111 0.05625 0.0444444
62 0.95625 0.111111 0 0.0444444
27 0.96875 0.122222 0 0.0222222
23 0.99375 0.122222 0 0.0222222
15 0.425 0.133333 0.0375 0.0444444
32 0.55 0.144444 0.0875 0.0222222
16 0.5625 0.144444 0.0875 0.0222222
64 0.965625 0.144444 0.06875 0.0222222
70 0.95625 0.144444 0 0.0222222
67 0.96875 0.144444 0 0.0222222
23 0.965625 0.133333 0.06875 0.0444444
32 0.5875 0.166667 0.0125 0.0222222
15 0.59375 0.155556 0.025 0.0444444
24 0.60625 0.155556 0 0.0444444
1 0.965625 0.155556 0.06875 0.0888889
29 0.040625 0.188889 0.08125 0.0666667
13 0.1125 0.188889 0.1625 0.0666667
13 0.08125 0.188889 0.1 0.0666667
13 0.09375 0.188889 0.1 0.0222222
13 0.11875 0.188889 0.1 0.0222222
13 0.14375 0.188889 0.125 0.0222222
30 0.1875 0.2 0.1875 0.0444444
30 0.20625 0.188889 0.2 0.0222222
28 0.21875 0.2 0.175 0.0444444
59 0.20625 0.2 0.05 0.0444444
28 0.2875 0.188889 0.1625 0.0222222
59 0.28125 0.177778 0.125 0.0444444
59 0.28125 0.166667 0.125 0.111111
43 0.28125 0.2 0.1 0.0444444
1 0.325 0.2 0.0875 0.0444444
12 0.5875 0.188889 0.0125 0.0222222
10 0.59375 0.188889 0 0.0222222
1 0.60625 0.188889 0 0.0222222
16 0.61875 0.188889 0 0.0222222
10 0.6375 0.188889 0.0125 0.0222222
26 0.959375 0.166667 0.08125 0.111111
59 0.11875 0.211111 0.175 0.0222222
13 0.125 0.222222 0.1125 0.0444444
59 0.1625 0.222222 0.1625 0.0444444
3 0.175 0.222222 0.1625 0.0444444
3 0.2 0.211111 0.1875 0.0222222
3 0.20625 0.211111 0.075 0.0222222
59 0.26875 0.222222 0.175 0.0444444
13 0.26875 0.222222 0.15 0.0444444
13 0.275 0.2 0.1125 0.0888889
2 0.29375 0.222222 0.15 0.0888889
25 0.953125 0.2 0.09375 0.133333
1 0.965625 0.188889 0.06875 0.111111
43 0.25 0.244444 0.1625 0.0444444
8 0.2625 0.244444 0.1125 0.0444444
1 0.2875 0.244444 0.1375 0.0444444
71 0.28125 0.244444 0.1 0.0444444
1 0.953125 0.222222 0.09375 0.133333
1 0.965625 0.211111 0.06875 0.111111
34 0.2625 0.255556 0.1375 0.0666667
1 0.2625 0.255556 0.1125 0.0666667
73 0.775 0.255556 0.1125 0.0222222
25 0.78125 0.255556 0.1 0.0222222
73 0.8 0.255556 0.1125 0.0222222
59 0.8125 0.255556 0.0875 0.0222222
73 0.81875 0.255556 0.1 0.0222222
59 0.85 0.255556 0.1125 0.0222222
73 0.85625 0.255556 0.1 0.0222222
59 0.86875 0.255556 0.1 0.0222222
13 0.25625 0.255556 0.1 0.0666667
28 0.34375 0.255556 0.1 0.0666667
1 0.35625 0.266667 0.1 0.0444444
1 0.36875 0.244444 0.1 0.0888889
1 0.38125 0.255556 0.1 0.0666667
1 0.58125 0.255556 0.1 0.0666667
2 0.59375 0.255556 0.1 0.0666667
1 0.60625 0.277778 0.1 0.0666667
2 0.70625 0.266667 0.1 0.0444444
1 0.73125 0.266667 0.1 0.0888889
1 0.75625 0.277778 0.125 0.0666667
1 0.7875 0.266667 0.1375 0.0444444
3 0.78125 0.266667 0.1 0.0444444
28 0.8 0.266667 0.0875 0.0444444
15 0.8125 0.266667 0.0875 0.0444444
24 0.81875 0.266667 0.1 0.0444444
13 0.83125 0.266667 0.1 0.0444444
15 0.85625 0.266667 0.1 0.0444444
15 0.8875 0.255556 0.0875 0.0666667
24 0.9625 0.266667 0.0375 0.0444444
24 0.953125 0.244444 0.09375 0.0888889
1 0.965625 0.266667 0.06875 0.0444444
25 0.034375 0.288889 0.06875 0.0888889
13 0.26875 0.3 0.1 0.0222222
59 0.3625 0.277778 0.1125 0.111111
60 0.375 0.3 0.1125 0.0666667
13 0.38125 0.277778 0.1 0.111111
59 0.4 0.3 0.1125 0.0666667
60 0.7625 0.288889 0.1375 0.0444444
8 0.775 0.3 0.1375 0.0666667
8 0.825 0.3 0.2125 0.0666667
45 0.8 0.288889 0.1375 0.0888889
65 0.8 0.3 0.1125 0.0222222
64 0.94375 0.3 0 0.0222222
64 0.95625 0.3 0 0.0222222
26 0.9875 0.3 0.0125 0.0222222
1 0.99375 0.3 0 0.0222222
13 0.13125 0.322222 0.1 0.0222222
13 0.14375 0.333333 0.1 0.0444444
13 0.15 0.322222 0.0875 0.0222222
13 0.1625 0.333333 0.0875 0.0444444
13 0.175 0.322222 0.0875 0.0222222
28 0.1875 0.322222 0.0875 0.0222222
13 0.25 0.322222 0.0875 0.0222222
60 0.26875 0.322222 0.125 0.0222222
60 0.2875 0.333333 0.1375 0.0444444
64 0.29375 0.3 0.1 0.0666667
59 0.38125 0.311111 0.1 0.0888889
59 0.4125 0.311111 0.1375 0.0888889
13 0.4125 0.322222 0.1125 0.0222222
67 0.46875 0.3 0.125 0.0666667
67 0.4625 0.311111 0.0875 0.0888889
67 0.475 0.3 0.0875 0.0666667
79 0.56875 0.311111 0.125 0.0444444
1 0.575 0.311111 0.1125 0.0888889
1 0.58125 0.311111 0.1 0.0444444
65 0.65625 0.3 0.1 0.0666667
25 0.675 0.3 0.1125 0.0666667
65 0.75 0.3 0.2125 0.0666667
65 0.7625 0.311111 0.1875 0.0444444
67 0.74375 0.322222 0.05 0.0222222
29 0.7375 0.322222 0.0875 0.0222222
14 0.7875 0.322222 0.1375 0.0222222
7 0.775 0.322222 0.1125 0.0222222
7 0.81875 0.3 0 0.0666667
67 0.775 0.3 0.1125 0.0666667
55 0.84375 0.322222 0 0.0222222
32 0.86875 0.322222 0 0.0222222
14 0.88125 0.322222 0 0.0222222
10 0.875 0.322222 0.1625 0.0222222
10 0.90625 0.322222 0 0.0222222
64 0.91875 0.311111 0 0.0444444
65 0.94375 0.322222 0 0.0222222
67 0.9 0.322222 0.1125 0.0222222
12 0.96875 0.322222 0 0.0222222
26 0.95625 0.311111 0.075 0.0444444
13 0.040625 0.333333 0.08125 0.0444444
13 0.05625 0.333333 0.1 0.0444444
13 0.075 0.333333 0.1125 0.0444444
73 0.13125 0.355556 0.1 0.0444444
59 0.41875 0.344444 0.125 0.0666667
67 0.4875 0.344444 0.1375 0.0666667
31 0.5 0.355556 0.1375 0.0444444
1 0.6375 0.322222 0.2125 0.0666667
2 0.65 0.344444 0.2125 0.0222222
71 0.675 0.355556 0.1125 0.0444444
64 0.68125 0.4 0.1 0.133333
64 0.69375 0.388889 0.325 0.155556
67 0.7375 0.344444 0.2125 0.0666667
29 0.75 0.333333 0.0125 0.0444444
14 0.78125 0.344444 0 0.0222222
10 0.81875 0.333333 0.05 0.0444444
13 0.825 0.333333 0.0125 0.0444444
12 0.84375 0.333333 0.075 0.0444444
10 0.8625 0.333333 0.0875 0.0444444
10 0.9 0.333333 0.0125 0.0444444
24 0.965625 0.322222 0.06875 0.0666667
65 0.025 0.355556 0.0125 0.0444444
1 0.3 0.355556 0.1375 0.0888889
59 0.35 0.333333 0.0875 0.0888889
65 0.4125 0.355556 0.1375 0.0444444
8 0.525 0.377778 0.1875 0.0444444
8 0.49375 0.377778 0.1 0.0444444
2 0.56875 0.377778 0.1 0.0444444
1 0.6375 0.366667 0.2125 0.0222222
48 0.65 0.355556 0.2125 0.0444444
21 0.63125 0.366667 0.375 0.0222222
11 0.7 0.366667 0.2625 0.0222222
8 0.6375 0.366667 0.1125 0.0222222
11 0.59375 0.366667 0.2 0.0222222
12 0.6125 0.366667 0.2125 0.0222222
6 0.71875 0.366667 0.025 0.0222222
0 0.7875 0.366667 0.1375 0.0666667
55 0.725 0.344444 0.2125 0.0666667
39 0.74375 0.366667 0 0.0222222
65 0.7 0.355556 0.1125 0.0444444
65 0.76875 0.366667 0 0.0222222
39 0.78125 0.355556 0 0.0444444
15 0.79375 0.355556 0 0.0444444
10 0.80625 0.355556 0 0.0444444
15 0.825 0.355556 0.0125 0.0444444
24 0.8875 0.355556 0.0875 0.0444444
17 0.965625 0.333333 0.06875 0.0888889
2 0.3375 0.366667 0.0375 0.0666667
60 0.43125 0.4 0.125 0.0444444
1 0.49375 0.4 0.1 0.0444444
36 0.6375 0.4 0.2125 0.0444444
48 0.65 0.377778 0.2125 0.0888889
7 0.65625 0.366667 0.2 0.0666667
0 0.66875 0.377778 0.2 0.0444444
7 0.6625 0.377778 0.0125 0.0444444
12 0.66875 0.377778 0 0.0444444
12 0.6875 0.377778 0.0125 0.0444444
13 0.7 0.377778 0.0125 0.0444444
10 0.7125 0.377778 0.0125 0.0444444
