12 0.015625 0 0.03125 0
8 0.09375 0.0111111 0.05 0.0222222
8 0.125 0.0111111 0.0875 0.0222222
7 0.1375 0.0111111 0.0875 0.0222222
8 0.14375 0.0111111 0.1 0.0222222
11 0.18125 0.0111111 0.15 0.0222222
23 0.16875 0.0111111 0.1 0.0222222
33 0.18125 0.0111111 0.075 0.0222222
6 0.29375 0.0111111 0.125 0.0222222
6 0.3125 0.0222222 0.1125 0.0444444
11 0.475 0.0111111 0.1625 0.0222222
11 0.4875 0 0.0625 0
11 0.5 0 0.0625 0
5 0.50625 0.0111111 0.075 0.0222222
6 0.5125 0.0111111 0.0875 0.0222222
1 0.5375 0.0111111 0.1375 0.0222222
4 0.5125 0.0111111 0.0875 0.0222222
4 0.575 0.0111111 0.1125 0.0222222
9 0.95625 0 0.025 0
12 0.96875 0 0 0
65 0.971875 0.0222222 0.05625 0.0444444
9 0.015625 0.0222222 0.03125 0.0444444
11 0.15625 0.0222222 0.1 0.0444444
6 0.18125 0.0111111 0.075 0.0222222
6 0.2 0.0111111 0.0875 0.0222222
11 0.225 0.0111111 0.0625 0.0222222
6 0.2375 0.0111111 0.0875 0.0222222
11 0.25 0.0111111 0.0875 0.0222222
6 0.3 0.0111111 0.0875 0.0222222
11 0.4125 0.0333333 0.1125 0.0666667
6 0.525 0.0222222 0.0625 0.0444444
1 0.55625 0.0222222 0.1 0.0444444
1 0.5375 0.0111111 0.0625 0.0222222
4 0.56875 0.0333333 0.1 0.0666667
67 0.053125 0.0222222 0.10625 0.0444444
12 0.025 0.0222222 0.0125 0.0444444
25 0.4875 0.0444444 0.1625 0.0888889
12 0.85625 0.0222222 0 0.0444444
12 0.86875 0.0222222 0 0.0444444
11 0.971875 0.0555556 0.05625 0.0666667
25 0.10625 0.0444444 0.125 0.0888889
6 0.43125 0.0444444 0.05 0.0444444
66 0.98125 0.0444444 0 0.0444444
29 0.971875 0.0666667 0.05625 0.0444444
21 0.44375 0.0777778 0.025 0.0666667
26 0.69375 0.0666667 0 0.0444444
26 0.70625 0.0666667 0 0.0444444
65 0.71875 0.0666667 0 0.0444444
55 0.73125 0.0666667 0 0.0444444
55 0.74375 0.0666667 0 0.0444444
66 0.75625 0.0666667 0 0.0444444
66 0.98125 0.0666667 0 0.0444444
9 0.95 0.0777778 0.0125 0.0666667
9 0.95625 0.0888889 0 0.0444444
66 0.98125 0.0888889 0 0.0444444
9 0.028125 0.0888889 0.05625 0.177778
11 0.55625 0.0888889 0.125 0.177778
6 0.5625 0.0888889 0.1375 0.177778
3 0.5625 0.0777778 0.0625 0.155556
11 0.5625 0.144444 0.0375 0.0222222
11 0.6 0.0777778 0.0875 0.155556
10 0.61875 0.122222 0.025 0.0666667
10 0.63125 0.122222 0.025 0.0666667
10 0.64375 0.122222 0.025 0.0666667
10 0.65625 0.122222 0.025 0.0666667
11 0.675 0.122222 0.0625 0.0666667
26 0.5375 0.177778 0.0875 0.0444444
11 0.053125 0.122222 0.10625 0.2
11 0.54375 0.177778 0.05 0.0444444
8 0.025 0.2 0.0375 0.0888889
21 0.55 0.2 0.0625 0.0888889
25 0.55625 0.2 0.05 0.0888889
25 0.55625 0.188889 0.075 0.0666667
3 0.6875 0.211111 0.0125 0.0222222
9 0.70625 0.211111 0.025 0.0666667
9 0.71875 0.211111 0.025 0.0666667
9 0.73125 0.211111 0.025 0.0666667
11 0.76875 0.211111 0.025 0.0666667
11 0.775 0.211111 0.0125 0.0666667
11 0.7875 0.211111 0.0125 0.0666667
11 0.8 0.211111 0.0125 0.0666667
11 0.81875 0.211111 0.025 0.0666667
11 0.83125 0.211111 0.025 0.0666667
11 0.86875 0.211111 0 0.0222222
11 0.88125 0.211111 0 0.0222222
11 0.9 0.211111 0.0125 0.0222222
12 0.90625 0.211111 0 0.0222222
12 0.91875 0.2 0 0.0444444
12 0.93125 0.2 0 0.0444444
11 0.94375 0.2 0.025 0.0444444
11 0.95625 0.188889 0.05 0.0666667
4 0.053125 0.211111 0.10625 0.0666667
4 0.021875 0.222222 0.04375 0.0888889
8 0.021875 0.233333 0.04375 0.0666667
21 0.5625 0.222222 0.1125 0.0444444
11 0.55625 0.211111 0.025 0.0666667
4 0.053125 0.244444 0.10625 0.0444444
8 0.028125 0.244444 0.05625 0.0444444
10 0.5 0.255556 0.0375 0.0222222
11 0.575 0.222222 0.0625 0.0888889
4 0.059375 0.266667 0.11875 0.0888889
8 0.028125 0.266667 0.05625 0.0888889
11 0.575 0.266667 0.0625 0.0888889
8 0.053125 0.288889 0.10625 0.0888889
8 0.03125 0.3 0.05 0.0666667
8 0.36875 0.266667 0.025 0.0888889
8 0.39375 0.277778 0.075 0.0666667
8 0.275 0.311111 0.0875 0.0444444
8 0.375 0.322222 0.0375 0.0222222
8 0.39375 0.322222 0.05 0.0222222
11 0.63125 0.333333 0.05 0.0444444
8 0.6875 0.322222 0.0625 0.0222222
8 0.725 0.322222 0.1375 0.0222222
25 0.74375 0.322222 0.125 0.0222222
21 0.3125 0.322222 0.0375 0.0222222
8 0.36875 0.322222 0.025 0.0222222
21 0.5375 0.344444 0.0375 0.111111
11 0.64375 0.333333 0.025 0.0444444
21 0.69375 0.333333 0.05 0.0444444
25 0.7375 0.333333 0.1375 0.0444444
6 0.7375 0.333333 0.1625 0.0444444
25 0.75625 0.344444 0.175 0.0666667
19 0.53125 0.344444 0.05 0.111111
2 0.63125 0.355556 0.05 0.0888889
21 0.6375 0.355556 0.0375 0.0888889
21 0.70625 0.355556 0.125 0.0888889
23 0.7 0.366667 0.1375 0.0666667
23 0.71875 0.377778 0.15 0.0444444
11 0.7375 0.377778 0.1625 0.0444444
23 0.7625 0.377778 0.1625 0.0444444
12 0.53125 0.388889 0.125 0.155556
12 0.53125 0.377778 0.05 0.133333
19 0.5625 0.4 0.0875 0.0444444
19 0.55625 0.411111 0.075 0.0666667
25 0.59375 0.411111 0.1 0.0666667
25 0.59375 0.377778 0.075 0.133333
21 0.60625 0.388889 0.05 0.0666667
21 0.625 0.388889 0.0625 0.0666667
21 0.69375 0.388889 0.175 0.0666667
25 0.69375 0.377778 0.15 0.0444444
11 0.675 0.377778 0.0625 0.0444444
8 0.68125 0.377778 0.05 0.0444444
8 0.74375 0.377778 0.15 0.0444444
9 0.0375 0.411111 0.0625 0.0666667
11 0.5125 0.411111 0.1125 0.111111
19 0.5625 0.4 0.0875 0.0888889
7 0.58125 0.411111 0.05 0.0666667
7 0.58125 0.422222 0.05 0.0444444
25 0.64375 0.433333 0.075 0.0666667
25 0.69375 0.422222 0.175 0.0444444
19 0.028125 0.433333 0.05625 0.0666667
9 0.021875 0.422222 0.04375 0.0444444
11 0.475 0.422222 0.0625 0.0888889
11 0.5 0.411111 0.0625 0.111111
11 0.5125 0.4 0.0625 0.133333
10 0.5375 0.422222 0.0875 0.177778
21 0.5625 0.433333 0.0875 0.111111
21 0.56875 0.422222 0.075 0.0888889
20 0.575 0.422222 0.0625 0.0888889
2 0.58125 0.433333 0.05 0.0666667
6 0.59375 0.433333 0.025 0.0222222
8 0.675 0.422222 0.0625 0.0444444
11 0.021875 0.444444 0.04375 0.0444444
0 0.48125 0.422222 0.05 0.0888889
11 0.5125 0.422222 0.0625 0.0888889
3 0.525 0.444444 0.0625 0.133333
25 0.6 0.455556 0.0625 0.0666667
8 0.021875 0.466667 0.04375 0.0444444
25 0.2875 0.444444 0.0625 0.0444444
14 0.475 0.444444 0.0375 0.0888889
21 0.48125 0.422222 0.05 0.0888889
0 0.5125 0.455556 0.0625 0.2
19 0.053125 0.488889 0.10625 0.0444444
11 0.021875 0.488889 0.04375 0.0444444
21 0.28125 0.477778 0.05 0.0666667
21 0.29375 0.477778 0.075 0.0666667
8 0.30625 0.477778 0.05 0.0666667
8 0.31875 0.5 0.025 0.0222222
25 0.4625 0.477778 0.0875 0.0666667
21 0.4875 0.466667 0.0625 0.0888889
0 0.4875 0.444444 0.0625 0.133333
3 0.51875 0.433333 0.05 0.244444
4 0.053125 0.522222 0.10625 0.0666667
11 0.028125 0.522222 0.05625 0.0666667
11 0.55625 0.488889 0.075 0.133333
19 0.059375 0.533333 0.11875 0.0888889
8 0.034375 0.522222 0.06875 0.0666667
23 0.040625 0.533333 0.08125 0.0888889
4 0.034375 0.555556 0.06875 0.0444444
8 0.028125 0.577778 0.05625 0.0888889
8 0.021875 0.588889 0.04375 0.0666667
23 0.040625 0.6 0.08125 0.0444444
8 0.028125 0.611111 0.05625 0.0666667
4 0.053125 0.622222 0.10625 0.0888889
11 0.028125 0.633333 0.05625 0.0666667
21 0.49375 0.6 0.05 0.0888889
21 0.49375 0.6 0.05 0.0444444
21 0.51875 0.6 0.025 0.0444444
4 0.053125 0.644444 0.10625 0.0888889
11 0.028125 0.644444 0.05625 0.0444444
21 0.48125 0.566667 0.05 0.2
2 0.5125 0.622222 0.0375 0.0888889
20 0.5125 0.622222 0.0375 0.133333
4 0.028125 0.677778 0.05625 0.0666667
11 0.028125 0.677778 0.05625 0.0666667
21 0.55625 0.666667 0.075 0.0888889
19 0.028125 0.688889 0.05625 0.0444444
11 0.015625 0.688889 0.03125 0.0444444
11 0.015625 0.711111 0.03125 0.0444444
25 0.8125 0.7 0.0875 0.0666667
19 0.81875 0.711111 0.075 0.0444444
11 0.015625 0.733333 0.03125 0.0444444
12 0.525 0.744444 0.0375 0.155556
21 0.55625 0.722222 0.075 0.111111
21 0.775 0.711111 0.0375 0.0888889
25 0.81875 0.722222 0.1 0.0666667
12 0.5125 0.766667 0.0375 0.0666667
11 0.51875 0.766667 0.025 0.0666667
21 0.55625 0.755556 0.075 0.0888889
21 0.5625 0.766667 0.0625 0.0666667
11 0.89375 0.744444 0.075 0.0666667
12 0.5 0.8 0.0625 0.0444444
11 0.5125 0.788889 0.0375 0.0666667
2 0.51875 0.777778 0.025 0.0888889
20 0.55625 0.777778 0.075 0.0888889
19 0.56875 0.766667 0.05 0.0666667
21 0.58125 0.766667 0.025 0.0666667
21 0.046875 0.777778 0.09375 0.0888889
11 0.021875 0.788889 0.04375 0.0666667
12 0.50625 0.8 0.05 0.0888889
9 0.5125 0.8 0.0375 0.0888889
2 0.51875 0.8 0.025 0.0888889
21 0.5375 0.777778 0.0125 0.0888889
21 0.55625 0.777778 0.05 0.0888889
21 0.575 0.777778 0.0375 0.0888889
0 0.925 0.766667 0.0625 0.111111
8 0.053125 0.833333 0.10625 0.0666667
8 0.021875 0.833333 0.04375 0.0666667
21 0.25625 0.777778 0.05 0.133333
19 0.26875 0.811111 0.025 0.0666667
11 0.5 0.8 0.0625 0.0888889
11 0.50625 0.844444 0.05 0.177778
21 0.51875 0.788889 0.05 0.111111
21 0.59375 0.822222 0.125 0.0888889
14 0.575 0.822222 0.0375 0.0888889
8 0.021875 0.844444 0.04375 0.0444444
19 0.25625 0.833333 0.05 0.0666667
19 0.2625 0.822222 0.0375 0.0888889
10 0.50625 0.811111 0.125 0.111111
11 0.49375 0.833333 0.075 0.155556
0 0.5 0.855556 0.0625 0.2
21 0.51875 0.811111 0.05 0.111111
21 0.5625 0.833333 0.0375 0.0666667
8 0.8875 0.833333 0.1375 0.0666667
8 0.925 0.833333 0.0625 0.0666667
11 0.015625 0.855556 0.03125 0.0666667
19 0.24375 0.855556 0.05 0.0666667
21 0.50625 0.855556 0.1 0.111111
0 0.49375 0.844444 0.075 0.133333
0 0.49375 0.844444 0.05 0.133333
21 0.5875 0.833333 0.1625 0.111111
21 0.5875 0.855556 0.1125 0.111111
21 0.56875 0.866667 0.025 0.0888889
21 0.93125 0.844444 0.05 0.0888889
8 0.021875 0.9 0.04375 0.0666667
8 0.015625 0.888889 0.03125 0.0444444
25 0.43125 0.877778 0.1 0.111111
0 0.53125 0.877778 0.1 0.0666667
11 0.53125 0.855556 0.125 0.111111
21 0.51875 0.844444 0.05 0.177778
25 0.55625 0.877778 0.05 0.0666667
11 0.56875 0.877778 0.025 0.0666667
12 0.934375 0.877778 0.13125 0.111111
4 0.021875 0.922222 0.04375 0.0666667
8 0.015625 0.911111 0.03125 0.0444444
11 0.5 0.9 0.1125 0.0666667
0 0.49375 0.9 0.05 0.0666667
0 0.525 0.9 0.1125 0.0666667
0 0.5125 0.911111 0.0375 0.0888889
0 0.5125 0.866667 0.0375 0.177778
19 0.525 0.844444 0.0375 0.177778
21 0.575 0.855556 0.1375 0.2
8 0.55625 0.911111 0.05 0.0888889
8 0.56875 0.9 0.025 0.0666667
11 0.85625 0.9 0.075 0.0666667
10 0.934375 0.933333 0.13125 0.0444444
6 0.053125 0.922222 0.10625 0.0666667
9 0.021875 0.922222 0.04375 0.0666667
10 0.1875 0.933333 0.0375 0.0444444
19 0.25625 0.922222 0.05 0.0666667
11 0.475 0.9 0.0625 0.0666667
0 0.5 0.922222 0.0875 0.0666667
8 0.525 0.922222 0.0375 0.0666667
25 0.5375 0.922222 0.0625 0.111111
8 0.55625 0.944444 0.05 0.0666667
8 0.5625 0.955556 0.0625 0.0444444
10 0.925 0.933333 0.0625 0.0444444
9 0.021875 0.955556 0.04375 0.0444444
6 0.2 0.944444 0.1125 0.0666667
6 0.19375 0.944444 0.025 0.0666667
