8 0.034375 0 0.06875 0
8 0.040625 0.0111111 0.08125 0.0222222
6 0.046875 0.0111111 0.09375 0.0222222
2 0.13125 0.0111111 0.15 0.0222222
2 0.125 0.0111111 0.1375 0.0222222
4 0.1375 0.0111111 0.1375 0.0222222
4 0.16875 0.0111111 0.175 0.0222222
5 0.175 0.0111111 0.1875 0.0222222
6 0.20625 0.0111111 0.15 0.0222222
5 0.21875 0.0111111 0.15 0.0222222
6 0.2375 0.0111111 0.1875 0.0222222
6 0.275 0.0111111 0.1875 0.0222222
5 0.3125 0.0111111 0.1875 0.0222222
2 0.3375 0.0111111 0.1875 0.0222222
5 0.35 0.0111111 0.1875 0.0222222
6 0.40625 0.0111111 0.15 0.0222222
5 0.43125 0.0111111 0.15 0.0222222
6 0.44375 0.0111111 0.15 0.0222222
4 0.44375 0.0111111 0.175 0.0222222
6 0.48125 0.0111111 0.175 0.0222222
6 0.525 0.0111111 0.1875 0.0222222
6 0.6125 0.0111111 0.1875 0.0222222
6 0.65 0.0111111 0.1875 0.0222222
6 0.6875 0.0111111 0.1875 0.0222222
5 0.7 0.0111111 0.1875 0.0222222
4 0.725 0.0111111 0.1625 0.0222222
2 0.73125 0.0111111 0.175 0.0222222
4 0.7625 0.0111111 0.1875 0.0222222
4 0.8 0.0111111 0.1875 0.0222222
4 0.8375 0.0111111 0.1875 0.0222222
4 0.875 0.0111111 0.1875 0.0222222
4 0.9 0.0111111 0.1875 0.0222222
2 0.909375 0.0111111 0.18125 0.0222222
2 0.928125 0.0111111 0.14375 0.0222222
4 0.946875 0.0111111 0.10625 0.0222222
6 0.953125 0.0111111 0.09375 0.0222222
8 0.953125 0.0111111 0.09375 0.0222222
8 0.953125 0.0111111 0.09375 0.0222222
8 0.028125 0.0222222 0.05625 0.0444444
5 0.040625 0.0222222 0.08125 0.0444444
4 0.046875 0.0222222 0.09375 0.0444444
2 0.09375 0.0222222 0.075 0.0444444
2 0.1 0.0111111 0.0875 0.0222222
2 0.1125 0.0222222 0.0875 0.0444444
2 0.13125 0.0111111 0.075 0.0222222
6 0.15625 0.0222222 0.075 0.0444444
6 0.19375 0.0111111 0.075 0.0222222
6 0.23125 0.0222222 0.075 0.0444444
6 0.25625 0.0222222 0.075 0.0444444
6 0.28125 0.0111111 0.075 0.0222222
6 0.29375 0.0222222 0.075 0.0444444
2 0.31875 0.0222222 0.075 0.0444444
2 0.34375 0.0222222 0.075 0.0444444
6 0.35625 0.0222222 0.075 0.0444444
6 0.36875 0.0111111 0.075 0.0222222
6 0.3875 0.0111111 0.0625 0.0222222
6 0.39375 0.0222222 0.075 0.0444444
6 0.41875 0.0222222 0.075 0.0444444
6 0.4625 0.0222222 0.1375 0.0444444
6 0.4875 0.0222222 0.1375 0.0444444
6 0.525 0.0222222 0.0875 0.0444444
6 0.68125 0.0222222 0.125 0.0444444
6 0.66875 0.0222222 0.075 0.0444444
5 0.69375 0.0222222 0.075 0.0444444
6 0.71875 0.0111111 0.075 0.0222222
2 0.73125 0.0222222 0.075 0.0444444
2 0.76875 0.0222222 0.125 0.0444444
6 0.80625 0.0111111 0.075 0.0222222
6 0.85 0.0111111 0.0625 0.0222222
6 0.8875 0.0111111 0.1125 0.0222222
6 0.028125 0.0222222 0.05625 0.0444444
8 0.028125 0.0222222 0.05625 0.0444444
6 0.10625 0.0333333 0.2 0.0666667
5 0.125 0.0222222 0.1375 0.0444444
6 0.1125 0.0222222 0.0875 0.0444444
22 0.11875 0.0222222 0.1 0.0444444
6 0.29375 0.0333333 0.175 0.0666667
6 0.29375 0.0222222 0.125 0.0444444
6 0.30625 0.0222222 0.125 0.0444444
6 0.34375 0.0222222 0.175 0.0444444
6 0.35625 0.0333333 0.175 0.0666667
6 0.43125 0.0333333 0.175 0.0666667
6 0.5 0.0333333 0.1375 0.0666667
6 0.525 0.0333333 0.1375 0.0666667
6 0.65 0.0333333 0.1375 0.0666667
5 0.6625 0.0333333 0.1375 0.0666667
6 0.725 0.0333333 0.1625 0.0666667
4 0.7375 0.0333333 0.1875 0.0666667
6 0.7625 0.0222222 0.1875 0.0444444
6 0.8 0.0222222 0.1375 0.0444444
6 0.81875 0.0333333 0.125 0.0222222
6 0.028125 0.0666667 0.05625 0.0444444
2 0.028125 0.0555556 0.05625 0.0222222
8 0.06875 0.0666667 0.125 0.0444444
8 0.10625 0.0555556 0.2 0.0222222
6 0.71875 0.0555556 0.125 0.0222222
4 0.75625 0.0444444 0.075 0.0444444
2 0.028125 0.0888889 0.05625 0.0444444
2 0.028125 0.0777778 0.05625 0.0666667
11 0.021875 0.0666667 0.04375 0.0444444
2 0.028125 0.1 0.05625 0.0666667
8 0.021875 0.0888889 0.04375 0.0444444
4 0.053125 0.111111 0.10625 0.0888889
2 0.021875 0.111111 0.04375 0.0444444
2 0.046875 0.111111 0.09375 0.0444444
8 0.225 0.1 0.1125 0.0666667
8 0.015625 0.133333 0.03125 0.0444444
21 0.021875 0.144444 0.04375 0.0666667
8 0.021875 0.155556 0.04375 0.0444444
8 0.021875 0.188889 0.04375 0.0222222
11 0.021875 0.211111 0.04375 0.0666667
8 0.021875 0.2 0.04375 0.0444444
8 0.021875 0.211111 0.04375 0.0666667
8 0.021875 0.233333 0.04375 0.0666667
8 0.021875 0.255556 0.04375 0.0666667
8 0.015625 0.266667 0.03125 0.0444444
8 0.021875 0.3 0.04375 0.0666667
8 0.015625 0.3 0.03125 0.0222222
8 0.015625 0.3 0.03125 0.0666667
8 0.015625 0.311111 0.03125 0.0444444
44 0.4625 0.3 0.1125 0.0666667
8 0.021875 0.333333 0.04375 0.0444444
5 0.015625 0.344444 0.03125 0.0222222
8 0.046875 0.333333 0.09375 0.0888889
8 0.021875 0.355556 0.04375 0.0444444
8 0.021875 0.366667 0.04375 0.0666667
11 0.015625 0.366667 0.03125 0.0666667
11 0.028125 0.422222 0.05625 0.0888889
11 0.034375 0.444444 0.06875 0.0888889
8 0.034375 0.477778 0.06875 0.0666667
8 0.021875 0.5 0.04375 0.0666667
8 0.021875 0.522222 0.04375 0.0666667
8 0.1375 0.522222 0.1625 0.0666667
8 0.021875 0.555556 0.04375 0.0444444
8 0.021875 0.544444 0.04375 0.0666667
2 0.028125 0.566667 0.05625 0.0666667
4 0.021875 0.577778 0.04375 0.0888889
8 0.040625 0.577778 0.08125 0.0888889
6 0.028125 0.588889 0.05625 0.0666667
11 0.028125 0.6 0.05625 0.0888889
8 0.034375 0.588889 0.06875 0.111111
8 0.040625 0.644444 0.08125 0.0888889
8 0.059375 0.655556 0.11875 0.0666667
4 0.034375 0.666667 0.06875 0.0888889
8 0.05625 0.666667 0.05 0.0444444
8 0.075 0.677778 0.0875 0.0666667
44 0.5625 0.688889 0.1125 0.0444444
8 0.059375 0.688889 0.11875 0.0888889
8 0.034375 0.688889 0.06875 0.0888889
4 0.040625 0.688889 0.08125 0.0888889
4 0.05625 0.688889 0.075 0.0888889
6 0.05625 0.688889 0.075 0.0888889
25 0.60625 0.677778 0.1 0.0666667
6 0.05 0.711111 0.0625 0.0888889
25 0.5875 0.7 0.0625 0.0666667
8 0.034375 0.744444 0.06875 0.0666667
60 0.575 0.733333 0.0875 0.0444444
4 0.040625 0.755556 0.08125 0.0888889
25 0.3625 0.744444 0.1125 0.0666667
60 0.38125 0.744444 0.075 0.0666667
8 0.040625 0.777778 0.08125 0.0888889
8 0.0375 0.788889 0.0375 0.0666667
2 0.08125 0.8 0.025 0.0444444
19 0.075 0.8 0.0625 0.0444444
25 0.09375 0.8 0.075 0.0444444
21 0.1 0.8 0.0875 0.0444444
25 0.1375 0.8 0.0625 0.0444444
60 0.25 0.8 0.0875 0.0444444
60 0.29375 0.788889 0.075 0.0666667
60 0.31875 0.788889 0.075 0.0666667
60 0.34375 0.8 0.075 0.0444444
44 0.50625 0.811111 0.1 0.0222222
60 0.56875 0.788889 0.1 0.0666667
4 0.028125 0.8 0.05625 0.0888889
8 0.040625 0.8 0.08125 0.0888889
2 0.040625 0.822222 0.08125 0.0444444
2 0.0375 0.822222 0.0625 0.0444444
19 0.04375 0.811111 0.075 0.0666667
2 0.075 0.811111 0.0375 0.0666667
19 0.1 0.811111 0.0125 0.0666667
25 0.0875 0.811111 0.0625 0.0666667
21 0.10625 0.811111 0.075 0.0666667
21 0.125 0.822222 0.0625 0.0444444
8 0.034375 0.833333 0.06875 0.0666667
4 0.034375 0.822222 0.06875 0.0888889
6 0.05 0.833333 0.0625 0.0666667
10 0.04375 0.833333 0.075 0.0666667
2 0.0375 0.833333 0.0375 0.0666667
19 0.04375 0.833333 0.075 0.0666667
8 0.08125 0.833333 0.05 0.0666667
29 0.053125 0.877778 0.10625 0.0666667
8 0.059375 0.877778 0.11875 0.0222222
11 0.0375 0.877778 0.0375 0.0222222
9 0.0375 0.866667 0.0375 0.0444444
2 0.0625 0.888889 0.1125 0.0444444
4 0.03125 0.888889 0.05 0.0444444
2 0.0625 0.933333 0.1125 0.0444444
2 0.03125 0.922222 0.025 0.0222222
7 0.04375 0.922222 0.075 0.0222222
19 0.05625 0.9 0.1 0.111111
2 0.028125 0.933333 0.05625 0.0444444
2 0.0375 0.933333 0.0375 0.0444444
2 0.0625 0.922222 0.0875 0.0666667
6 0.021875 0.944444 0.04375 0.0666667
2 0.0375 0.955556 0.0625 0.0888889
2 0.04375 0.944444 0.05 0.0666667
6 0.05625 0.944444 0.075 0.0666667
4 0.0625 0.955556 0.0875 0.0888889
4 0.075 0.944444 0.0875 0.0666667
4 0.9625 0.944444 0.0625 0.0666667
50 0.025 0.966667 0.0375 0.0666667
47 0.04375 0.966667 0.025 0.0666667
2 0.034375 0.988889 0.06875 0.0222222
6 0.959375 0.966667 0.08125 0.0666667
53 0.11875 0.0388889 0.2375 0.0777778
78 0.14375 0.0388889 0.2875 0.0777778
34 0.2375 0.0388889 0.2 0.0777778
34 0.3625 0.0388889 0.55 0.0777778
0 0.2375 0.0388889 0.25 0.0777778
34 0.275 0.0166667 0.275 0.0333333
34 0.375 0.0166667 0.425 0.0333333
35 0.5625 0.0388889 0.45 0.0777778
67 0.6625 0.0388889 0.45 0.0777778
35 0.225 0.0611111 0.175 0.122222
52 0.45 0.0388889 0.325 0.0777778
35 0.6 0.0388889 0.425 0.0777778
35 0.4875 0.0388889 0.15 0.0777778
51 0.5 0.0388889 0.125 0.0777778
51 0.7 0.0388889 0.475 0.0777778
6 0.75 0.0388889 0.425 0.0777778
34 0.7125 0.0611111 0.35 0.122222
34 0.7875 0.0611111 0.4 0.122222
52 0.23125 0.1 0.4625 0.133333
5 0.275 0.0777778 0.425 0.0888889
29 0.1 0.0777778 0.125 0.0888889
51 0.1375 0.0777778 0.15 0.0888889
67 0.2125 0.122222 0.25 0.177778
54 0.2375 0.122222 0.25 0.177778
51 0.4625 0.144444 0.55 0.222222
52 0.4875 0.122222 0.35 0.177778
29 0.75 0.0777778 0.125 0.0888889
4 0.83125 0.1 0.3375 0.133333
5 0.83125 0.1 0.3375 0.133333
51 0.81875 0.1 0.3625 0.133333
52 0.85 0.1 0.175 0.133333
29 0.8625 0.1 0.15 0.133333
5 0.8875 0.105556 0.2 0.211111
0 0.90625 0.105556 0.1875 0.211111
52 0.15625 0.305556 0.3125 0.611111
51 0.21875 0.411111 0.4375 0.755556
34 0.23125 0.122222 0.4625 0.177778
29 0.25 0.277778 0.475 0.4
51 0.15 0.277778 0.175 0.4
52 0.2125 0.277778 0.25 0.4
53 0.25 0.122222 0.375 0.177778
9 0.3875 0.122222 0.5 0.177778
52 0.4625 0.166667 0.55 0.177778
52 0.5375 0.188889 0.45 0.133333
51 0.3875 0.144444 0.15 0.133333
52 0.3875 0.144444 0.15 0.133333
52 0.55 0.144444 0.275 0.133333
51 0.575 0.144444 0.425 0.133333
51 0.6625 0.144444 0.55 0.133333
29 0.76875 0.166667 0.4625 0.177778
29 0.65 0.166667 0.175 0.177778
51 0.79375 0.144444 0.4125 0.133333
51 0.675 0.166667 0.175 0.177778
5 0.7375 0.166667 0.35 0.177778
5 0.825 0.144444 0.275 0.133333
34 0.84375 0.144444 0.3125 0.133333
5 0.8625 0.1 0.2 0.133333
5 0.8625 0.122222 0.15 0.177778
34 0.8375 0.122222 0.2 0.0888889
0 0.19375 0.322222 0.3875 0.4
52 0.20625 0.3 0.4125 0.355556
51 0.23125 0.344444 0.4625 0.444444
51 0.08125 0.322222 0.1625 0.4
51 0.2125 0.3 0.25 0.444444
52 0.325 0.211111 0.125 0.177778
29 0.3875 0.211111 0.15 0.177778
5 0.3875 0.211111 0.15 0.177778
52 0.425 0.166667 0.125 0.177778
34 0.4875 0.166667 0.2 0.177778
51 0.5 0.144444 0.175 0.222222
35 0.4875 0.188889 0.25 0.133333
52 0.5 0.188889 0.225 0.133333
51 0.5625 0.188889 0.15 0.133333
29 0.75 0.188889 0.475 0.133333
29 0.5875 0.188889 0.1 0.133333
29 0.675 0.211111 0.175 0.0888889
9 0.675 0.211111 0.125 0.0888889
51 0.675 0.211111 0.125 0.0888889
34 0.7375 0.188889 0.15 0.133333
5 0.75 0.188889 0.125 0.133333
5 0.88125 0.188889 0.2375 0.133333
5 0.8375 0.211111 0.15 0.177778
34 0.8375 0.211111 0.15 0.177778
34 0.8875 0.188889 0.1 0.133333
51 0.925 0.188889 0.125 0.133333
0 0.03125 0.3 0.0625 0.533333
