29 0.034375 0 0.06875 0
64 0.040625 0.0111111 0.08125 0.0222222
6 0.046875 0.0444444 0.09375 0.0888889
4 0.053125 0.0444444 0.10625 0.0888889
3 0.065625 0.0333333 0.13125 0.0666667
3 0.071875 0.0111111 0.14375 0.0222222
4 0.078125 0.0111111 0.15625 0.0222222
2 0.090625 0.0111111 0.18125 0.0222222
2 0.125 0.0111111 0.1375 0.0222222
3 0.1375 0.0111111 0.1375 0.0222222
2 0.11875 0.0111111 0.2 0.0222222
1 0.13125 0.0111111 0.2 0.0222222
1 0.14375 0.0111111 0.2 0.0222222
2 0.15625 0.0111111 0.2 0.0222222
3 0.16875 0.0111111 0.2 0.0222222
3 0.2375 0.0111111 0.2625 0.0222222
3 0.23125 0.0333333 0.2 0.0666667
2 0.25625 0.0444444 0.2 0.0888889
2 0.29375 0.0444444 0.2 0.0888889
2 0.33125 0.0444444 0.2 0.0888889
1 0.35625 0.0444444 0.2 0.0888889
1 0.39375 0.0444444 0.2 0.0888889
2 0.41875 0.0444444 0.2 0.0888889
3 0.43125 0.0333333 0.2 0.0666667
2 0.44375 0.0333333 0.2 0.0666667
3 0.46875 0.0333333 0.2 0.0666667
3 0.50625 0.0333333 0.2 0.0666667
3 0.54375 0.0333333 0.175 0.0666667
3 0.55625 0.0111111 0.2 0.0222222
3 0.625 0.0111111 0.1375 0.0222222
3 0.63125 0.0111111 0.2 0.0222222
4 0.64375 0.0333333 0.2 0.0666667
4 0.65625 0.0111111 0.2 0.0222222
4 0.69375 0.0111111 0.2 0.0222222
4 0.73125 0.0111111 0.2 0.0222222
4 0.75625 0.0111111 0.2 0.0222222
4 0.80625 0.0111111 0.175 0.0222222
5 0.81875 0.0111111 0.175 0.0222222
8 0.83125 0.0111111 0.175 0.0222222
6 0.84375 0.0111111 0.175 0.0222222
4 0.86875 0.0333333 0.175 0.0666667
4 0.875 0.0111111 0.1875 0.0222222
2 0.909375 0.0333333 0.18125 0.0666667
2 0.9125 0.0111111 0.1625 0.0222222
2 0.9375 0.0111111 0.1125 0.0222222
64 0.95 0.0111111 0.0875 0.0222222
4 0.028125 0.0222222 0.05625 0.0444444
64 0.034375 0.0555556 0.06875 0.111111
4 0.046875 0.0555556 0.09375 0.111111
2 0.053125 0.0555556 0.10625 0.111111
0 0.078125 0.0555556 0.15625 0.111111
0 0.0875 0.0222222 0.1625 0.0444444
2 0.1 0.0222222 0.1625 0.0444444
0 0.10625 0.0111111 0.175 0.0222222
2 0.1125 0.0111111 0.1375 0.0222222
2 0.1375 0.0111111 0.1375 0.0222222
0 0.15 0.0111111 0.1375 0.0222222
0 0.19375 0.0111111 0.175 0.0222222
0 0.2125 0.0222222 0.1375 0.0444444
0 0.2375 0.0222222 0.1375 0.0444444
0 0.24375 0.0444444 0.15 0.0888889
0 0.26875 0.0555556 0.15 0.111111
0 0.30625 0.0555556 0.125 0.111111
0 0.3375 0.0555556 0.1125 0.111111
2 0.36875 0.0555556 0.125 0.111111
0 0.375 0.0555556 0.1375 0.111111
0 0.40625 0.0555556 0.125 0.111111
0 0.43125 0.0555556 0.125 0.111111
0 0.45625 0.0222222 0.125 0.0444444
0 0.48125 0.0222222 0.125 0.0444444
2 0.49375 0.0222222 0.125 0.0444444
0 0.51875 0.0222222 0.125 0.0444444
2 0.5375 0.0222222 0.1375 0.0444444
0 0.55 0.0555556 0.1375 0.111111
0 0.5625 0.0222222 0.1375 0.0444444
2 0.59375 0.0222222 0.125 0.0444444
1 0.6125 0.0222222 0.1375 0.0444444
2 0.625 0.0222222 0.1375 0.0444444
3 0.6375 0.0222222 0.1375 0.0444444
3 0.6625 0.0222222 0.1375 0.0444444
3 0.6875 0.0222222 0.1375 0.0444444
4 0.7 0.0222222 0.1375 0.0444444
4 0.725 0.0222222 0.1375 0.0444444
4 0.75 0.0222222 0.1375 0.0444444
0 0.775 0.0222222 0.1375 0.0444444
0 0.8 0.0222222 0.1375 0.0444444
0 0.83125 0.0111111 0.125 0.0222222
0 0.84375 0.0222222 0.125 0.0444444
2 0.86875 0.0222222 0.125 0.0444444
2 0.91875 0.0222222 0.125 0.0444444
2 0.93125 0.0111111 0.125 0.0222222
64 0.99375 0.0111111 0 0.0222222
2 0.028125 0.0222222 0.05625 0.0444444
0 0.015625 0.0222222 0.03125 0.0444444
8 0.040625 0.0333333 0.08125 0.0666667
8 0.0625 0.0333333 0.0875 0.0666667
8 0.1 0.0333333 0.1625 0.0666667
2 0.125 0.0222222 0.1375 0.0444444
0 0.1375 0.0222222 0.1375 0.0444444
2 0.15 0.0222222 0.1375 0.0444444
2 0.19375 0.0222222 0.175 0.0444444
2 0.2125 0.0222222 0.1125 0.0444444
2 0.23125 0.0333333 0.125 0.0666667
2 0.2625 0.0333333 0.1125 0.0666667
2 0.28125 0.0333333 0.1 0.0666667
2 0.3 0.0666667 0.1125 0.133333
2 0.3 0.0333333 0.1125 0.0666667
2 0.31875 0.0333333 0.1 0.0666667
2 0.35 0.0333333 0.1125 0.0666667
2 0.35625 0.0666667 0.1 0.133333
2 0.375 0.0666667 0.1125 0.133333
2 0.4 0.0666667 0.1125 0.133333
2 0.40625 0.0333333 0.1 0.0666667
1 0.43125 0.0333333 0.1 0.0666667
2 0.45 0.0333333 0.1375 0.0666667
3 0.4625 0.0333333 0.1375 0.0666667
8 0.48125 0.0333333 0.125 0.0666667
8 0.5125 0.0333333 0.1125 0.0666667
2 0.50625 0.0333333 0.125 0.0666667
8 0.5375 0.0333333 0.1375 0.0666667
6 0.54375 0.0333333 0.125 0.0666667
6 0.575 0.0333333 0.1375 0.0666667
1 0.61875 0.0222222 0.1 0.0444444
1 0.6375 0.0333333 0.1375 0.0666667
1 0.675 0.0333333 0.1125 0.0666667
3 0.675 0.0333333 0.1375 0.0666667
6 0.7 0.0333333 0.1375 0.0666667
1 0.7125 0.0333333 0.1375 0.0666667
1 0.725 0.0222222 0.1375 0.0444444
1 0.7375 0.0333333 0.1375 0.0666667
1 0.7625 0.0222222 0.1375 0.0444444
1 0.78125 0.0333333 0.125 0.0666667
2 0.79375 0.0333333 0.125 0.0666667
8 0.80625 0.0333333 0.125 0.0666667
8 0.84375 0.0666667 0.15 0.133333
8 0.86875 0.0666667 0.1 0.133333
8 0.88125 0.0222222 0.1 0.0444444
8 0.94375 0.0333333 0.1 0.0666667
64 0.953125 0.0222222 0.09375 0.0444444
2 0.95 0.0666667 0.0875 0.133333
19 0.021875 0.0777778 0.04375 0.155556
19 0.034375 0.0333333 0.06875 0.0666667
67 0.046875 0.0777778 0.09375 0.155556
8 0.046875 0.0888889 0.09375 0.133333
2 0.0625 0.0444444 0.0875 0.0444444
8 0.06875 0.0444444 0.1 0.0444444
2 0.06875 0.0333333 0.125 0.0666667
65 0.075 0.0444444 0.1125 0.0444444
64 0.10625 0.0333333 0.175 0.0666667
19 0.11875 0.0333333 0.15 0.0666667
18 0.14375 0.0333333 0.15 0.0666667
2 0.1625 0.0333333 0.1875 0.0666667
18 0.1625 0.0555556 0.2375 0.111111
19 0.19375 0.0333333 0.125 0.0666667
2 0.2 0.0333333 0.1875 0.0666667
2 0.225 0.0333333 0.1125 0.0666667
2 0.23125 0.0777778 0.1 0.155556
2 0.24375 0.0777778 0.15 0.155556
2 0.2875 0.0777778 0.1125 0.155556
2 0.30625 0.0888889 0.125 0.133333
2 0.33125 0.0888889 0.1 0.133333
2 0.35 0.0777778 0.1375 0.155556
2 0.38125 0.0444444 0.125 0.0888889
2 0.40625 0.0333333 0.125 0.0666667
2 0.43125 0.0333333 0.125 0.0666667
2 0.4625 0.0333333 0.1375 0.0666667
2 0.475 0.0444444 0.1375 0.0444444
2 0.5125 0.0333333 0.1125 0.0666667
1 0.5125 0.0333333 0.1375 0.0666667
2 0.5375 0.0333333 0.1375 0.0666667
1 0.54375 0.0777778 0.125 0.155556
1 0.55625 0.0333333 0.125 0.0666667
1 0.59375 0.0444444 0.175 0.0888889
2 0.58125 0.0444444 0.15 0.0888889
2 0.6125 0.0333333 0.1125 0.0666667
1 0.625 0.0333333 0.1125 0.0666667
2 0.6375 0.0333333 0.1375 0.0666667
2 0.6625 0.0444444 0.1375 0.0888889
2 0.69375 0.0444444 0.125 0.0888889
2 0.7125 0.0333333 0.1375 0.0666667
2 0.74375 0.0333333 0.125 0.0666667
2 0.76875 0.0333333 0.1 0.0666667
2 0.78125 0.0444444 0.125 0.0888889
2 0.79375 0.0333333 0.1 0.0666667
2 0.81875 0.0333333 0.075 0.0666667
2 0.84375 0.0333333 0.075 0.0666667
2 0.84375 0.0444444 0.1 0.0888889
0 0.8625 0.0333333 0.0875 0.0666667
2 0.88125 0.0777778 0.1 0.155556
8 0.8875 0.0777778 0.1125 0.155556
8 0.91875 0.0333333 0.075 0.0666667
2 0.95 0.0777778 0.0875 0.155556
2 0.95 0.0333333 0.0875 0.0666667
2 0.95625 0.0444444 0.075 0.0444444
2 0.95 0.0555556 0.0875 0.0666667
2 0.021875 0.0888889 0.04375 0.177778
2 0.015625 0.1 0.03125 0.155556
2 0.046875 0.0888889 0.09375 0.177778
0 0.046875 0.0888889 0.09375 0.133333
2 0.0625 0.0555556 0.0875 0.0666667
2 0.075 0.0555556 0.1375 0.0666667
0 0.10625 0.0555556 0.175 0.0666667
2 0.125 0.0888889 0.1125 0.133333
2 0.11875 0.0777778 0.175 0.155556
0 0.125 0.0777778 0.1625 0.155556
4 0.1375 0.1 0.1625 0.155556
0 0.1625 0.1 0.1875 0.155556
14 0.1625 0.0777778 0.2125 0.155556
19 0.16875 0.0666667 0.175 0.133333
0 0.2 0.0888889 0.1875 0.133333
19 0.225 0.0777778 0.1125 0.155556
2 0.2125 0.1 0.1625 0.155556
2 0.26875 0.1 0.125 0.155556
2 0.2875 0.0888889 0.1125 0.177778
2 0.3125 0.0888889 0.1625 0.177778
2 0.34375 0.0888889 0.15 0.177778
0 0.35625 0.0888889 0.15 0.177778
2 0.375 0.1 0.1375 0.155556
2 0.40625 0.1 0.125 0.155556
2 0.43125 0.1 0.125 0.155556
2 0.46875 0.1 0.175 0.155556
2 0.4875 0.0555556 0.1625 0.0666667
0 0.4875 0.1 0.1375 0.155556
2 0.50625 0.1 0.15 0.155556
2 0.53125 0.0888889 0.175 0.177778
2 0.55 0.1 0.1375 0.155556
2 0.59375 0.1 0.175 0.155556
2 0.61875 0.1 0.1 0.155556
2 0.64375 0.1 0.175 0.155556
2 0.6875 0.1 0.1625 0.155556
2 0.7125 0.0888889 0.1625 0.177778
2 0.74375 0.1 0.15 0.155556
2 0.75625 0.1 0.1 0.155556
2 0.775 0.1 0.1125 0.155556
2 0.79375 0.1 0.1 0.155556
2 0.8125 0.0888889 0.0875 0.133333
2 0.84375 0.0555556 0.075 0.0666667
2 0.84375 0.0777778 0.1 0.111111
0 0.8625 0.0777778 0.0875 0.111111
2 0.86875 0.0666667 0.1 0.0888889
2 0.89375 0.0888889 0.075 0.133333
2 0.9125 0.0777778 0.0875 0.111111
8 0.93125 0.0666667 0.1 0.0888889
8 0.93125 0.0888889 0.125 0.133333
4 0.93125 0.0777778 0.125 0.111111
4 0.94375 0.0666667 0.1 0.0888889
0 0.96875 0.0555556 0.05 0.0666667
2 0.96875 0.0555556 0.05 0.0666667
4 0.021875 0.1 0.04375 0.0666667
4 0.01875 0.0888889 0.025 0.0444444
4 0.046875 0.0888889 0.09375 0.0888889
0 0.05625 0.0888889 0.075 0.0888889
2 0.0625 0.0777778 0.0875 0.0666667
2 0.05625 0.0888889 0.1 0.0888889
4 0.08125 0.0888889 0.125 0.0888889
0 0.09375 0.0888889 0.1 0.0888889
0 0.11875 0.0777778 0.1 0.111111
0 0.13125 0.0888889 0.125 0.0888889
10 0.11875 0.1 0.1 0.111111
10 0.1875 0.0888889 0.1125 0.133333
12 0.2 0.0777778 0.1125 0.155556
10 0.21875 0.1 0.125 0.111111
14 0.225 0.0666667 0.1125 0.133333
2 0.2375 0.0888889 0.1125 0.0888889
2 0.26875 0.122222 0.15 0.155556
2 0.29375 0.122222 0.1 0.155556
2 0.3125 0.111111 0.1125 0.133333
0 0.325 0.111111 0.1125 0.133333
0 0.35 0.122222 0.1125 0.155556
0 0.38125 0.122222 0.1 0.155556
0 0.3875 0.1 0.0875 0.155556
0 0.4 0.111111 0.0875 0.133333
0 0.43125 0.111111 0.075 0.133333
0 0.43125 0.1 0.1 0.155556
0 0.45625 0.111111 0.075 0.133333
0 0.46875 0.0888889 0.075 0.0888889
2 0.48125 0.1 0.1 0.111111
0 0.5 0.1 0.0875 0.111111
0 0.51875 0.111111 0.075 0.133333
0 0.53125 0.1 0.1 0.155556
0 0.55 0.111111 0.1125 0.177778
2 0.55625 0.111111 0.1 0.177778
0 0.58125 0.111111 0.075 0.133333
2 0.59375 0.0888889 0.075 0.0888889
0 0.61875 0.0888889 0.075 0.0888889
0 0.625 0.1 0.1125 0.155556
0 0.65625 0.111111 0.075 0.177778
2 0.6625 0.1 0.0875 0.155556
2 0.69375 0.1 0.075 0.155556
2 0.71875 0.111111 0.1 0.133333
2 0.73125 0.0888889 0.1 0.0888889
2 0.75 0.0777778 0.0875 0.111111
2 0.8 0.122222 0.0875 0.155556
0 0.8125 0.0888889 0.0875 0.0888889
2 0.8375 0.0888889 0.0875 0.0888889
2 0.86875 0.0888889 0.1 0.0888889
0 0.8875 0.0888889 0.0625 0.0888889
0 0.90625 0.0888889 0.1 0.0888889
2 0.9125 0.0888889 0.1125 0.0888889
2 0.925 0.0777778 0.1375 0.111111
