49 0.028125 0.0222222 0.05625 0.0444444
55 0.025 0.0222222 0.0125 0.0444444
29 0.13125 0.0111111 0.175 0.0222222
25 0.35 0.0444444 0.1625 0.0888889
25 0.3625 0.0222222 0.1875 0.0444444
43 0.50625 0.0222222 0.175 0.0444444
29 0.525 0.0111111 0.1625 0.0222222
34 0.5375 0.0111111 0.1625 0.0222222
6 0.54375 0.0111111 0.15 0.0222222
6 0.575 0.0111111 0.1625 0.0222222
43 0.60625 0.0111111 0.175 0.0222222
42 0.6125 0.0222222 0.1875 0.0444444
29 0.64375 0.0222222 0.175 0.0444444
4 0.65625 0.0222222 0.175 0.0444444
29 0.028125 0.0222222 0.05625 0.0444444
50 0.028125 0.0222222 0.05625 0.0444444
60 0.0875 0.0333333 0.1375 0.0666667
25 0.16875 0.0333333 0.125 0.0666667
29 0.15625 0.0222222 0.125 0.0444444
29 0.15625 0.0222222 0.075 0.0444444
60 0.1625 0.0222222 0.0875 0.0444444
11 0.2625 0.0666667 0.1125 0.133333
44 0.33125 0.0333333 0.125 0.0666667
44 0.51875 0.0111111 0.125 0.0222222
44 0.6125 0.0222222 0.1375 0.0444444
44 0.65 0.0222222 0.1375 0.0444444
25 0.65625 0.0222222 0.15 0.0444444
42 0.928125 0.0222222 0.14375 0.0444444
29 0.946875 0.0555556 0.10625 0.111111
25 0.953125 0.0222222 0.09375 0.0444444
16 0.1375 0.0444444 0.0875 0.0888889
21 0.14375 0.0444444 0.125 0.0888889
3 0.15625 0.0222222 0.075 0.0444444
2 0.54375 0.0444444 0.15 0.0444444
1 0.5625 0.0444444 0.1625 0.0444444
2 0.575 0.0444444 0.1625 0.0444444
2 0.58125 0.0333333 0.175 0.0666667
2 0.59375 0.0222222 0.175 0.0444444
2 0.625 0.0222222 0.0625 0.0444444
16 0.63125 0.0333333 0.05 0.0222222
21 0.63125 0.0444444 0.075 0.0444444
47 0.6625 0.0444444 0.1375 0.0444444
64 0.775 0.0555556 0.1125 0.0666667
3 0.0875 0.0555556 0.1625 0.111111
3 0.1 0.0666667 0.1625 0.0888889
3 0.13125 0.0444444 0.075 0.0888889
3 0.14375 0.0444444 0.125 0.0888889
3 0.0875 0.0333333 0.1375 0.0666667
2 0.2 0.0777778 0.0375 0.0666667
2 0.225 0.0666667 0.0125 0.0888889
1 0.25625 0.0666667 0.075 0.0888889
2 0.26875 0.0444444 0.075 0.0888889
3 0.2875 0.0333333 0.0875 0.0666667
16 0.2625 0.0333333 0.0125 0.0666667
3 0.3 0.0555556 0.0625 0.111111
49 0.31875 0.0444444 0.075 0.0888889
16 0.325 0.0444444 0.0375 0.0888889
10 0.33125 0.0444444 0.025 0.0888889
3 0.33125 0.0333333 0.025 0.0666667
2 0.3375 0.0333333 0.0375 0.0666667
29 0.325 0.0444444 0.0875 0.0888889
43 0.375 0.0444444 0.1625 0.0888889
44 0.36875 0.0555556 0.125 0.0666667
2 0.40625 0.0333333 0.025 0.0666667
2 0.425 0.0444444 0.0125 0.0444444
54 0.48125 0.0444444 0.125 0.0444444
20 0.49375 0.0444444 0.125 0.0444444
20 0.475 0.0444444 0.0625 0.0444444
54 0.49375 0.0444444 0.05 0.0444444
43 0.725 0.0666667 0.1625 0.0444444
43 0.70625 0.0666667 0.1 0.0444444
3 0.73125 0.0666667 0.125 0.0444444
43 0.7375 0.0666667 0.1125 0.0444444
43 0.75625 0.0666667 0.1 0.0444444
43 0.8 0.0666667 0.1625 0.0444444
44 0.79375 0.0666667 0.125 0.0444444
43 0.825 0.0666667 0.1125 0.0444444
34 0.8375 0.0555556 0.1125 0.0666667
34 0.8625 0.0666667 0.1625 0.0444444
34 0.86875 0.0444444 0.125 0.0888889
43 0.875 0.0666667 0.1125 0.0444444
8 0.9125 0.0666667 0.1125 0.0888889
44 0.928125 0.0666667 0.14375 0.0888889
26 0.953125 0.0444444 0.09375 0.0888889
10 0.990625 0.0555556 0.01875 0.111111
43 0.015625 0.0666667 0.03125 0.133333
21 0.025 0.0777778 0.0125 0.0666667
49 0.08125 0.0777778 0.1 0.0666667
60 0.0875 0.1 0.1625 0.0666667
8 0.1 0.1 0.1625 0.0666667
1 0.125 0.0777778 0.0375 0.0222222
3 0.13125 0.0888889 0.05 0.0444444
60 0.13125 0.0888889 0.05 0.0444444
60 0.175 0.0666667 0.1625 0.133333
3 0.18125 0.0666667 0.175 0.133333
3 0.225 0.0666667 0.1125 0.0888889
0 0.24375 0.0666667 0.1 0.0888889
2 0.25 0.0555556 0.1125 0.111111
26 0.26875 0.0444444 0.05 0.0888889
2 0.28125 0.0555556 0.05 0.111111
2 0.28125 0.0555556 0.1 0.111111
21 0.30625 0.0666667 0.15 0.133333
20 0.325 0.0444444 0.0375 0.0888889
3 0.325 0.0444444 0.0125 0.0888889
0 0.34375 0.0444444 0.05 0.0888889
1 0.33125 0.0444444 0.075 0.0888889
1 0.33125 0.0666667 0.1 0.0444444
1 0.35 0.0777778 0.1125 0.0666667
3 0.35 0.0777778 0.0875 0.0666667
2 0.39375 0.0888889 0.025 0.0444444
2 0.40625 0.0777778 0.025 0.0222222
2 0.41875 0.0666667 0 0.0444444
3 0.475 0.0777778 0.1125 0.0666667
3 0.49375 0.0666667 0.15 0.0888889
3 0.50625 0.0777778 0.125 0.0666667
44 0.7 0.0777778 0.1125 0.0666667
44 0.75625 0.0777778 0.175 0.0666667
43 0.76875 0.0777778 0.175 0.0666667
42 0.80625 0.0777778 0.175 0.0666667
44 0.81875 0.0777778 0.175 0.0666667
44 0.8125 0.0777778 0.1125 0.0666667
44 0.825 0.0888889 0.1125 0.0444444
44 0.88125 0.0777778 0.175 0.0666667
44 0.8625 0.0777778 0.1125 0.0666667
44 0.9 0.0888889 0.1125 0.0888889
44 0.90625 0.0777778 0.1 0.0666667
26 0.984375 0.0777778 0.03125 0.0666667
43 0.015625 0.0666667 0.03125 0.133333
29 0.021875 0.1 0.04375 0.0666667
60 0.11875 0.0777778 0.05 0.0666667
51 0.15 0.111111 0.0625 0.0444444
29 0.15625 0.111111 0.125 0.0444444
44 0.19375 0.111111 0.1 0.0444444
44 0.25 0.1 0.0875 0.0666667
44 0.3 0.0777778 0.1625 0.111111
60 0.3 0.111111 0.1625 0.0444444
3 0.325 0.0777778 0.0875 0.111111
1 0.33125 0.0666667 0.1 0.0888889
2 0.35625 0.0777778 0.1 0.0666667
2 0.3625 0.0888889 0.0875 0.0444444
2 0.40625 0.0777778 0.025 0.0666667
16 0.425 0.0777778 0.0125 0.0666667
20 0.44375 0.1 0.05 0.0222222
21 0.4625 0.1 0.0625 0.0222222
44 0.76875 0.0888889 0.175 0.0888889
44 0.78125 0.1 0.175 0.0666667
44 0.7625 0.111111 0.1125 0.0444444
44 0.7875 0.111111 0.1125 0.0444444
44 0.8125 0.111111 0.1125 0.0888889
6 0.825 0.1 0.1125 0.111111
44 0.875 0.1 0.1875 0.111111
10 0.9 0.1 0.1125 0.111111
29 0.934375 0.0888889 0.13125 0.0888889
6 0.940625 0.111111 0.11875 0.0888889
4 0.946875 0.1 0.10625 0.0666667
44 0.98125 0.0777778 0.025 0.0666667
43 0.015625 0.1 0.03125 0.111111
29 0.015625 0.111111 0.03125 0.0444444
60 0.125 0.122222 0.1625 0.0666667
44 0.15 0.1 0.0625 0.0666667
10 0.175 0.1 0.0625 0.0666667
43 0.23125 0.133333 0.175 0.0888889
8 0.29375 0.122222 0.175 0.111111
43 0.30625 0.1 0.175 0.155556
8 0.325 0.1 0.1875 0.155556
3 0.34375 0.1 0.15 0.155556
1 0.3625 0.1 0.1625 0.111111
2 0.35625 0.1 0.1 0.111111
25 0.39375 0.1 0.025 0.111111
25 0.45625 0.1 0.125 0.111111
49 0.43125 0.111111 0.2 0.0888889
53 0.43125 0.122222 0.225 0.0666667
43 0.41875 0.122222 0.275 0.0666667
44 0.775 0.122222 0.1125 0.0666667
44 0.934375 0.122222 0.13125 0.0666667
43 0.11875 0.133333 0.15 0.133333
44 0.20625 0.133333 0.15 0.0888889
44 0.2375 0.133333 0.1875 0.0888889
67 0.325 0.144444 0.0875 0.0666667
3 0.325 0.155556 0.0875 0.0444444
53 0.3625 0.155556 0.1125 0.0444444
49 0.3625 0.155556 0.1125 0.0444444
60 0.39375 0.122222 0.075 0.111111
49 0.41875 0.144444 0.05 0.0666667
21 0.41875 0.155556 0.05 0.0444444
55 0.425 0.155556 0.0625 0.0444444
44 0.8875 0.155556 0.1625 0.0444444
29 0.125 0.155556 0.1375 0.0888889
8 0.29375 0.155556 0.175 0.0888889
51 0.2875 0.144444 0.1125 0.0666667
3 0.33125 0.166667 0.05 0.0222222
2 0.325 0.155556 0.0625 0.0444444
1 0.325 0.155556 0.0875 0.0444444
60 0.3875 0.166667 0.1625 0.0666667
29 0.4375 0.166667 0.2625 0.0666667
8 0.41875 0.155556 0.05 0.0444444
16 0.41875 0.155556 0.05 0.0444444
43 0.940625 0.177778 0.11875 0.0888889
34 0.946875 0.166667 0.10625 0.0666667
8 0.325 0.166667 0.1125 0.0666667
29 0.30625 0.155556 0.15 0.0888889
47 0.2875 0.177778 0.1125 0.0444444
10 0.3375 0.177778 0.0375 0.0444444
3 0.3375 0.177778 0.0375 0.0444444
7 0.325 0.166667 0.0625 0.0666667
29 0.325 0.166667 0.0875 0.0666667
29 0.35 0.177778 0.0875 0.0888889
25 0.4 0.177778 0.1875 0.0888889
21 0.4 0.177778 0.0625 0.0444444
15 0.4125 0.166667 0.0375 0.0666667
43 0.946875 0.177778 0.10625 0.133333
13 0.13125 0.188889 0.2 0.111111
1 0.1375 0.177778 0.1625 0.0888889
2 0.15 0.188889 0.2125 0.0666667
13 0.20625 0.188889 0.125 0.0666667
30 0.1875 0.177778 0.1625 0.0888889
31 0.1875 0.177778 0.1875 0.0888889
31 0.2125 0.2 0.1125 0.0444444
30 0.25625 0.2 0.175 0.0444444
31 0.26875 0.188889 0.175 0.0666667
8 0.30625 0.188889 0.15 0.0666667
29 0.31875 0.188889 0.175 0.0666667
29 0.4 0.188889 0.1875 0.111111
55 0.40625 0.188889 0.05 0.0666667
10 0.4125 0.2 0.0375 0.0444444
1 0.7375 0.2 0.1875 0.0444444
1 0.7625 0.2 0.0625 0.0444444
0 0.76875 0.2 0.05 0.0444444
2 0.7875 0.2 0.0375 0.0444444
16 0.79375 0.2 0.05 0.0444444
13 0.075 0.222222 0.0875 0.0444444
29 0.1125 0.222222 0.1125 0.0888889
2 0.10625 0.222222 0.1 0.0444444
29 0.09375 0.211111 0.1 0.0666667
29 0.16875 0.211111 0.075 0.0666667
44 0.25625 0.222222 0.175 0.0888889
43 0.31875 0.222222 0.175 0.0888889
28 0.40625 0.222222 0.05 0.0444444
2 0.675 0.2 0.1375 0.0888889
64 0.69375 0.2 0.125 0.0888889
1 0.70625 0.222222 0.125 0.0444444
1 0.7375 0.233333 0.1125 0.0666667
13 0.75 0.233333 0.1375 0.0666667
29 0.74375 0.222222 0.125 0.0444444
21 0.78125 0.222222 0.05 0.0444444
21 0.80625 0.222222 0.05 0.0444444
16 0.825 0.222222 0.0625 0.0444444
1 0.8375 0.222222 0.0625 0.0444444
1 0.8375 0.222222 0.1625 0.0444444
66 0.83125 0.222222 0.125 0.0444444
29 0.8375 0.222222 0.1125 0.0444444
29 0.875 0.222222 0.1625 0.0444444
16 0.925 0.222222 0.0625 0.0444444
65 0.90625 0.2 0.125 0.0888889
43 0.1375 0.222222 0.2625 0.0888889
13 0.075 0.255556 0.0875 0.0666667
13 0.09375 0.255556 0.075 0.0666667
13 0.13125 0.255556 0.05 0.0666667
8 0.15 0.255556 0.0875 0.0666667
8 0.1625 0.244444 0.0625 0.0444444
60 0.29375 0.233333 0.175 0.0666667
44 0.3125 0.233333 0.1625 0.0666667
44 0.275 0.244444 0.0875 0.0444444
8 0.3125 0.255556 0.0375 0.0222222
44 0.4375 0.222222 0.2625 0.0888889
13 0.68125 0.255556 0.15 0.0666667
1 0.6875 0.255556 0.1375 0.0666667
13 0.69375 0.244444 0.125 0.0444444
44 0.75 0.255556 0.1625 0.0666667
15 0.925 0.222222 0.0625 0.0888889
2 0.90625 0.233333 0.125 0.111111
29 0.928125 0.222222 0.14375 0.0888889
25 0.940625 0.233333 0.11875 0.111111
29 0.940625 0.244444 0.11875 0.133333
29 0.9375 0.222222 0.0875 0.0888889
13 0.05625 0.244444 0.1 0.0888889
64 0.075 0.266667 0.0875 0.0444444
29 0.09375 0.266667 0.075 0.0444444
29 0.1 0.255556 0.0875 0.0666667
13 0.1125 0.255556 0.0875 0.0666667
16 0.15625 0.255556 0.025 0.0666667
55 0.175 0.266667 0.0125 0.0444444
15 0.19375 0.266667 0 0.0444444
3 0.68125 0.266667 0.15 0.0444444
2 0.68125 0.266667 0.125 0.0444444
60 0.93125 0.255556 0.125 0.111111
29 0.9875 0.255556 0.0125 0.0666667
60 0.09375 0.277778 0.1 0.0666667
29 0.10625 0.288889 0.1 0.0444444
60 0.1125 0.277778 0.0875 0.0666667
59 0.14375 0.288889 0.125 0.0444444
29 0.14375 0.288889 0.1 0.0444444
64 0.18125 0.288889 0.125 0.0444444
29 0.053125 0.288889 0.10625 0.133333
44 0.034375 0.288889 0.06875 0.133333
60 0.15 0.288889 0.1625 0.0888889
59 0.14375 0.288889 0.125 0.0888889
60 0.15 0.3 0.1125 0.0666667
43 0.21875 0.3 0.125 0.111111
44 0.29375 0.3 0.125 0.111111
