6 0.021875 0.0111111 0.04375 0.0222222
29 0.065625 0.0222222 0.13125 0.0444444
25 0.071875 0.0222222 0.14375 0.0444444
34 0.078125 0.0222222 0.15625 0.0444444
29 0.1 0.0222222 0.1625 0.0444444
4 0.1125 0.0222222 0.1875 0.0444444
4 0.15 0.0222222 0.1375 0.0444444
44 0.1625 0.0111111 0.1625 0.0222222
43 0.54375 0.0111111 0.175 0.0222222
43 0.58125 0.0111111 0.175 0.0222222
6 0.021875 0.0222222 0.04375 0.0444444
6 0.015625 0.0222222 0.03125 0.0444444
79 0.55 0.0111111 0.1625 0.0222222
52 0.990625 0.0111111 0.01875 0.0222222
6 0.053125 0.0333333 0.10625 0.0666667
5 0.015625 0.0333333 0.03125 0.0666667
21 0.978125 0.0444444 0.04375 0.0444444
2 0.053125 0.0444444 0.10625 0.0444444
5 0.015625 0.0555556 0.03125 0.0666667
44 0.725 0.0666667 0.1625 0.0444444
44 0.775 0.0666667 0.1625 0.0444444
44 0.8125 0.0666667 0.1625 0.0444444
44 0.8875 0.0666667 0.1625 0.0444444
44 0.91875 0.0666667 0.125 0.0444444
44 0.934375 0.0666667 0.13125 0.0444444
44 0.946875 0.0666667 0.10625 0.0444444
6 0.053125 0.0777778 0.10625 0.0666667
6 0.015625 0.0777778 0.03125 0.0666667
6 0.053125 0.1 0.10625 0.0666667
6 0.015625 0.1 0.03125 0.0666667
6 0.053125 0.122222 0.10625 0.0666667
6 0.015625 0.122222 0.03125 0.0666667
6 0.053125 0.144444 0.10625 0.0666667
6 0.015625 0.133333 0.03125 0.0444444
6 0.053125 0.166667 0.10625 0.0666667
6 0.01875 0.155556 0.025 0.0444444
6 0.053125 0.177778 0.10625 0.0888889
9 0.025 0.188889 0.0125 0.0666667
13 0.3 0.211111 0.1625 0.0666667
6 0.33125 0.211111 0.125 0.0666667
6 0.36875 0.211111 0.15 0.0666667
25 0.38125 0.211111 0.175 0.0666667
21 0.7875 0.222222 0.0875 0.0444444
43 0.16875 0.311111 0.125 0.0444444
43 0.16875 0.333333 0.125 0.0444444
9 0.015625 0.377778 0.03125 0.0444444
11 0.015625 0.377778 0.03125 0.0444444
6 0.68125 0.366667 0.1 0.0222222
6 0.2625 0.377778 0.1625 0.0888889
6 0.25625 0.4 0.125 0.0444444
6 0.3625 0.4 0.1125 0.0444444
6 0.66875 0.377778 0.1 0.0888889
6 0.6875 0.388889 0.0875 0.0666667
6 0.725 0.388889 0.0375 0.0666667
6 0.3625 0.422222 0.1125 0.0444444
6 0.69375 0.455556 0.125 0.0666667
6 0.20625 0.533333 0.175 0.0444444
6 0.2 0.555556 0.1625 0.0444444
5 0.1875 0.555556 0.1125 0.0444444
9 0.23125 0.555556 0.025 0.0444444
6 0.1875 0.588889 0.1125 0.0222222
6 0.2375 0.577778 0.0375 0.0444444
6 0.55 0.577778 0.1375 0.0444444
6 0.1875 0.6 0.1125 0.0444444
6 0.55 0.6 0.1375 0.0444444
6 0.38125 0.655556 0.075 0.0222222
6 0.2875 0.677778 0.1125 0.0222222
71 0.3125 0.677778 0.1125 0.0222222
44 0.31875 0.677778 0.1 0.0222222
71 0.33125 0.677778 0.1 0.0222222
6 0.38125 0.666667 0.025 0.0444444
5 0.36875 0.666667 0.1 0.0444444
5 0.4 0.666667 0.0875 0.0444444
9 0.425 0.666667 0.1125 0.0444444
43 0.45 0.666667 0.1125 0.0444444
44 0.4625 0.666667 0.1125 0.0444444
44 0.475 0.677778 0.1125 0.0222222
44 0.55 0.677778 0.1125 0.0222222
6 0.575 0.677778 0.1125 0.0222222
6 0.6 0.677778 0.0875 0.0222222
44 0.65 0.677778 0.0875 0.0222222
6 0.1375 0.666667 0.1625 0.0888889
6 0.125 0.688889 0.1125 0.0444444
71 0.2 0.688889 0.1125 0.0444444
6 0.225 0.688889 0.1125 0.0444444
6 0.25 0.688889 0.1125 0.0444444
6 0.275 0.688889 0.1125 0.0444444
6 0.29375 0.688889 0.1 0.0444444
6 0.35 0.688889 0.0375 0.0444444
6 0.33125 0.688889 0.1 0.0444444
6 0.35625 0.688889 0.1 0.0444444
6 0.38125 0.688889 0.1 0.0444444
6 0.40625 0.688889 0.1 0.0444444
13 0.41875 0.677778 0.1 0.0222222
13 0.4375 0.677778 0.1125 0.0222222
13 0.45 0.688889 0.1125 0.0444444
6 0.48125 0.688889 0.125 0.0444444
6 0.5 0.688889 0.0875 0.0444444
13 0.5375 0.688889 0.1125 0.0444444
6 0.55625 0.688889 0.125 0.0444444
6 0.575 0.688889 0.0875 0.0444444
6 0.6 0.688889 0.0875 0.0444444
6 0.63125 0.688889 0.1 0.0444444
43 0.6375 0.688889 0.0875 0.0444444
6 0.65 0.688889 0.0875 0.0444444
6 0.6625 0.7 0.0875 0.0222222
6 0.7125 0.7 0.0125 0.0222222
6 0.7 0.7 0.0875 0.0222222
6 0.11875 0.711111 0.1 0.0444444
6 0.14375 0.711111 0.1 0.0444444
6 0.2125 0.711111 0.0875 0.0444444
6 0.28125 0.711111 0.125 0.0444444
6 0.30625 0.711111 0.1 0.0444444
6 0.33125 0.7 0.1 0.0666667
6 0.35625 0.711111 0.1 0.0444444
6 0.38125 0.711111 0.1 0.0444444
6 0.4 0.711111 0.0875 0.0444444
6 0.41875 0.711111 0.1 0.0444444
6 0.4375 0.711111 0.0875 0.0444444
44 0.45 0.711111 0.0875 0.0444444
6 0.475 0.711111 0.1125 0.0444444
60 0.5 0.711111 0.0875 0.0444444
44 0.5125 0.711111 0.0875 0.0444444
6 0.575 0.711111 0.0875 0.0444444
6 0.6 0.711111 0.0875 0.0444444
6 0.61875 0.711111 0.1 0.0444444
6 0.6375 0.711111 0.0875 0.0444444
47 0.65 0.711111 0.0875 0.0444444
9 0.6625 0.711111 0.0875 0.0444444
9 0.70625 0.711111 0.025 0.0444444
6 0.125 0.733333 0.0875 0.0444444
6 0.15 0.733333 0.0875 0.0444444
6 0.1875 0.733333 0.1125 0.0444444
25 0.30625 0.722222 0.1 0.0666667
6 0.33125 0.722222 0.125 0.0666667
6 0.34375 0.711111 0.125 0.0888889
6 0.35625 0.722222 0.125 0.0666667
6 0.38125 0.722222 0.125 0.0666667
47 0.4125 0.722222 0.1375 0.0666667
25 0.41875 0.722222 0.1 0.0666667
25 0.44375 0.722222 0.1 0.0666667
6 0.46875 0.722222 0.125 0.0666667
25 0.58125 0.733333 0.1 0.0444444
21 0.59375 0.733333 0.1 0.0444444
6 0.6 0.733333 0.0875 0.0444444
6 0.625 0.733333 0.0875 0.0444444
47 0.6375 0.733333 0.0875 0.0444444
6 0.14375 0.755556 0.125 0.0444444
6 0.35 0.733333 0.1375 0.0888889
47 0.375 0.733333 0.1375 0.0888889
47 0.4 0.733333 0.1375 0.0888889
47 0.4375 0.733333 0.1375 0.0888889
6 0.4625 0.733333 0.1375 0.0888889
6 0.6 0.744444 0.1375 0.0666667
6 0.625 0.744444 0.1375 0.0666667
6 0.3125 0.844444 0.1375 0.0444444
6 0.34375 0.844444 0.1 0.0444444
6 0.3875 0.844444 0.1375 0.0444444
6 0.425 0.844444 0.1375 0.0444444
6 0.45 0.844444 0.1375 0.0444444
6 0.2 0.866667 0.1125 0.0444444
6 0.21875 0.888889 0.175 0.0444444
6 0.25 0.888889 0.1625 0.0444444
6 0.71875 0.877778 0.175 0.0666667
43 0.20625 0.888889 0.175 0.0888889
25 0.725 0.888889 0.1875 0.0888889
25 0.2375 0.911111 0.1625 0.0888889
25 0.225 0.911111 0.1125 0.0888889
25 0.25625 0.922222 0.175 0.0666667
25 0.26875 0.933333 0.125 0.0444444
6 0.38125 0.911111 0.175 0.0888889
25 0.40625 0.911111 0.175 0.0888889
25 0.70625 0.911111 0.125 0.0888889
6 0.1125 0.933333 0.0625 0.0888889
6 0.10625 0.944444 0.1 0.0666667
60 0.14375 0.944444 0.125 0.0666667
43 0.18125 0.933333 0.175 0.0888889
6 0.1875 0.933333 0.1625 0.0888889
6 0.2375 0.933333 0.1625 0.0888889
6 0.275 0.933333 0.1625 0.0888889
6 0.29375 0.944444 0.075 0.0666667
25 0.29375 0.944444 0.075 0.0666667
6 0.325 0.933333 0.1625 0.0888889
6 0.3625 0.933333 0.1625 0.0888889
25 0.39375 0.933333 0.175 0.0888889
25 0.425 0.933333 0.1625 0.0888889
6 0.4625 0.933333 0.1625 0.0888889
25 0.4625 0.933333 0.1375 0.0888889
25 0.946875 0.933333 0.10625 0.0888889
11 0.19375 0.0388889 0.3875 0.0777778
43 0.20625 0.0388889 0.4125 0.0777778
11 0.21875 0.0388889 0.4375 0.0777778
51 0.24375 0.0388889 0.4875 0.0777778
6 0.275 0.0388889 0.475 0.0777778
51 0.2125 0.0611111 0.35 0.122222
34 0.2375 0.0388889 0.35 0.0777778
34 0.375 0.0388889 0.475 0.0777778
43 0.4 0.0388889 0.475 0.0777778
11 0.45 0.0388889 0.475 0.0777778
11 0.475 0.0388889 0.475 0.0777778
27 0.5 0.0388889 0.475 0.0777778
43 0.55 0.0388889 0.425 0.0777778
11 0.6 0.0388889 0.475 0.0777778
27 0.625 0.0388889 0.475 0.0777778
27 0.65 0.0611111 0.475 0.122222
51 0.65 0.0611111 0.525 0.122222
29 0.6625 0.0611111 0.55 0.122222
57 0.70625 0.0611111 0.5875 0.122222
34 0.74375 0.0611111 0.5125 0.122222
51 0.775 0.0611111 0.425 0.122222
34 0.8 0.0611111 0.275 0.122222
34 0.78125 0.0388889 0.4375 0.0777778
51 0.75 0.0388889 0.475 0.0777778
51 0.88125 0.0388889 0.2375 0.0777778
51 0.80625 0.0388889 0.3875 0.0777778
51 0.9 0.0388889 0.175 0.0777778
11 0.9125 0.0166667 0.15 0.0333333
27 0.19375 0.0777778 0.3875 0.0888889
27 0.20625 0.0611111 0.4125 0.122222
51 0.23125 0.0611111 0.4625 0.122222
6 0.275 0.0611111 0.475 0.122222
13 0.25 0.0388889 0.375 0.0777778
13 0.375 0.0611111 0.475 0.122222
51 0.4 0.0611111 0.475 0.122222
51 0.475 0.0611111 0.475 0.122222
27 0.4875 0.0388889 0.5 0.0777778
13 0.475 0.0388889 0.375 0.0777778
13 0.575 0.0388889 0.475 0.0777778
27 0.76875 0.0611111 0.4625 0.122222
51 0.79375 0.0777778 0.4125 0.0888889
34 0.83125 0.0611111 0.3375 0.122222
34 0.78125 0.0611111 0.4375 0.122222
27 0.19375 0.0833333 0.3875 0.166667
29 0.21875 0.0555556 0.4375 0.0444444
29 0.23125 0.0777778 0.4625 0.0888889
11 0.25 0.1 0.475 0.133333
11 0.1125 0.122222 0.15 0.177778
11 0.3625 0.1 0.45 0.133333
11 0.375 0.0777778 0.475 0.0888889
13 0.3625 0.0777778 0.4 0.0888889
11 0.4625 0.0777778 0.45 0.0888889
51 0.55 0.1 0.475 0.133333
13 0.575 0.1 0.475 0.133333
29 0.6 0.1 0.475 0.133333
13 0.675 0.1 0.475 0.133333
11 0.725 0.122222 0.475 0.177778
27 0.75 0.122222 0.475 0.177778
51 0.78125 0.122222 0.4375 0.177778
6 0.84375 0.122222 0.3125 0.177778
6 0.85625 0.0777778 0.2875 0.0888889
6 0.9125 0.188889 0.15 0.222222
27 0.19375 0.166667 0.3875 0.177778
27 0.20625 0.144444 0.4125 0.133333
27 0.2375 0.144444 0.45 0.0444444
11 0.1 0.144444 0.125 0.133333
11 0.2875 0.144444 0.45 0.133333
27 0.2625 0.166667 0.4 0.177778
54 0.35 0.166667 0.475 0.177778
27 0.375 0.144444 0.475 0.133333
27 0.4625 0.122222 0.45 0.0888889
27 0.5625 0.122222 0.45 0.0888889
13 0.5875 0.122222 0.45 0.0888889
51 0.6 0.122222 0.475 0.0888889
29 0.6625 0.144444 0.45 0.133333
11 0.7375 0.166667 0.45 0.177778
6 0.78125 0.166667 0.4375 0.177778
29 0.80625 0.144444 0.3875 0.222222
27 0.80625 0.166667 0.3875 0.177778
27 0.85625 0.144444 0.2875 0.222222
31 0.90625 0.188889 0.1875 0.222222
27 0.8625 0.188889 0.1 0.222222
27 0.21875 0.166667 0.4375 0.0888889
20 0.2 0.166667 0.375 0.0888889
49 0.1875 0.144444 0.35 0.133333
29 0.275 0.166667 0.475 0.177778
27 0.2875 0.211111 0.4 0.177778
54 0.35 0.211111 0.475 0.177778
27 0.375 0.211111 0.475 0.177778
51 0.3625 0.188889 0.35 0.133333
51 0.425 0.166667 0.425 0.0888889
27 0.525 0.166667 0.475 0.0888889
27 0.5625 0.144444 0.45 0.0444444
49 0.6 0.166667 0.475 0.0888889
47 0.625 0.166667 0.475 0.0888889
29 0.6875 0.122222 0.45 0.177778
29 0.725 0.144444 0.475 0.222222
20 0.75 0.166667 0.475 0.266667
32 0.76875 0.166667 0.4625 0.266667
49 0.79375 0.188889 0.4125 0.222222
31 0.83125 0.166667 0.3375 0.177778
10 0.83125 0.166667 0.3375 0.177778
27 0.84375 0.144444 0.3125 0.133333
27 0.85625 0.188889 0.2875 0.222222
49 0.86875 0.188889 0.2625 0.222222
29 0.90625 0.188889 0.1875 0.222222
27 0.90625 0.188889 0.1875 0.222222
27 0.2125 0.522222 0.4 0.711111
27 0.225 0.233333 0.425 0.133333
27 0.0625 0.211111 0.1 0.0888889
29 0.175 0.255556 0.325 0.177778
