35 0.7 0.0111111 0.1375 0.0222222
35 0.7125 0 0.1375 0
11 0.68125 0.0111111 0.025 0.0222222
11 0.75 0 0.0125 0
26 0.75625 0.0111111 0.025 0.0222222
26 0.76875 0 0.025 0
26 0.7875 0 0.0125 0
26 0.8 0 0.0125 0
26 0.81875 0 0 0
26 0.83125 0 0 0
11 0.84375 0 0 0
11 0.85 0 0.0125 0
11 0.8625 0.0111111 0.0125 0.0222222
11 0.875 0.0111111 0.0125 0.0222222
11 0.89375 0.0111111 0.025 0.0222222
18 0.946875 0.0222222 0.10625 0.0444444
11 0.053125 0.0222222 0.10625 0.0444444
11 0.625 0.0222222 0.1875 0.0444444
11 0.68125 0.0222222 0.15 0.0444444
12 0.6875 0.0222222 0.1625 0.0444444
12 0.675 0.0222222 0.0875 0.0444444
12 0.69375 0.0222222 0.1 0.0444444
67 0.7125 0.0222222 0.1125 0.0444444
9 0.73125 0.0222222 0.1 0.0444444
9 0.76875 0.0222222 0.175 0.0444444
26 0.775 0.0222222 0.1625 0.0444444
26 0.7625 0.0222222 0.1125 0.0444444
26 0.775 0.0222222 0.1125 0.0444444
26 0.8125 0.0222222 0.1625 0.0444444
67 0.8375 0.0222222 0.1625 0.0444444
11 0.84375 0.0222222 0.125 0.0444444
29 0.875 0.0222222 0.1125 0.0444444
11 0.9 0.0222222 0.1125 0.0444444
11 0.925 0.0222222 0.1125 0.0444444
8 0.053125 0.0222222 0.10625 0.0444444
26 0.6625 0.0222222 0.0625 0.0444444
26 0.69375 0.0222222 0.075 0.0444444
63 0.70625 0.0222222 0.075 0.0444444
48 0.71875 0.0222222 0.075 0.0444444
48 0.7375 0.0222222 0.0625 0.0444444
26 0.74375 0.0222222 0.1 0.0444444
26 0.76875 0.0222222 0.075 0.0444444
26 0.7875 0.0222222 0.0625 0.0444444
26 0.79375 0.0222222 0.05 0.0444444
41 0.80625 0.0222222 0.05 0.0444444
67 0.81875 0.0222222 0.05 0.0444444
26 0.84375 0.0333333 0.05 0.0666667
26 0.85625 0.0333333 0.05 0.0666667
26 0.86875 0.0333333 0.05 0.0666667
26 0.8875 0.0333333 0.0625 0.0666667
39 0.9 0.0333333 0.0625 0.0666667
39 0.91875 0.0333333 0.1 0.0666667
11 0.93125 0.0333333 0.075 0.0666667
39 0.9625 0.0333333 0.0375 0.0666667
29 0.971875 0.0333333 0.05625 0.0666667
8 0.053125 0.0444444 0.10625 0.0888889
8 0.015625 0.0333333 0.03125 0.0666667
10 0.03125 0.0666667 0.025 0.0444444
26 0.046875 0.0333333 0.09375 0.0666667
12 0.05625 0.0333333 0.1 0.0666667
12 0.1 0.0666667 0.0625 0.133333
26 0.10625 0.0777778 0.075 0.155556
26 0.15625 0.0666667 0.125 0.133333
26 0.18125 0.0777778 0.175 0.155556
29 0.16875 0.0777778 0.075 0.155556
26 0.35625 0.0333333 0.1 0.0666667
8 0.50625 0.0666667 0.15 0.133333
12 0.475 0.0555556 0.0625 0.111111
60 0.475 0.111111 0.0625 0.133333
8 0.49375 0.1 0.05 0.111111
8 0.525 0.1 0.0375 0.111111
8 0.55 0.1 0.0625 0.111111
71 0.6 0.0777778 0.1125 0.155556
71 0.625 0.111111 0.0875 0.133333
71 0.63125 0.0666667 0.1 0.0444444
71 0.6625 0.0666667 0.0875 0.0444444
26 0.66875 0.0777778 0.1 0.0666667
26 0.65 0.0666667 0.0375 0.0444444
26 0.68125 0.0666667 0.075 0.0444444
60 0.725 0.0666667 0.0625 0.0444444
25 0.7375 0.0666667 0.0625 0.0444444
29 0.75625 0.0666667 0.05 0.0444444
53 0.7625 0.0666667 0.0625 0.0444444
26 0.78125 0.0666667 0.075 0.0444444
26 0.825 0.0666667 0.0875 0.0444444
53 0.8 0.0555556 0.0375 0.0222222
41 0.8125 0.0555556 0.0125 0.0222222
29 0.825 0.0555556 0.0125 0.0222222
29 0.8375 0.0555556 0.0125 0.0222222
29 0.85 0.0555556 0.0125 0.0222222
29 0.8625 0.0555556 0.0125 0.0222222
53 0.875 0.0555556 0.0125 0.0222222
29 0.8875 0.0555556 0.0125 0.0222222
29 0.9 0.0444444 0.0125 0.0444444
53 0.90625 0.0444444 0.025 0.0444444
41 0.9125 0.0444444 0.0375 0.0444444
44 0.925 0.0444444 0.0375 0.0444444
53 0.903125 0.0444444 0.19375 0.0444444
55 0.95 0.0444444 0.0625 0.0888889
67 0.96875 0.0333333 0.025 0.0666667
29 0.971875 0.0555556 0.05625 0.0222222
3 0.028125 0.0777778 0.05625 0.111111
3 0.0375 0.0555556 0.0375 0.0666667
10 0.03125 0.0666667 0.05 0.0444444
2 0.08125 0.0666667 0.025 0.0444444
2 0.09375 0.0777778 0.025 0.0666667
26 0.10625 0.0888889 0.025 0.0444444
26 0.125 0.0888889 0.0375 0.0444444
13 0.16875 0.0888889 0.1 0.0444444
26 0.1875 0.0888889 0.1125 0.0444444
26 0.16875 0.0888889 0.05 0.0444444
26 0.16875 0.0888889 0.025 0.0444444
26 0.18125 0.0777778 0.025 0.0666667
67 0.2125 0.0777778 0.0625 0.0666667
44 0.21875 0.0666667 0.025 0.0444444
44 0.2125 0.0666667 0.0625 0.0444444
44 0.30625 0.0777778 0.1 0.0666667
10 0.36875 0.0888889 0.075 0.0444444
10 0.39375 0.0888889 0.075 0.0444444
10 0.4375 0.0888889 0.0875 0.0888889
3 0.44375 0.0777778 0.05 0.0666667
2 0.45625 0.0777778 0.025 0.0666667
10 0.46875 0.111111 0.025 0.0888889
60 0.5 0.111111 0.0125 0.133333
60 0.51875 0.111111 0.025 0.133333
41 0.55 0.0777778 0.0625 0.0666667
10 0.55 0.0888889 0.0625 0.0888889
10 0.5625 0.111111 0.0375 0.133333
61 0.58125 0.111111 0.025 0.133333
71 0.61875 0.0777778 0.1 0.0666667
58 0.65 0.0777778 0.0375 0.0666667
35 0.66875 0.0666667 0.025 0.0444444
35 0.6875 0.0666667 0.0625 0.0444444
53 0.74375 0.0666667 0.05 0.0888889
6 0.75625 0.0777778 0.05 0.0666667
10 0.75625 0.0777778 0.025 0.0666667
11 0.775 0.0666667 0.0625 0.0444444
11 0.8 0.0666667 0.0625 0.0444444
26 0.825 0.0777778 0.0875 0.0666667
67 0.8 0.0777778 0.0375 0.0666667
41 0.83125 0.0666667 0.05 0.0444444
41 0.825 0.0666667 0.0125 0.0444444
41 0.8375 0.0666667 0.0125 0.0444444
41 0.85 0.0666667 0.0125 0.0444444
41 0.8625 0.0666667 0.0125 0.0444444
29 0.875 0.0666667 0.0125 0.0444444
26 0.8875 0.0666667 0.0125 0.0444444
26 0.9 0.0666667 0.0125 0.0444444
29 0.90625 0.0666667 0.025 0.0444444
29 0.925 0.0666667 0.0125 0.0444444
29 0.9375 0.0666667 0.0125 0.0444444
29 0.95 0.0666667 0.0375 0.0444444
41 0.96875 0.0666667 0.025 0.0444444
45 0.9625 0.0666667 0.0125 0.0444444
67 0.925 0.0555556 0.1125 0.0666667
26 0.96875 0.0666667 0.05 0.0444444
26 0.0875 0.0888889 0.0375 0.0888889
67 0.1125 0.1 0.0375 0.111111
60 0.11875 0.1 0.025 0.111111
16 0.13125 0.1 0.025 0.111111
35 0.1375 0.1 0.0375 0.111111
26 0.15625 0.0777778 0.025 0.0666667
10 0.16875 0.0888889 0.025 0.0888889
3 0.2 0.1 0.0625 0.111111
3 0.21875 0.0777778 0.05 0.0666667
3 0.23125 0.0777778 0.05 0.0666667
3 0.225 0.0666667 0.0625 0.0888889
3 0.28125 0.0777778 0.05 0.0666667
3 0.3 0.0777778 0.0625 0.0666667
26 0.43125 0.0666667 0.075 0.0888889
2 0.45 0.0777778 0.0375 0.0666667
67 0.475 0.1 0.0375 0.111111
29 0.4875 0.1 0.0375 0.111111
68 0.65625 0.111111 0.075 0.133333
55 0.66875 0.0777778 0.025 0.0666667
26 0.71875 0.0777778 0.075 0.0666667
12 0.73125 0.1 0.05 0.111111
2 0.76875 0.1 0.1 0.111111
10 0.76875 0.122222 0.075 0.155556
10 0.7875 0.122222 0.0875 0.155556
11 0.8 0.122222 0.0625 0.155556
41 0.9125 0.0777778 0.0625 0.0666667
39 0.925 0.0777778 0.0625 0.0666667
39 0.9375 0.0777778 0.0625 0.0666667
41 0.94375 0.0777778 0.075 0.0666667
12 0.95 0.122222 0.0875 0.155556
26 0.96875 0.0777778 0.025 0.0666667
67 0.96875 0.0777778 0 0.0666667
67 0.98125 0.0888889 0 0.0444444
32 0.99375 0.0888889 0 0.0444444
8 0.028125 0.0888889 0.05625 0.133333
3 0.021875 0.0888889 0.04375 0.133333
12 0.11875 0.1 0.1 0.111111
12 0.1125 0.111111 0.0375 0.133333
2 0.15 0.111111 0.0875 0.133333
12 0.1625 0.133333 0.0625 0.0888889
3 0.15625 0.1 0.05 0.111111
3 0.18125 0.1 0.075 0.111111
3 0.20625 0.0888889 0.075 0.133333
8 0.53125 0.133333 0.075 0.0888889
12 0.55625 0.144444 0.025 0.0666667
11 0.55625 0.122222 0.025 0.155556
12 0.56875 0.122222 0.025 0.155556
2 0.58125 0.122222 0.025 0.155556
12 0.61875 0.122222 0.075 0.155556
11 0.63125 0.122222 0.1 0.155556
12 0.65 0.111111 0.0875 0.133333
12 0.66875 0.111111 0.075 0.133333
12 0.69375 0.111111 0.075 0.133333
12 0.70625 0.122222 0.075 0.155556
11 0.71875 0.1 0.05 0.111111
10 0.73125 0.1 0.025 0.111111
11 0.7375 0.133333 0.0375 0.0444444
8 0.76875 0.1 0.075 0.111111
12 0.79375 0.111111 0.075 0.133333
12 0.91875 0.122222 0.075 0.0666667
11 0.925 0.133333 0.0875 0.0888889
11 0.93125 0.111111 0.075 0.133333
2 0.95 0.111111 0.0625 0.133333
2 0.95625 0.1 0.025 0.111111
25 0.965625 0.0888889 0.06875 0.0888889
29 0.96875 0.0888889 0.05 0.0888889
29 0.925 0.111111 0.1125 0.133333
29 0.971875 0.1 0.05625 0.111111
5 0.040625 0.111111 0.08125 0.0888889
12 0.15 0.122222 0.0875 0.155556
12 0.49375 0.1 0.1 0.2
60 0.50625 0.144444 0.1 0.2
2 0.525 0.133333 0.1125 0.177778
8 0.53125 0.155556 0.1 0.133333
10 0.55 0.144444 0.0625 0.111111
10 0.55625 0.144444 0.025 0.111111
10 0.55625 0.1 0.025 0.2
12 0.56875 0.1 0.025 0.2
12 0.58125 0.1 0.025 0.2
12 0.61875 0.1 0.075 0.2
4 0.625 0.1 0.0625 0.2
2 0.625 0.1 0.0875 0.2
0 0.65625 0.0888889 0.1 0.177778
12 0.68125 0.1 0.075 0.2
0 0.70625 0.1 0.125 0.2
11 0.7125 0.133333 0.0625 0.133333
12 0.7125 0.155556 0.0375 0.133333
10 0.725 0.155556 0.0375 0.133333
12 0.725 0.122222 0.0375 0.155556
12 0.7625 0.1 0.0875 0.2
0 0.76875 0.144444 0.1 0.2
12 0.80625 0.133333 0.075 0.133333
12 0.825 0.133333 0.0875 0.133333
12 0.8375 0.122222 0.0875 0.111111
11 0.88125 0.177778 0.125 0.177778
12 0.94375 0.133333 0.1 0.0888889
2 0.9375 0.133333 0.0625 0.133333
2 0.9375 0.166667 0.0375 0.2
25 0.95 0.122222 0.0125 0.111111
25 0.928125 0.111111 0.14375 0.0888889
4 0.9625 0.122222 0.0625 0.111111
25 0.95625 0.122222 0.075 0.111111
8 0.034375 0.144444 0.06875 0.155556
6 0.034375 0.188889 0.06875 0.0666667
3 0.08125 0.166667 0.1 0.111111
46 0.525 0.111111 0.1125 0.222222
46 0.54375 0.166667 0.125 0.155556
10 0.5625 0.155556 0.1125 0.133333
3 0.55 0.133333 0.0375 0.133333
3 0.55625 0.1 0.025 0.2
3 0.56875 0.1 0.025 0.2
60 0.58125 0.111111 0.025 0.222222
60 0.5875 0.122222 0.0125 0.244444
26 0.65625 0.111111 0.075 0.222222
26 0.66875 0.1 0.075 0.2
11 0.70625 0.1 0.075 0.2
12 0.7125 0.144444 0.0625 0.111111
12 0.70625 0.111111 0.05 0.222222
12 0.73125 0.111111 0.025 0.222222
10 0.74375 0.111111 0.025 0.222222
0 0.78125 0.111111 0.075 0.222222
10 0.79375 0.155556 0.075 0.133333
12 0.8125 0.144444 0.0625 0.111111
12 0.89375 0.144444 0.125 0.111111
8 0.91875 0.144444 0.1 0.111111
11 0.93125 0.144444 0.05 0.111111
12 0.9375 0.133333 0.0375 0.133333
3 0.94375 0.144444 0.025 0.111111
6 0.971875 0.166667 0.05625 0.0666667
4 0.975 0.166667 0.0375 0.0666667
32 0.965625 0.177778 0.06875 0.0444444
6 0.034375 0.166667 0.06875 0.111111
8 0.040625 0.177778 0.08125 0.0888889
8 0.4875 0.155556 0.1125 0.133333
12 0.53125 0.188889 0.1 0.2
11 0.53125 0.177778 0.125 0.177778
11 0.56875 0.188889 0.075 0.2
11 0.58125 0.144444 0.075 0.111111
12 0.5875 0.144444 0.0625 0.111111
12 0.59375 0.155556 0.05 0.133333
12 0.59375 0.155556 0.025 0.133333
26 0.60625 0.155556 0.025 0.133333
26 0.61875 0.111111 0.025 0.222222
26 0.63125 0.155556 0.025 0.133333
