9 0.034375 0.0111111 0.06875 0.0222222
43 0.60625 0.0111111 0.125 0.0222222
43 0.65625 0.0111111 0.125 0.0222222
14 0.028125 0.0222222 0.05625 0.0444444
4 0.059375 0.0222222 0.11875 0.0444444
9 0.0375 0.0222222 0.0375 0.0444444
14 0.059375 0.0333333 0.11875 0.0666667
9 0.04375 0.0555556 0.05 0.0222222
14 0.059375 0.0777778 0.11875 0.0666667
9 0.034375 0.0777778 0.06875 0.0222222
19 0.059375 0.0888889 0.11875 0.0444444
9 0.04375 0.0888889 0.05 0.0444444
21 0.059375 0.111111 0.11875 0.0444444
9 0.04375 0.122222 0.05 0.0222222
20 0.990625 0.133333 0.01875 0.0888889
17 0.990625 0.155556 0.01875 0.0444444
9 0.059375 0.222222 0.11875 0.0444444
9 0.06875 0.211111 0.1 0.0222222
9 0.065625 0.233333 0.13125 0.0666667
9 0.04375 0.222222 0.05 0.0444444
9 0.065625 0.244444 0.13125 0.0444444
9 0.0375 0.244444 0.0375 0.0444444
9 0.065625 0.255556 0.13125 0.0666667
9 0.04375 0.266667 0.05 0.0444444
9 0.065625 0.3 0.13125 0.0666667
9 0.04375 0.3 0.05 0.0222222
9 0.065625 0.322222 0.13125 0.0666667
9 0.06875 0.322222 0.1 0.0222222
9 0.065625 0.333333 0.13125 0.0444444
9 0.06875 0.344444 0.1 0.0222222
6 0.065625 0.355556 0.13125 0.0444444
9 0.06875 0.355556 0.1 0.0444444
6 0.065625 0.377778 0.13125 0.0888889
9 0.075 0.377778 0.1125 0.0444444
9 0.059375 0.411111 0.11875 0.0666667
9 0.059375 0.422222 0.11875 0.0444444
9 0.0375 0.433333 0.0625 0.0222222
9 0.059375 0.488889 0.11875 0.133333
9 0.065625 0.533333 0.13125 0.0444444
43 0.425 0.511111 0.1375 0.0444444
9 0.059375 0.544444 0.11875 0.0666667
9 0.059375 0.555556 0.11875 0.0888889
9 0.059375 0.566667 0.11875 0.0666667
9 0.059375 0.588889 0.11875 0.0666667
9 0.059375 0.6 0.11875 0.0444444
9 0.059375 0.611111 0.11875 0.0666667
9 0.059375 0.622222 0.11875 0.0444444
6 0.059375 0.633333 0.11875 0.0666667
9 0.034375 0.633333 0.06875 0.0666667
9 0.3625 0.644444 0.1875 0.0444444
6 0.059375 0.644444 0.11875 0.0888889
9 0.075 0.633333 0.1125 0.0666667
2 0.059375 0.666667 0.11875 0.0888889
2 0.06875 0.688889 0.1 0.0444444
6 0.059375 0.7 0.11875 0.0666667
2 0.059375 0.711111 0.11875 0.0444444
2 0.059375 0.711111 0.11875 0.0888889
9 0.040625 0.733333 0.08125 0.0444444
6 0.35625 0.722222 0.1 0.0222222
9 0.35 0.722222 0.1875 0.0222222
2 0.059375 0.733333 0.11875 0.0888889
9 0.05 0.755556 0.0625 0.0444444
6 0.059375 0.766667 0.11875 0.0666667
2 0.059375 0.766667 0.11875 0.0666667
6 0.059375 0.777778 0.11875 0.0888889
2 0.059375 0.788889 0.11875 0.0666667
52 0.46875 0.777778 0.275 0.0444444
6 0.059375 0.811111 0.11875 0.0666667
2 0.059375 0.822222 0.11875 0.0444444
6 0.48125 0.811111 0.15 0.0666667
6 0.525 0.811111 0.0875 0.0222222
9 0.5 0.811111 0.1625 0.0222222
6 0.053125 0.833333 0.10625 0.0666667
2 0.034375 0.844444 0.06875 0.0888889
34 0.475 0.844444 0.1625 0.0444444
9 0.5 0.833333 0.1625 0.0222222
6 0.4625 0.833333 0.1125 0.0222222
43 0.46875 0.844444 0.15 0.0444444
6 0.50625 0.844444 0.225 0.0444444
6 0.053125 0.866667 0.10625 0.0888889
9 0.034375 0.877778 0.06875 0.0666667
9 0.19375 0.888889 0.175 0.0444444
2 0.4875 0.866667 0.1625 0.0888889
2 0.49375 0.888889 0.2 0.0444444
34 0.49375 0.877778 0.2 0.0222222
29 0.53125 0.877778 0.175 0.0222222
9 0.53125 0.877778 0.2 0.0222222
6 0.053125 0.9 0.10625 0.0666667
9 0.040625 0.9 0.08125 0.0666667
9 0.08125 0.9 0.15 0.0222222
9 0.16875 0.9 0.2 0.0222222
6 0.059375 0.922222 0.11875 0.0666667
9 0.040625 0.911111 0.08125 0.0444444
30 0.41875 0.933333 0.15 0.0444444
13 0.425 0.933333 0.1625 0.0444444
43 0.5 0.933333 0.2375 0.0444444
4 0.51875 0.933333 0.2 0.0444444
6 0.50625 0.922222 0.15 0.0222222
6 0.053125 0.933333 0.10625 0.0444444
9 0.034375 0.933333 0.06875 0.0444444
6 0.7 0.944444 0.1625 0.0222222
2 0.028125 0.944444 0.05625 0.0666667
2 0.034375 0.955556 0.06875 0.0888889
4 0.525 0.977778 0.1625 0.0444444
34 0.55 0.977778 0.1625 0.0444444
6 0.6625 0.977778 0.1625 0.0444444
4 0.675 0.977778 0.1625 0.0444444
34 0.725 0.977778 0.0875 0.0444444
6 0.69375 0.977778 0.175 0.0444444
9 0.06875 0.988889 0.05 0.0222222
2 0.034375 1 0.06875 0
18 0.2625 0.0388889 0.45 0.0777778
19 0.23125 0.0388889 0.4625 0.0777778
19 0.3625 0.0388889 0.35 0.0777778
19 0.3625 0.0388889 0.5 0.0777778
19 0.45 0.0388889 0.475 0.0777778
19 0.5375 0.0388889 0.5 0.0777778
19 0.6625 0.0388889 0.55 0.0777778
18 0.73125 0.0388889 0.5375 0.0777778
17 0.74375 0.0388889 0.5125 0.0777778
19 0.76875 0.0388889 0.4625 0.0777778
18 0.20625 0.0388889 0.4125 0.0777778
18 0.19375 0.0611111 0.3875 0.122222
18 0.2375 0.0611111 0.35 0.122222
19 0.23125 0.0611111 0.4625 0.122222
19 0.3 0.0611111 0.375 0.122222
19 0.26875 0.0388889 0.5375 0.0777778
19 0.4125 0.0388889 0.35 0.0777778
19 0.4875 0.0388889 0.4 0.0777778
18 0.4125 0.0388889 0.5 0.0777778
19 0.4875 0.0166667 0.55 0.0333333
19 0.6 0.0166667 0.475 0.0333333
20 0.73125 0.0388889 0.5375 0.0777778
18 0.73125 0.0611111 0.5375 0.122222
13 0.74375 0.0611111 0.5125 0.122222
18 0.70625 0.0388889 0.5875 0.0777778
13 0.85625 0.0166667 0.2875 0.0333333
19 0.86875 0.0166667 0.2625 0.0333333
19 0.81875 0.0166667 0.3625 0.0333333
54 0.25 0.0833333 0.375 0.166667
5 0.175 0.144444 0.325 0.133333
51 0.3875 0.144444 0.4 0.133333
34 0.425 0.144444 0.325 0.133333
43 0.5875 0.144444 0.35 0.133333
5 0.675 0.144444 0.425 0.133333
5 0.7625 0.144444 0.35 0.133333
11 0.13125 0.166667 0.2625 0.177778
5 0.14375 0.166667 0.2875 0.0888889
11 0.14375 0.166667 0.2875 0.0888889
5 0.175 0.188889 0.325 0.133333
2 0.175 0.188889 0.325 0.133333
5 0.2 0.166667 0.325 0.0888889
11 0.2375 0.166667 0.35 0.177778
5 0.275 0.144444 0.325 0.133333
5 0.2875 0.166667 0.3 0.0888889
49 0.4125 0.188889 0.4 0.222222
11 0.3875 0.144444 0.4 0.133333
5 0.425 0.144444 0.325 0.133333
5 0.5875 0.166667 0.35 0.0888889
20 0.1375 0.211111 0.25 0.0888889
51 0.20625 0.233333 0.4125 0.0444444
47 0.2 0.233333 0.375 0.133333
5 0.225 0.233333 0.275 0.133333
11 0.2625 0.255556 0.3 0.177778
51 0.425 0.211111 0.675 0.0888889
13 0.6 0.211111 0.375 0.0888889
5 0.625 0.233333 0.325 0.133333
29 0.125 0.255556 0.225 0.0888889
29 0.2125 0.255556 0.4 0.0888889
5 0.21875 0.255556 0.4375 0.0888889
2 0.25 0.255556 0.325 0.0888889
11 0.225 0.277778 0.275 0.133333
20 0.2625 0.277778 0.35 0.133333
9 0.3125 0.277778 0.35 0.133333
11 0.375 0.211111 0.425 0.0888889
11 0.3 0.233333 0.275 0.133333
11 0.3875 0.233333 0.4 0.133333
49 0.3875 0.255556 0.4 0.0888889
29 0.4125 0.255556 0.3 0.0888889
29 0.4875 0.277778 0.45 0.133333
11 0.4875 0.277778 0.4 0.133333
49 0.5875 0.277778 0.4 0.133333
5 0.4875 0.233333 0.75 0.0444444
5 0.7 0.233333 0.375 0.0444444
49 0.7 0.277778 0.425 0.133333
9 0.675 0.277778 0.375 0.133333
11 0.675 0.277778 0.325 0.133333
2 0.6625 0.255556 0.25 0.0888889
5 0.7375 0.255556 0.3 0.177778
57 0.75625 0.233333 0.4875 0.133333
57 0.78125 0.255556 0.4375 0.177778
5 0.93125 0.277778 0.1375 0.133333
9 0.9375 0.255556 0.1 0.177778
11 0.96875 0.344444 0.0625 0.266667
29 0.0375 0.277778 0.05 0.133333
4 0.05 0.3 0.075 0.0888889
4 0.0875 0.3 0.15 0.0888889
13 0.2375 0.322222 0.3 0.133333
11 0.15 0.3 0.125 0.177778
11 0.1875 0.322222 0.1 0.133333
9 0.65 0.322222 0.425 0.133333
11 0.65 0.322222 0.325 0.133333
11 0.65 0.3 0.275 0.177778
5 0.6875 0.3 0.35 0.177778
34 0.6375 0.322222 0.1 0.133333
34 0.7375 0.322222 0.25 0.133333
5 0.94375 0.322222 0.1125 0.222222
5 0.95625 0.344444 0.0875 0.266667
9 0.175 0.322222 0.175 0.133333
29 0.1625 0.366667 0.1 0.222222
9 0.175 0.366667 0.125 0.222222
9 0.2 0.344444 0.075 0.0888889
9 0.3125 0.366667 0.1 0.133333
9 0.425 0.344444 0.275 0.177778
9 0.6 0.344444 0.225 0.0888889
9 0.55 0.322222 0.125 0.133333
9 0.6 0.344444 0.075 0.177778
13 0.7125 0.366667 0.2 0.133333
2 0.7125 0.366667 0.3 0.133333
5 0.8625 0.366667 0.05 0.133333
12 0.91875 0.344444 0.1625 0.266667
9 0.15 0.433333 0.125 0.177778
9 0.45 0.388889 0.375 0.177778
9 0.35 0.388889 0.125 0.177778
2 0.78125 0.411111 0.4375 0.133333
2 0.825 0.411111 0.175 0.133333
9 0.04375 0.433333 0.0875 0.177778
9 0.175 0.433333 0.225 0.177778
11 0.1875 0.433333 0.25 0.177778
51 0.1625 0.433333 0.15 0.0888889
9 0.475 0.433333 0.275 0.177778
5 0.5375 0.411111 0.25 0.133333
51 0.5625 0.433333 0.25 0.0888889
9 0.6375 0.455556 0.1 0.133333
5 0.7625 0.455556 0.15 0.133333
2 0.78125 0.455556 0.4375 0.133333
2 0.79375 0.433333 0.4125 0.177778
5 0.9625 0.455556 0.05 0.133333
11 0.95625 0.455556 0.0875 0.133333
9 0.0375 0.477778 0.05 0.177778
11 0.0375 0.455556 0.05 0.133333
11 0.1625 0.477778 0.25 0.177778
9 0.2125 0.477778 0.3 0.177778
9 0.125 0.455556 0.125 0.222222
9 0.175 0.477778 0.125 0.177778
11 0.3375 0.5 0.25 0.133333
9 0.3375 0.5 0.35 0.133333
5 0.2875 0.455556 0.15 0.133333
11 0.4625 0.455556 0.45 0.133333
5 0.31875 0.477778 0.6375 0.0888889
5 0.33125 0.5 0.6625 0.133333
5 0.5625 0.477778 0.35 0.0888889
9 0.5875 0.455556 0.3 0.133333
11 0.575 0.455556 0.275 0.133333
11 0.6375 0.455556 0.35 0.133333
29 0.7375 0.455556 0.45 0.133333
11 0.625 0.477778 0.125 0.177778
9 0.675 0.455556 0.075 0.133333
11 0.6875 0.455556 0.1 0.133333
11 0.7125 0.455556 0.15 0.133333
11 0.81875 0.455556 0.3625 0.133333
9 0.7875 0.455556 0.25 0.133333
9 0.78125 0.5 0.4375 0.133333
2 0.86875 0.5 0.2625 0.133333
2 0.89375 0.477778 0.2125 0.0888889
9 0.8875 0.477778 0.15 0.0888889
11 0.91875 0.455556 0.1625 0.133333
11 0.95625 0.477778 0.0875 0.177778
11 0.0375 0.566667 0.05 0.0888889
29 0.0375 0.522222 0.05 0.0888889
11 0.4 0.544444 0.425 0.133333
4 0.35625 0.544444 0.7125 0.133333
11 0.5125 0.544444 0.45 0.133333
49 0.5875 0.544444 0.45 0.133333
20 0.6125 0.566667 0.45 0.177778
11 0.925 0.544444 0.125 0.133333
9 0.0375 0.544444 0.05 0.133333
29 0.0375 0.566667 0.05 0.0888889
9 0.225 0.544444 0.275 0.133333
9 0.2625 0.566667 0.35 0.177778
9 0.1625 0.588889 0.15 0.133333
11 0.375 0.588889 0.425 0.133333
9 0.2875 0.588889 0.2 0.133333
11 0.275 0.588889 0.125 0.133333
5 0.4375 0.588889 0.55 0.133333
9 0.5625 0.588889 0.45 0.133333
11 0.6125 0.588889 0.45 0.133333
9 0.55 0.588889 0.125 0.133333
9 0.7625 0.566667 0.4 0.177778
9 0.6375 0.566667 0.15 0.177778
9 0.675 0.544444 0.125 0.133333
9 0.9125 0.566667 0.15 0.0888889
9 0.0375 0.588889 0.05 0.133333
29 0.0375 0.611111 0.05 0.0888889
9 0.1875 0.611111 0.2 0.0888889
11 0.1875 0.611111 0.25 0.177778
11 0.2 0.588889 0.225 0.133333
11 0.1875 0.588889 0.15 0.133333
11 0.3125 0.588889 0.2 0.133333
11 0.4375 0.611111 0.4 0.0888889
