29 0.015625 0 0.03125 0
29 0.034375 0 0.06875 0
1 0.034375 0.0111111 0.06875 0.0222222
4 0.065625 0.0111111 0.13125 0.0222222
8 0.071875 0.0111111 0.14375 0.0222222
0 0.0875 0.0111111 0.0875 0.0222222
0 0.125 0.0111111 0.0625 0.0222222
0 0.13125 0.0111111 0.025 0.0222222
0 0.1625 0.0111111 0.0625 0.0222222
0 0.19375 0.0222222 0.125 0.0444444
0 0.20625 0.0222222 0.075 0.0444444
0 0.225 0.0111111 0.0625 0.0222222
0 0.2375 0.0111111 0.0625 0.0222222
0 0.24375 0.0111111 0.025 0.0222222
0 0.26875 0.0111111 0.075 0.0222222
0 0.29375 0.0111111 0.075 0.0222222
0 0.31875 0.0111111 0.075 0.0222222
0 0.35625 0.0111111 0.1 0.0222222
0 0.375 0.0222222 0.1125 0.0444444
0 0.3875 0.0111111 0.0625 0.0222222
0 0.38125 0.0111111 0.025 0.0222222
0 0.4375 0.0222222 0.1375 0.0444444
0 0.4125 0.0111111 0.0625 0.0222222
0 0.43125 0.0111111 0.025 0.0222222
0 0.44375 0.0111111 0.025 0.0222222
0 0.45625 0 0.025 0
0 0.46875 0.0111111 0.025 0.0222222
0 0.48125 0.0111111 0.025 0.0222222
0 0.49375 0.0111111 0.025 0.0222222
0 0.55 0.0111111 0.1375 0.0222222
0 0.50625 0.0111111 0.05 0.0222222
0 0.575 0.0111111 0.1375 0.0222222
0 0.55625 0.0111111 0.025 0.0222222
0 0.56875 0.0111111 0.025 0.0222222
0 0.575 0.0111111 0.0375 0.0222222
20 0.60625 0.0111111 0.075 0.0222222
3 0.6125 0.0111111 0.0625 0.0222222
46 0.63125 0.0111111 0.1 0.0222222
46 0.66875 0.0111111 0.15 0.0222222
47 0.675 0.0111111 0.0625 0.0222222
26 0.68125 0.0111111 0.075 0.0222222
3 0.7 0.0111111 0.0875 0.0222222
3 0.71875 0 0.075 0
3 0.74375 0 0.075 0
1 0.75 0 0.0625 0
2 0.775 0 0.0625 0
2 0.775 0.0111111 0.0875 0.0222222
46 0.81875 0.0111111 0.1 0.0222222
28 0.825 0.0111111 0.1125 0.0222222
2 0.8125 0.0111111 0.0875 0.0222222
0 0.8625 0.0111111 0.1625 0.0222222
2 0.8625 0.0111111 0.1875 0.0222222
2 0.9 0.0111111 0.1625 0.0222222
3 0.9 0.0111111 0.1875 0.0222222
4 0.909375 0.0111111 0.18125 0.0222222
4 0.928125 0.0111111 0.14375 0.0222222
4 0.91875 0.0222222 0.15 0.0444444
2 0.965625 0.0111111 0.06875 0.0222222
0 0.959375 0.0111111 0.08125 0.0222222
0 0.959375 0.0111111 0.08125 0.0222222
64 0.959375 0.0111111 0.08125 0.0222222
29 0.015625 0.0222222 0.03125 0.0444444
29 0.01875 0.0111111 0.025 0.0222222
1 0.040625 0.0222222 0.08125 0.0444444
2 0.053125 0.0333333 0.10625 0.0666667
2 0.059375 0.0222222 0.11875 0.0444444
0 0.08125 0.0222222 0.075 0.0444444
0 0.09375 0.0333333 0.075 0.0666667
0 0.11875 0.0333333 0.075 0.0666667
0 0.14375 0.0333333 0.075 0.0666667
0 0.16875 0.0333333 0.075 0.0666667
0 0.20625 0.0333333 0.125 0.0666667
0 0.225 0.0333333 0.1125 0.0666667
0 0.21875 0.0333333 0.075 0.0666667
0 0.2375 0.0333333 0.0625 0.0666667
0 0.24375 0.0222222 0.075 0.0444444
0 0.26875 0.0222222 0.075 0.0444444
0 0.28125 0.0222222 0.075 0.0444444
0 0.30625 0.0333333 0.075 0.0666667
0 0.325 0.0333333 0.0875 0.0666667
0 0.35625 0.0333333 0.125 0.0666667
0 0.3875 0.0333333 0.0875 0.0666667
0 0.4 0.0333333 0.0625 0.0666667
0 0.4 0.0222222 0.0625 0.0444444
0 0.4125 0.0222222 0.0375 0.0444444
0 0.425 0.0222222 0.0375 0.0444444
0 0.43125 0.0111111 0.025 0.0222222
0 0.44375 0.0222222 0.025 0.0444444
0 0.45625 0.0222222 0.025 0.0444444
0 0.4625 0.0111111 0.0375 0.0222222
0 0.475 0.0111111 0.0375 0.0222222
0 0.4875 0.0222222 0.0375 0.0444444
0 0.5 0.0222222 0.0375 0.0444444
0 0.5125 0.0222222 0.0375 0.0444444
0 0.53125 0.0222222 0.025 0.0444444
0 0.54375 0.0111111 0.025 0.0222222
0 0.55625 0.0222222 0.025 0.0444444
0 0.5625 0.0222222 0.0375 0.0444444
2 0.56875 0.0222222 0.05 0.0444444
2 0.6 0.0222222 0.0875 0.0444444
0 0.6125 0.0222222 0.0875 0.0444444
0 0.65 0.0222222 0.1375 0.0444444
2 0.6375 0.0222222 0.1125 0.0444444
15 0.69375 0.0222222 0.125 0.0444444
0 0.6625 0.0222222 0.0375 0.0444444
0 0.66875 0.0222222 0.025 0.0444444
0 0.68125 0.0222222 0.05 0.0444444
2 0.6875 0.0222222 0.0625 0.0444444
2 0.7125 0.0222222 0.0875 0.0444444
1 0.7375 0.0222222 0.0625 0.0444444
1 0.75 0.0222222 0.0625 0.0444444
1 0.7625 0.0222222 0.1125 0.0444444
1 0.79375 0.0222222 0.175 0.0444444
2 0.78125 0.0222222 0.125 0.0444444
2 0.80625 0.0222222 0.05 0.0444444
1 0.825 0.0222222 0.0375 0.0444444
0 0.8375 0.0222222 0.0375 0.0444444
0 0.84375 0.0222222 0.025 0.0444444
0 0.86875 0.0222222 0.05 0.0444444
0 0.8875 0.0222222 0.0625 0.0444444
0 0.9 0.0222222 0.0625 0.0444444
0 0.9125 0.0222222 0.0625 0.0444444
0 0.9125 0.0222222 0.0375 0.0444444
0 0.91875 0.0222222 0.025 0.0444444
2 0.95625 0.0222222 0.075 0.0444444
1 0.9625 0.0222222 0.0625 0.0444444
1 0.978125 0.0111111 0.04375 0.0222222
28 0.015625 0.0333333 0.03125 0.0666667
24 0.025 0.0222222 0.0125 0.0444444
2 0.05 0.0222222 0.0625 0.0444444
4 0.053125 0.0444444 0.10625 0.0444444
1 0.1 0.0333333 0.1375 0.0666667
8 0.11875 0.0333333 0.175 0.0666667
2 0.13125 0.0333333 0.175 0.0666667
2 0.1375 0.0333333 0.1125 0.0666667
1 0.175 0.0333333 0.1625 0.0666667
1 0.20625 0.0333333 0.175 0.0666667
2 0.21875 0.0444444 0.175 0.0888889
2 0.2375 0.0444444 0.1875 0.0888889
34 0.225 0.0333333 0.1375 0.0666667
2 0.2375 0.0333333 0.1125 0.0666667
2 0.275 0.0333333 0.1625 0.0666667
1 0.2875 0.0333333 0.1625 0.0666667
1 0.3 0.0333333 0.1625 0.0666667
1 0.31875 0.0333333 0.175 0.0666667
1 0.35 0.0333333 0.1625 0.0666667
0 0.375 0.0444444 0.1625 0.0888889
0 0.40625 0.0333333 0.075 0.0666667
0 0.4125 0.0222222 0.0375 0.0444444
0 0.41875 0.0333333 0.05 0.0666667
2 0.44375 0.0222222 0.025 0.0444444
0 0.45625 0.0222222 0.025 0.0444444
2 0.46875 0.0222222 0.025 0.0444444
2 0.475 0.0222222 0.0375 0.0444444
0 0.50625 0.0222222 0.025 0.0444444
0 0.51875 0.0222222 0.025 0.0444444
4 0.54375 0.0111111 0.025 0.0222222
2 0.55625 0.0222222 0.025 0.0444444
2 0.56875 0.0222222 0.025 0.0444444
2 0.575 0.0222222 0.0375 0.0444444
2 0.6125 0.0222222 0.0625 0.0444444
2 0.6125 0.0222222 0.0125 0.0444444
0 0.63125 0.0222222 0.025 0.0444444
0 0.64375 0.0222222 0.025 0.0444444
0 0.65625 0.0222222 0.025 0.0444444
2 0.675 0.0222222 0.0375 0.0444444
2 0.675 0.0222222 0.0375 0.0444444
2 0.70625 0.0222222 0.1 0.0444444
1 0.7125 0.0333333 0.1125 0.0666667
1 0.74375 0.0333333 0.1 0.0666667
1 0.7625 0.0333333 0.0875 0.0666667
1 0.7875 0.0333333 0.1625 0.0666667
1 0.80625 0.0333333 0.175 0.0666667
1 0.84375 0.0222222 0.05 0.0444444
1 0.84375 0.0222222 0.025 0.0444444
0 0.85 0.0222222 0.0125 0.0444444
1 0.88125 0.0444444 0.05 0.0888889
1 0.925 0.0444444 0.1125 0.0888889
1 0.9375 0.0222222 0.1125 0.0444444
1 0.91875 0.0222222 0.05 0.0444444
1 0.9125 0.0222222 0.0125 0.0444444
2 0.96875 0.0222222 0.05 0.0444444
1 0.971875 0.0222222 0.05625 0.0444444
14 0.971875 0.0333333 0.05625 0.0666667
29 0.015625 0.0444444 0.03125 0.0888889
29 0.025 0.0444444 0.0125 0.0444444
3 0.053125 0.0666667 0.10625 0.0444444
4 0.084375 0.0555556 0.16875 0.0666667
8 0.084375 0.0333333 0.16875 0.0666667
2 0.1 0.0333333 0.1625 0.0666667
8 0.10625 0.0444444 0.175 0.0888889
8 0.13125 0.0333333 0.175 0.0666667
8 0.15625 0.0444444 0.175 0.0888889
2 0.18125 0.0444444 0.175 0.0888889
3 0.19375 0.0444444 0.175 0.0888889
8 0.20625 0.0666667 0.175 0.0444444
8 0.21875 0.0444444 0.175 0.0888889
13 0.23125 0.0444444 0.175 0.0888889
59 0.24375 0.0444444 0.175 0.0888889
59 0.25625 0.0333333 0.175 0.0666667
15 0.2875 0.0333333 0.1625 0.0666667
2 0.3125 0.0333333 0.1375 0.0666667
13 0.31875 0.0333333 0.15 0.0666667
24 0.31875 0.0444444 0.175 0.0888889
13 0.35 0.0555556 0.1625 0.0666667
2 0.35625 0.0555556 0.175 0.0666667
8 0.38125 0.0666667 0.175 0.0444444
2 0.38125 0.0777778 0.125 0.0666667
1 0.4375 0.0777778 0.1125 0.0666667
1 0.425 0.0777778 0.0625 0.0666667
1 0.43125 0.0666667 0.05 0.0888889
1 0.4375 0.0444444 0.0375 0.0888889
1 0.45 0.0333333 0.0375 0.0666667
2 0.4625 0.0333333 0.0375 0.0666667
2 0.475 0.0333333 0.0375 0.0666667
2 0.49375 0.0333333 0.075 0.0666667
4 0.5125 0.0222222 0.0375 0.0444444
2 0.51875 0.0444444 0.05 0.0888889
2 0.5375 0.0444444 0.0375 0.0888889
2 0.55625 0.0333333 0.025 0.0666667
2 0.5625 0.0444444 0.0375 0.0888889
2 0.575 0.0444444 0.0125 0.0888889
2 0.6125 0.0444444 0.0625 0.0444444
2 0.625 0.0444444 0.0375 0.0444444
2 0.6375 0.0444444 0.0375 0.0888889
2 0.65625 0.0444444 0.05 0.0888889
2 0.6625 0.0222222 0.0375 0.0444444
2 0.6875 0.0333333 0.0625 0.0666667
2 0.7125 0.0333333 0.0875 0.0666667
1 0.73125 0.0333333 0.075 0.0666667
1 0.74375 0.0444444 0.075 0.0888889
1 0.75625 0.0444444 0.075 0.0444444
1 0.7625 0.0444444 0.1125 0.0444444
1 0.79375 0.0555556 0.125 0.0666667
1 0.83125 0.0444444 0.075 0.0888889
1 0.85625 0.0444444 0.075 0.0888889
1 0.88125 0.0444444 0.075 0.0888889
1 0.90625 0.0555556 0.075 0.111111
1 0.9375 0.0555556 0.0875 0.111111
2 0.95 0.0444444 0.0875 0.0888889
2 0.959375 0.0555556 0.08125 0.111111
1 0.965625 0.0555556 0.06875 0.111111
1 0.953125 0.0666667 0.09375 0.0888889
1 0.98125 0.0444444 0.025 0.0444444
16 0.98125 0.0333333 0.025 0.0666667
29 0.015625 0.0666667 0.03125 0.0888889
8 0.025 0.0666667 0.0125 0.0444444
3 0.040625 0.0666667 0.08125 0.0888889
1 0.053125 0.0777778 0.10625 0.0666667
3 0.078125 0.0888889 0.15625 0.0444444
3 0.084375 0.0777778 0.16875 0.0222222
2 0.10625 0.0888889 0.15 0.0444444
2 0.08125 0.0777778 0.125 0.0666667
2 0.11875 0.0666667 0.075 0.0444444
1 0.15625 0.0777778 0.125 0.0222222
2 0.1625 0.0888889 0.1625 0.0444444
2 0.16875 0.0777778 0.175 0.0222222
1 0.14375 0.0666667 0.075 0.0444444
2 0.15625 0.0777778 0.075 0.0222222
2 0.16875 0.0666667 0.075 0.0444444
13 0.19375 0.0666667 0.1 0.0444444
13 0.25 0.0666667 0.1625 0.0444444
13 0.24375 0.0666667 0.1 0.0444444
13 0.275 0.0666667 0.0625 0.0444444
13 0.29375 0.0666667 0.075 0.0444444
2 0.29375 0.0666667 0.1 0.0444444
13 0.31875 0.0555556 0.175 0.0666667
1 0.35 0.0666667 0.1625 0.0444444
1 0.3625 0.0555556 0.1625 0.0666667
2 0.39375 0.0666667 0.175 0.0888889
1 0.41875 0.0666667 0.175 0.0888889
2 0.43125 0.0666667 0.175 0.0888889
2 0.40625 0.0666667 0.1 0.0888889
2 0.45 0.0777778 0.0375 0.0666667
2 0.46875 0.0666667 0.025 0.0444444
2 0.475 0.0666667 0.0375 0.0444444
2 0.5 0.0777778 0.0625 0.0666667
2 0.5125 0.0666667 0.0375 0.0444444
1 0.53125 0.0555556 0.025 0.0666667
2 0.54375 0.0555556 0.025 0.0666667
2 0.55625 0.0555556 0.025 0.0666667
2 0.5625 0.0555556 0.0125 0.0666667
2 0.58125 0.0777778 0.025 0.0666667
1 0.6 0.0888889 0.0625 0.0444444
1 0.6 0.0777778 0.0625 0.0666667
1 0.625 0.0777778 0.0375 0.0666667
1 0.6375 0.0777778 0.0375 0.0666667
1 0.65625 0.0777778 0.025 0.0666667
2 0.6625 0.0666667 0.0375 0.0444444
2 0.7 0.0666667 0.0625 0.0444444
2 0.71875 0.0666667 0.1 0.0444444
1 0.73125 0.0777778 0.1 0.0222222
1 0.73125 0.0666667 0.1 0.0444444
1 0.75625 0.0666667 0.075 0.0444444
1 0.76875 0.0555556 0.075 0.0666667
1 0.7875 0.0555556 0.0625 0.0666667
1 0.80625 0.0555556 0.075 0.0666667
1 0.83125 0.0555556 0.075 0.0666667
1 0.825 0.0666667 0.1125 0.0888889
1 0.85625 0.0666667 0.125 0.0888889
