21 0.103125 0.0111111 0.20625 0.0222222
4 0.15625 0.0111111 0.1 0.0222222
44 0.4375 0.0111111 0.2125 0.0222222
44 0.4625 0.0111111 0.0875 0.0222222
44 0.49375 0.0111111 0.15 0.0222222
6 0.53125 0.0111111 0.25 0.0222222
4 0.56875 0.0111111 0.175 0.0222222
8 0.85 0 0.1375 0
11 0.934375 0.0111111 0.13125 0.0222222
8 0.940625 0 0.11875 0
8 0.9125 0.0111111 0.1625 0.0222222
53 0.971875 0.0111111 0.05625 0.0222222
2 0.9875 0 0.0125 0
52 0.990625 0.0111111 0.01875 0.0222222
9 0.10625 0.0111111 0.05 0.0222222
4 0.1375 0.0111111 0.1125 0.0222222
7 0.15 0.0111111 0.1125 0.0222222
21 0.6375 0.0111111 0.1375 0.0222222
21 0.66875 0.0222222 0.15 0.0444444
54 0.990625 0.0111111 0.01875 0.0222222
3 0.1125 0.0222222 0.0625 0.0444444
10 0.18125 0.0222222 0.125 0.0444444
19 0.15625 0.0333333 0.05 0.0222222
19 0.175 0.0444444 0.0375 0.0444444
19 0.19375 0.0333333 0.025 0.0222222
19 0.24375 0.0333333 0.125 0.0222222
19 0.31875 0.0333333 0.125 0.0222222
19 0.35 0.0333333 0.1125 0.0222222
10 0.34375 0.0222222 0.025 0.0444444
10 0.375 0.0222222 0.0625 0.0444444
10 0.4125 0.0222222 0.1125 0.0444444
10 0.4 0.0222222 0.0625 0.0444444
10 0.41875 0.0222222 0.05 0.0444444
10 0.41875 0.0222222 0.075 0.0444444
10 0.4625 0.0222222 0.1125 0.0444444
3 0.46875 0.0222222 0.125 0.0444444
8 0.475 0.0222222 0.1375 0.0444444
6 0.48125 0.0222222 0.125 0.0444444
2 0.46875 0.0222222 0.05 0.0444444
2 0.5 0.0222222 0.0625 0.0444444
2 0.525 0.0222222 0.1125 0.0444444
2 0.5375 0.0222222 0.1125 0.0444444
3 0.53125 0.0222222 0.1 0.0444444
10 0.55625 0.0222222 0.075 0.0444444
10 0.575 0.0222222 0.0375 0.0444444
10 0.575 0.0222222 0.0125 0.0444444
10 0.5875 0.0222222 0.0375 0.0444444
21 0.63125 0.0222222 0.125 0.0444444
21 0.63125 0.0333333 0.125 0.0666667
21 0.65 0.0222222 0.1125 0.0444444
20 0.69375 0.0333333 0.15 0.0666667
19 0.71875 0.0333333 0.1 0.0666667
21 0.18125 0.0444444 0.125 0.0444444
19 0.175 0.0444444 0.0625 0.0444444
19 0.16875 0.0666667 0.075 0.0888889
18 0.175 0.0555556 0.0625 0.0666667
18 0.1875 0.0444444 0.0375 0.0444444
18 0.24375 0.0555556 0.125 0.0666667
18 0.25 0.0444444 0.1375 0.0444444
19 0.26875 0.0555556 0.125 0.0666667
19 0.275 0.0444444 0.1375 0.0444444
19 0.29375 0.0555556 0.15 0.0666667
18 0.33125 0.0444444 0.1 0.0444444
18 0.30625 0.0444444 0.025 0.0444444
19 0.31875 0.0444444 0.025 0.0444444
19 0.33125 0.0444444 0.025 0.0444444
19 0.35 0.0333333 0.0125 0.0666667
12 0.49375 0.0777778 0.15 0.0666667
10 0.55625 0.0555556 0.05 0.0666667
21 0.575 0.0555556 0.0375 0.0666667
21 0.63125 0.0666667 0.125 0.0888889
55 0.6375 0.0666667 0.1375 0.0888889
21 0.66875 0.0555556 0.125 0.111111
18 0.68125 0.0555556 0.175 0.111111
16 0.6875 0.0444444 0.1625 0.0888889
19 0.69375 0.0444444 0.075 0.0888889
21 0.7 0.0444444 0.0875 0.0888889
8 0.1375 0.0666667 0.1625 0.0444444
8 0.128125 0.0666667 0.25625 0.0444444
21 0.1625 0.0888889 0.1875 0.0888889
21 0.16875 0.0777778 0.05 0.111111
21 0.175 0.0555556 0.0625 0.0666667
19 0.1875 0.0555556 0.0375 0.0666667
19 0.25 0.0777778 0.1375 0.0666667
19 0.25625 0.0666667 0.15 0.0888889
19 0.25625 0.0888889 0.15 0.0444444
19 0.29375 0.0888889 0.15 0.0444444
19 0.3 0.0777778 0.1625 0.0666667
21 0.31875 0.0666667 0.15 0.0888889
21 0.29375 0.0666667 0.05 0.0888889
21 0.35 0.0777778 0.1375 0.111111
10 0.40625 0.0888889 0.125 0.0888889
10 0.4375 0.0666667 0.1625 0.133333
10 0.55 0.0666667 0.1875 0.133333
10 0.55625 0.0777778 0.175 0.111111
10 0.55 0.0777778 0.0625 0.111111
10 0.6 0.0777778 0.1625 0.111111
21 0.68125 0.0777778 0.175 0.0666667
19 0.15625 0.0888889 0.175 0.0888889
22 0.16875 0.1 0.05 0.0666667
22 0.16875 0.0777778 0.05 0.111111
21 0.24375 0.0888889 0.15 0.0888889
19 0.25625 0.111111 0.15 0.0888889
21 0.2625 0.122222 0.1375 0.0666667
54 0.2875 0.1 0.1375 0.0666667
54 0.3375 0.0777778 0.0875 0.155556
10 0.45 0.1 0.0625 0.111111
50 0.55 0.111111 0.0625 0.0444444
21 0.55625 0.122222 0.075 0.0666667
21 0.6 0.111111 0.1625 0.0888889
21 0.5875 0.111111 0.0375 0.0444444
50 0.59375 0.111111 0.05 0.0444444
50 0.64375 0.122222 0.175 0.0666667
54 0.675 0.122222 0.1375 0.0666667
55 0.6875 0.111111 0.1625 0.0444444
31 0.15 0.133333 0.1625 0.0444444
19 0.15625 0.111111 0.175 0.0444444
19 0.1625 0.1 0.0375 0.0666667
22 0.1625 0.111111 0.0375 0.0888889
21 0.16875 0.1 0.05 0.0666667
21 0.2375 0.133333 0.1625 0.0888889
21 0.3375 0.111111 0.1125 0.0444444
54 0.35 0.122222 0.1375 0.0666667
10 0.36875 0.133333 0.125 0.0888889
10 0.40625 0.133333 0.125 0.0888889
10 0.4375 0.133333 0.1625 0.0888889
10 0.475 0.122222 0.1375 0.111111
10 0.45625 0.122222 0.05 0.0666667
10 0.55 0.133333 0.1875 0.0888889
21 0.58125 0.133333 0.125 0.0888889
10 0.55625 0.133333 0.075 0.0888889
14 0.5625 0.133333 0.0875 0.0888889
14 0.6375 0.133333 0.1375 0.0888889
21 0.64375 0.122222 0.175 0.0666667
21 0.675 0.133333 0.1375 0.0888889
21 0.68125 0.122222 0.175 0.0666667
50 0.7375 0.133333 0.1625 0.0888889
50 0.775 0.144444 0.1625 0.0666667
50 0.7625 0.133333 0.0875 0.0888889
50 0.775 0.144444 0.0875 0.0666667
22 0.15 0.144444 0.1375 0.0222222
55 0.15625 0.133333 0.175 0.0444444
19 0.15625 0.133333 0.175 0.0888889
19 0.175 0.122222 0.0375 0.0666667
21 0.20625 0.122222 0.125 0.0666667
21 0.2125 0.133333 0.1375 0.0444444
21 0.23125 0.144444 0.15 0.0666667
21 0.2375 0.155556 0.1625 0.0888889
54 0.25 0.144444 0.1625 0.0666667
54 0.2625 0.144444 0.1625 0.111111
21 0.325 0.144444 0.1375 0.0666667
22 0.34375 0.133333 0.125 0.0888889
55 0.35625 0.133333 0.125 0.0888889
55 0.33125 0.133333 0.2 0.0888889
10 0.41875 0.144444 0.15 0.0666667
10 0.4625 0.155556 0.1375 0.0444444
6 0.46875 0.155556 0.15 0.0444444
10 0.475 0.155556 0.1625 0.0888889
21 0.55 0.155556 0.0625 0.0888889
21 0.60625 0.144444 0.15 0.111111
4 0.6375 0.166667 0.1375 0.0666667
21 0.64375 0.155556 0.15 0.0888889
50 0.725 0.155556 0.1375 0.0444444
50 0.75625 0.166667 0.125 0.0666667
50 0.7875 0.166667 0.1375 0.0666667
50 0.79375 0.155556 0.15 0.0444444
30 0.1375 0.166667 0.1375 0.0666667
54 0.1625 0.166667 0.0625 0.0666667
21 0.1625 0.155556 0.2375 0.0888889
55 0.2125 0.166667 0.2125 0.111111
55 0.24375 0.177778 0.175 0.0888889
10 0.2625 0.166667 0.1625 0.111111
54 0.31875 0.166667 0.15 0.111111
55 0.325 0.166667 0.1625 0.111111
54 0.35625 0.166667 0.15 0.111111
10 0.43125 0.155556 0.15 0.0888889
10 0.4625 0.155556 0.1125 0.0888889
10 0.46875 0.166667 0.125 0.0666667
6 0.46875 0.166667 0.15 0.0666667
50 0.475 0.166667 0.1625 0.0666667
21 0.55625 0.188889 0.075 0.0666667
14 0.5625 0.177778 0.0625 0.0888889
4 0.5875 0.177778 0.0375 0.0444444
14 0.6375 0.188889 0.1375 0.0666667
50 0.64375 0.188889 0.15 0.0666667
50 0.64375 0.177778 0.175 0.0444444
30 0.1375 0.211111 0.1375 0.0666667
50 0.10625 0.2 0.1 0.0444444
50 0.1625 0.2 0.1875 0.0444444
55 0.2 0.2 0.1375 0.0444444
21 0.2125 0.188889 0.1625 0.0666667
50 0.23125 0.2 0.15 0.0888889
50 0.29375 0.188889 0.175 0.0666667
55 0.31875 0.188889 0.175 0.0666667
50 0.38125 0.188889 0.175 0.0666667
50 0.4125 0.188889 0.1625 0.0666667
50 0.55 0.188889 0.0625 0.0666667
14 0.5875 0.188889 0.0375 0.0666667
21 0.59375 0.188889 0.05 0.0666667
21 0.1625 0.211111 0.0625 0.0666667
21 0.20625 0.2 0.225 0.0888889
50 0.2625 0.211111 0.1625 0.0666667
50 0.275 0.2 0.1625 0.0888889
50 0.33125 0.211111 0.15 0.0666667
21 0.36875 0.211111 0.15 0.0666667
50 0.3875 0.211111 0.1625 0.0666667
21 0.5625 0.2 0.0625 0.0888889
10 0.5625 0.2 0.0625 0.0888889
10 0.5875 0.2 0.0375 0.0888889
21 0.015625 0.233333 0.03125 0.111111
10 0.8375 0.344444 0.0875 0.0666667
10 0.86875 0.333333 0.075 0.0888889
10 0.8625 0.333333 0.0625 0.0444444
10 0.7625 0.366667 0.1375 0.0666667
10 0.81875 0.355556 0.1 0.0888889
10 0.85 0.366667 0.0875 0.0666667
10 0.45625 0.366667 0.075 0.0666667
4 0.7125 0.388889 0.0625 0.0666667
2 0.7625 0.388889 0.1375 0.0666667
4 0.76875 0.388889 0.15 0.0666667
4 0.79375 0.388889 0.125 0.0666667
4 0.75625 0.388889 0.075 0.0666667
21 0.79375 0.388889 0.075 0.0666667
21 0.5625 0.355556 0.0375 0.0888889
4 0.7125 0.411111 0.0625 0.0666667
4 0.7625 0.411111 0.1375 0.0666667
6 0.76875 0.411111 0.15 0.0666667
4 0.8125 0.411111 0.1625 0.0666667
21 0.83125 0.4 0.15 0.0888889
10 0.0875 0.411111 0.0875 0.111111
6 0.70625 0.411111 0.05 0.0666667
6 0.7625 0.422222 0.1625 0.0444444
4 0.79375 0.422222 0.125 0.0444444
6 0.7875 0.433333 0.1625 0.0666667
4 0.8 0.433333 0.1625 0.0666667
6 0.70625 0.433333 0.05 0.0666667
6 0.7875 0.444444 0.1125 0.0888889
6 0.8 0.444444 0.1625 0.0888889
21 0.76875 0.444444 0.075 0.0888889
21 0.7875 0.444444 0.0625 0.0888889
14 0.8375 0.433333 0.1625 0.111111
21 0.86875 0.422222 0.125 0.0888889
50 0.8875 0.444444 0.1375 0.0444444
21 0.9 0.433333 0.1375 0.0666667
21 0.64375 0.533333 0.05 0.133333
8 0.15625 0.622222 0.175 0.0888889
21 0.35625 0.588889 0.15 0.155556
21 0.0125 0.622222 0.0125 0.133333
55 0.375 0.6 0.1625 0.177778
21 0.375 0.6 0.1625 0.177778
19 0.29375 0.655556 0.15 0.0666667
54 0.31875 0.655556 0.125 0.0666667
55 0.39375 0.666667 0.175 0.0888889
21 0.015625 0.655556 0.03125 0.111111
21 0.15 0.666667 0.1375 0.0888889
19 0.15 0.655556 0.1375 0.0666667
19 0.13125 0.666667 0.075 0.0888889
21 0.15 0.677778 0.1125 0.111111
21 0.1625 0.677778 0.0625 0.111111
21 0.2 0.677778 0.1375 0.111111
21 0.2625 0.666667 0.1375 0.0888889
19 0.26875 0.666667 0.175 0.0888889
19 0.3 0.666667 0.1625 0.0888889
21 0.33125 0.666667 0.15 0.0888889
54 0.34375 0.666667 0.125 0.0888889
21 0.40625 0.666667 0.15 0.0888889
9 0.015625 0.677778 0.03125 0.0666667
2 0.05 0.688889 0.0625 0.0444444
2 0.075 0.688889 0.1125 0.0888889
21 0.15 0.711111 0.1375 0.0888889
21 0.175 0.7 0.1375 0.111111
21 0.15625 0.688889 0.05 0.0888889
21 0.2 0.7 0.1125 0.111111
21 0.24375 0.677778 0.15 0.0666667
21 0.26875 0.688889 0.15 0.0888889
19 0.28125 0.7 0.15 0.0666667
19 0.3125 0.7 0.1625 0.0666667
21 0.3375 0.7 0.1375 0.0666667
21 0.34375 0.7 0.15 0.111111
21 0.375 0.677778 0.1625 0.0666667
21 0.40625 0.688889 0.15 0.0888889
55 0.4125 0.688889 0.1375 0.0888889
21 0.45 0.677778 0.1625 0.111111
55 0.5125 0.688889 0.1375 0.0444444
54 0.53125 0.688889 0.15 0.0444444
21 0.59375 0.711111 0.125 0.0444444
21 0.009375 0.722222 0.01875 0.0666667
0 0.015625 0.711111 0.03125 0.0888889
2 0.06875 0.722222 0.1 0.0666667
2 0.04375 0.711111 0.05 0.0444444
2 0.05 0.7 0.0625 0.0666667
21 0.13125 0.722222 0.05 0.0666667
21 0.29375 0.711111 0.15 0.0888889
21 0.3375 0.711111 0.1125 0.0888889
21 0.36875 0.711111 0.15 0.0888889
21 0.38125 0.7 0.15 0.111111
21 0.40625 0.711111 0.15 0.0888889
10 0.4125 0.711111 0.1375 0.0888889
55 0.43125 0.7 0.125 0.0666667
21 0.45 0.7 0.1625 0.0666667
