11 0.1375 0.0111111 0.1625 0.0222222
11 0.15 0.0222222 0.1625 0.0444444
11 0.19375 0.0222222 0.125 0.0444444
6 0.2 0.0222222 0.1125 0.0444444
11 0.2125 0.0111111 0.1125 0.0222222
11 0.25 0.0222222 0.1125 0.0444444
11 0.45 0.0222222 0.1875 0.0444444
11 0.46875 0.0222222 0.175 0.0444444
6 0.48125 0.0111111 0.175 0.0222222
6 0.525 0.0111111 0.1875 0.0222222
13 0.5375 0.0111111 0.1875 0.0222222
66 0.55 0.0111111 0.1875 0.0222222
43 0.58125 0.0111111 0.175 0.0222222
66 0.625 0.0111111 0.1875 0.0222222
6 0.64375 0.0111111 0.175 0.0222222
6 0.65625 0.0111111 0.175 0.0222222
6 0.7 0.0111111 0.1875 0.0222222
6 0.71875 0.0222222 0.2 0.0444444
6 0.725 0.0222222 0.1125 0.0444444
11 0.7625 0.0111111 0.1625 0.0222222
6 0.775 0.0111111 0.1875 0.0222222
29 0.79375 0.0222222 0.125 0.0444444
29 0.946875 0.0111111 0.10625 0.0222222
3 0.953125 0.0111111 0.09375 0.0222222
47 0.053125 0.0333333 0.10625 0.0666667
6 0.08125 0.0333333 0.125 0.0666667
11 0.20625 0.0111111 0.125 0.0222222
11 0.23125 0.0111111 0.125 0.0222222
11 0.2625 0.0222222 0.1125 0.0444444
55 0.2875 0.0222222 0.1125 0.0444444
6 0.3 0.0222222 0.1125 0.0444444
47 0.31875 0.0222222 0.1 0.0444444
23 0.41875 0.0222222 0.1 0.0444444
66 0.46875 0.0222222 0.125 0.0444444
66 0.49375 0.0222222 0.1 0.0444444
66 0.51875 0.0222222 0.125 0.0444444
66 0.54375 0.0111111 0.1 0.0222222
66 0.56875 0.0111111 0.125 0.0222222
66 0.59375 0.0111111 0.125 0.0222222
66 0.64375 0.0222222 0.125 0.0444444
6 0.68125 0.0222222 0.175 0.0444444
4 0.725 0.0111111 0.1125 0.0222222
2 0.7625 0.0111111 0.1625 0.0222222
32 0.78125 0.0222222 0.125 0.0444444
11 0.8 0.0222222 0.1125 0.0444444
4 0.946875 0.0333333 0.10625 0.0666667
8 0.953125 0.0333333 0.09375 0.0666667
8 0.2375 0.0333333 0.0625 0.0666667
6 0.45625 0.0333333 0.15 0.0666667
4 0.56875 0.0444444 0.125 0.0444444
4 0.58125 0.0333333 0.125 0.0666667
4 0.65625 0.0333333 0.125 0.0666667
4 0.65625 0.0333333 0.075 0.0666667
4 0.69375 0.0333333 0.175 0.0666667
10 0.7375 0.0222222 0.0125 0.0444444
39 0.75625 0.0222222 0.025 0.0444444
10 0.78125 0.0222222 0.025 0.0444444
10 0.8 0.0222222 0.0125 0.0444444
10 0.83125 0.0222222 0.05 0.0444444
8 0.946875 0.0444444 0.10625 0.0888889
49 0.990625 0.0222222 0.01875 0.0444444
26 0.1625 0.0333333 0.0625 0.0666667
11 0.225 0.0555556 0.0625 0.111111
29 0.26875 0.0333333 0.05 0.0666667
43 0.5125 0.0444444 0.1375 0.0888889
43 0.5625 0.0444444 0.1375 0.0888889
43 0.59375 0.0333333 0.125 0.0666667
52 0.6 0.0333333 0.1125 0.0666667
1 0.6375 0.0333333 0.0625 0.0666667
43 0.6625 0.0555556 0.1125 0.0666667
25 0.7 0.0555556 0.1375 0.0666667
43 0.70625 0.0777778 0.125 0.0666667
3 0.2 0.0555556 0.0875 0.111111
3 0.21875 0.0888889 0.075 0.0444444
47 0.21875 0.0888889 0.05 0.0444444
9 0.28125 0.0777778 0.15 0.0666667
8 0.26875 0.0888889 0.05 0.0444444
11 0.3125 0.0888889 0.1375 0.0444444
11 0.2875 0.0666667 0.0875 0.0888889
8 0.33125 0.0666667 0.125 0.0888889
8 0.30625 0.0555556 0.075 0.111111
44 0.7125 0.0777778 0.1375 0.0666667
9 0.990625 0.0555556 0.01875 0.0666667
8 0.05 0.0888889 0.0625 0.0888889
8 0.06875 0.0888889 0.1 0.0888889
11 0.15625 0.0888889 0.175 0.133333
11 0.18125 0.111111 0.05 0.0444444
11 0.225 0.1 0.1125 0.0666667
12 0.2375 0.0777778 0.1125 0.0666667
21 0.25 0.0777778 0.1125 0.0666667
47 0.225 0.0777778 0.0375 0.0666667
21 0.28125 0.0777778 0.1 0.0666667
21 0.26875 0.0777778 0.05 0.0666667
47 0.325 0.0888889 0.1125 0.0888889
8 0.3 0.0777778 0.0625 0.0666667
4 0.29375 0.0777778 0.05 0.0666667
8 0.34375 0.0666667 0.175 0.133333
4 0.59375 0.0777778 0.125 0.0666667
4 0.69375 0.0666667 0.175 0.0888889
21 0.84375 0.0777778 0.175 0.0666667
10 0.95 0.0666667 0.0875 0.0888889
10 0.990625 0.0888889 0.01875 0.0444444
47 0.18125 0.133333 0.075 0.0888889
47 0.18125 0.144444 0.05 0.0666667
54 0.1875 0.144444 0.0375 0.0666667
11 0.24375 0.1 0.125 0.111111
47 0.225 0.1 0.0375 0.111111
77 0.25 0.1 0.0875 0.111111
3 0.2625 0.1 0.0625 0.111111
1 0.26875 0.1 0.05 0.0666667
9 0.959375 0.111111 0.08125 0.0888889
12 0.95625 0.1 0.075 0.111111
21 0.984375 0.111111 0.03125 0.0888889
16 0.18125 0.144444 0.05 0.111111
18 0.18125 0.144444 0.05 0.111111
19 0.24375 0.144444 0.15 0.111111
11 0.2375 0.133333 0.1125 0.133333
0 0.2375 0.133333 0.0625 0.133333
11 0.25 0.111111 0.0875 0.133333
11 0.25625 0.155556 0.075 0.0444444
11 0.2875 0.155556 0.1375 0.0444444
9 0.40625 0.144444 0.075 0.0666667
32 0.49375 0.133333 0.075 0.0444444
32 0.51875 0.133333 0.075 0.0444444
32 0.53125 0.122222 0.075 0.0666667
32 0.5375 0.133333 0.0625 0.0444444
32 0.55 0.133333 0.0625 0.0444444
32 0.5625 0.133333 0.0625 0.0444444
32 0.575 0.122222 0.0625 0.0666667
32 0.59375 0.122222 0.075 0.0666667
39 0.625 0.122222 0.0625 0.0666667
9 0.725 0.122222 0.1125 0.0666667
7 0.71875 0.122222 0.075 0.0666667
44 0.73125 0.144444 0.05 0.0666667
8 0.79375 0.122222 0.1 0.111111
32 0.9875 0.111111 0.0125 0.0888889
12 0.9875 0.133333 0.0125 0.0444444
19 0.175 0.144444 0.0375 0.111111
21 0.175 0.144444 0.0375 0.111111
54 0.18125 0.144444 0.025 0.111111
3 0.23125 0.144444 0.075 0.111111
34 0.36875 0.155556 0.125 0.0888889
8 0.775 0.177778 0.1375 0.0444444
19 0.80625 0.166667 0.1 0.0222222
13 0.8625 0.177778 0.1125 0.0444444
43 0.9 0.166667 0.1375 0.0666667
43 0.940625 0.155556 0.11875 0.0888889
10 0.98125 0.144444 0.025 0.0666667
9 0.01875 0.177778 0.025 0.0888889
16 0.16875 0.211111 0.025 0.0666667
16 0.16875 0.211111 0.05 0.0666667
16 0.18125 0.2 0.025 0.0444444
12 0.21875 0.188889 0.075 0.0222222
2 0.21875 0.188889 0.05 0.0222222
9 0.225 0.177778 0.0125 0.0444444
43 0.7 0.188889 0.1625 0.0666667
29 0.775 0.188889 0.1625 0.0666667
14 0.80625 0.188889 0.1 0.0666667
4 0.825 0.166667 0.1625 0.0666667
4 0.85 0.166667 0.1125 0.0666667
4 0.8875 0.166667 0.1625 0.0666667
8 0.928125 0.166667 0.14375 0.0666667
34 0.928125 0.155556 0.14375 0.0888889
2 0.934375 0.155556 0.13125 0.0888889
3 0.19375 0.2 0.1 0.0888889
44 0.175 0.211111 0.0625 0.0666667
3 0.225 0.211111 0.1125 0.0666667
20 0.21875 0.2 0.05 0.0888889
10 0.21875 0.2 0.025 0.0888889
3 0.80625 0.211111 0.1 0.0666667
2 0.915625 0.177778 0.16875 0.0888889
2 0.978125 0.211111 0.04375 0.0666667
50 0.21875 0.211111 0.175 0.111111
43 0.8125 0.233333 0.1125 0.0666667
44 0.928125 0.211111 0.14375 0.0666667
10 0.959375 0.211111 0.08125 0.111111
0 0.984375 0.222222 0.03125 0.0888889
14 0.975 0.222222 0.0375 0.0888889
44 0.946875 0.233333 0.10625 0.111111
21 0.975 0.233333 0.0375 0.0666667
19 0.7375 0.277778 0.0875 0.0666667
43 0.946875 0.277778 0.10625 0.0666667
6 0.946875 0.277778 0.10625 0.0666667
0 0.98125 0.244444 0.025 0.133333
24 0.95625 0.277778 0.075 0.0666667
0 0.9875 0.277778 0.0125 0.0666667
4 0.06875 0.3 0.125 0.0666667
43 0.11875 0.3 0.125 0.0666667
64 0.8 0.311111 0.0625 0.0444444
10 0.984375 0.3 0.03125 0.0666667
0 0.1 0.311111 0.0625 0.0444444
0 0.1125 0.322222 0.0625 0.0666667
2 0.125 0.311111 0.1125 0.0888889
2 0.15 0.311111 0.1125 0.0888889
9 0.15625 0.311111 0.125 0.0888889
0 0.19375 0.322222 0.075 0.0666667
0 0.2375 0.322222 0.0625 0.0666667
13 0.78125 0.344444 0.175 0.0666667
13 0.79375 0.333333 0.175 0.0888889
13 0.825 0.333333 0.0625 0.0444444
43 0.925 0.322222 0.1125 0.0666667
47 0.1 0.355556 0.0625 0.0444444
47 0.19375 0.355556 0.075 0.0444444
44 0.225 0.355556 0.0625 0.0444444
66 0.15 0.388889 0.1625 0.0666667
6 0.1875 0.388889 0.1875 0.0666667
66 0.2125 0.377778 0.1375 0.0444444
13 0.2875 0.388889 0.1625 0.0666667
29 0.953125 0.388889 0.09375 0.111111
43 0.18125 0.433333 0.175 0.0666667
43 0.953125 0.411111 0.09375 0.111111
34 0.95 0.444444 0.0875 0.0888889
9 0.23125 0.488889 0.075 0.0444444
43 0.2125 0.5 0.1375 0.0666667
43 0.2625 0.5 0.1375 0.0666667
4 0.69375 0.5 0.125 0.0666667
4 0.71875 0.5 0.125 0.0666667
4 0.74375 0.5 0.125 0.0666667
5 0.946875 0.488889 0.10625 0.0888889
8 0.925 0.511111 0.1375 0.0888889
8 0.946875 0.511111 0.10625 0.0888889
5 0.89375 0.533333 0.175 0.0888889
8 0.915625 0.533333 0.16875 0.0888889
43 0.2125 0.566667 0.1625 0.0666667
43 0.8 0.577778 0.1625 0.0888889
43 0.89375 0.555556 0.125 0.0888889
44 0.93125 0.566667 0.125 0.0666667
9 0.23125 0.588889 0.125 0.0666667
0 0.24375 0.588889 0.125 0.0666667
0 0.28125 0.588889 0.075 0.0666667
14 0.29375 0.577778 0.075 0.0444444
8 0.55 0.588889 0.1625 0.111111
8 0.58125 0.6 0.175 0.0888889
10 0.25 0.611111 0.1375 0.0666667
3 0.28125 0.611111 0.125 0.0666667
0 0.29375 0.622222 0.1 0.0888889
10 0.2875 0.622222 0.0875 0.0888889
11 0.29375 0.6 0.1 0.0888889
11 0.33125 0.6 0.125 0.0888889
11 0.35625 0.6 0.125 0.0888889
21 0.4875 0.6 0.1125 0.0888889
44 0.59375 0.622222 0.05 0.0444444
44 0.6 0.633333 0.0625 0.0222222
44 0.6125 0.633333 0.0625 0.0222222
11 0.39375 0.655556 0.15 0.0666667
3 0.4125 0.655556 0.1375 0.0666667
8 0.41875 0.655556 0.125 0.0666667
8 0.45 0.655556 0.1125 0.0666667
3 0.46875 0.644444 0.125 0.0444444
8 0.475 0.644444 0.1375 0.0444444
0 0.5 0.644444 0.1125 0.0444444
8 0.5125 0.644444 0.1375 0.0444444
16 0.5125 0.644444 0.1375 0.0444444
21 0.53125 0.644444 0.05 0.0444444
4 0.15625 0.677778 0.15 0.0666667
60 0.95 0.688889 0.0875 0.0888889
29 0.95 0.688889 0.0875 0.0888889
26 0.9875 0.688889 0.0125 0.0888889
32 0.14375 0.7 0.075 0.0666667
32 0.1625 0.7 0.0625 0.0666667
11 0.95 0.7 0.0875 0.111111
14 0.23125 0.744444 0.175 0.0666667
51 0.8125 0.744444 0.1375 0.0666667
51 0.8625 0.755556 0.1875 0.0444444
10 0.875 0.744444 0.1875 0.0666667
32 0.8875 0.755556 0.1875 0.0444444
14 0.35 0.788889 0.1125 0.0666667
14 0.34375 0.788889 0.175 0.0666667
14 0.38125 0.788889 0.175 0.0666667
14 0.425 0.788889 0.0625 0.0666667
50 0.44375 0.788889 0.05 0.0666667
14 0.4625 0.788889 0.0625 0.0666667
9 0.51875 0.777778 0.075 0.0444444
39 0.73125 0.777778 0.175 0.0888889
44 0.75625 0.777778 0.175 0.0888889
44 0.79375 0.788889 0.175 0.0666667
44 0.81875 0.8 0.175 0.0444444
44 0.83125 0.811111 0.175 0.0222222
44 0.85625 0.788889 0.075 0.0666667
44 0.875 0.8 0.0625 0.0444444
44 0.88125 0.8 0.025 0.0444444
44 0.93125 0.8 0.075 0.0444444
4 0.2125 0.811111 0.0875 0.0666667
44 0.45625 0.822222 0.15 0.0444444
44 0.1875 0.844444 0.0625 0.0444444
44 0.53125 0.855556 0.125 0.0666667
8 0.53125 0.866667 0.125 0.0888889
44 0.55625 0.877778 0.175 0.0666667
21 0.34375 0.922222 0.075 0.0666667
21 0.35625 0.933333 0.075 0.0888889
44 0.46875 0.955556 0.125 0.0888889
44 0.49375 0.955556 0.2 0.0888889
44 0.5375 0.955556 0.0875 0.0888889
21 0.54375 0.955556 0.1 0.0888889
44 0.575 0.955556 0.1625 0.0888889
8 0.0875 0.988889 0.0625 0.0222222
8 0.1 0.977778 0.0625 0.0444444
8 0.11875 0.977778 0.075 0.0444444
44 0.13125 0.977778 0.075 0.0444444
44 0.1625 0.977778 0.0625 0.0444444
