11 0.021875 0 0.04375 0
11 0.046875 0.0333333 0.09375 0.0666667
11 0.1125 0.0111111 0.1125 0.0222222
23 0.1375 0.0111111 0.1125 0.0222222
11 0.15 0.0111111 0.1125 0.0222222
11 0.2 0.0111111 0.1125 0.0222222
23 0.225 0.0111111 0.1125 0.0222222
23 0.275 0.0111111 0.0875 0.0222222
21 0.2875 0.0111111 0.0875 0.0222222
23 0.3125 0.0111111 0.0875 0.0222222
11 0.3125 0.0111111 0.1125 0.0222222
11 0.3375 0.0111111 0.1125 0.0222222
11 0.3625 0.0111111 0.1125 0.0222222
11 0.375 0.0111111 0.1125 0.0222222
21 0.46875 0.0111111 0.05 0.0222222
11 0.46875 0.0111111 0.075 0.0222222
10 0.48125 0.0222222 0.1 0.0444444
11 0.4875 0.0222222 0.1125 0.0444444
25 0.5375 0.0222222 0.1125 0.0444444
11 0.55625 0.0111111 0.075 0.0222222
11 0.7875 0.0222222 0.1125 0.0444444
11 0.825 0.0333333 0.1125 0.0666667
11 0.9125 0.0222222 0.0875 0.0444444
11 0.9125 0.0333333 0.1125 0.0666667
8 0.021875 0.0333333 0.04375 0.0666667
11 0.015625 0.0444444 0.03125 0.0444444
11 0.81875 0.0555556 0.1 0.0666667
11 0.021875 0.0666667 0.04375 0.0444444
11 0.021875 0.0777778 0.04375 0.0666667
55 0.10625 0.0666667 0.175 0.0444444
19 0.021875 0.0888889 0.04375 0.0444444
11 0.021875 0.0888889 0.04375 0.0444444
21 0.1125 0.0777778 0.0875 0.0666667
21 0.15 0.0777778 0.1375 0.0666667
50 0.175 0.0888889 0.1375 0.0444444
21 0.059375 0.1 0.11875 0.0666667
11 0.021875 0.1 0.04375 0.0666667
11 0.625 0.111111 0.0875 0.0444444
25 0.84375 0.122222 0.175 0.0666667
6 0.953125 0.122222 0.09375 0.111111
25 0.059375 0.133333 0.11875 0.0888889
25 0.034375 0.144444 0.06875 0.111111
25 0.125 0.122222 0.1875 0.0666667
25 0.13125 0.133333 0.175 0.0444444
11 0.85 0.133333 0.1375 0.0444444
11 0.88125 0.133333 0.075 0.0444444
9 0.93125 0.122222 0.075 0.0666667
23 0.021875 0.166667 0.04375 0.0666667
21 0.015625 0.177778 0.03125 0.0444444
11 0.075 0.166667 0.1375 0.0666667
25 0.10625 0.144444 0.1 0.0666667
25 0.13125 0.144444 0.175 0.0666667
11 0.6625 0.144444 0.1375 0.111111
9 0.93125 0.155556 0.075 0.0444444
11 0.021875 0.177778 0.04375 0.0444444
11 0.015625 0.188889 0.03125 0.0222222
44 0.0875 0.2 0.1375 0.0444444
44 0.0875 0.188889 0.1375 0.0222222
11 0.10625 0.2 0.125 0.0444444
11 0.15 0.177778 0.1625 0.0444444
11 0.18125 0.177778 0.15 0.0444444
21 0.53125 0.177778 0.05 0.0444444
8 0.66875 0.188889 0.125 0.0222222
8 0.65625 0.188889 0.075 0.0222222
9 0.6625 0.177778 0.0375 0.0444444
29 0.978125 0.177778 0.04375 0.0444444
11 0.01875 0.2 0.025 0.0444444
44 0.1 0.2 0.0875 0.0444444
32 0.978125 0.211111 0.04375 0.0222222
11 0.021875 0.222222 0.04375 0.0444444
43 0.56875 0.244444 0.125 0.0888889
32 0.9875 0.222222 0.0125 0.0444444
11 0.021875 0.233333 0.04375 0.0666667
11 0.64375 0.255556 0.075 0.0666667
11 0.028125 0.244444 0.05625 0.0888889
8 0.53125 0.3 0.025 0.0222222
4 0.55 0.311111 0.0375 0.0444444
4 0.56875 0.3 0.025 0.0222222
8 0.6 0.288889 0.0625 0.0444444
8 0.6625 0.277778 0.0875 0.0666667
8 0.69375 0.288889 0.05 0.0444444
8 0.56875 0.333333 0.125 0.0444444
5 0.5375 0.322222 0.0375 0.0222222
4 0.54375 0.322222 0.025 0.0222222
4 0.55 0.322222 0.0375 0.0222222
55 0.6625 0.3 0.1375 0.0666667
3 0.7 0.3 0.1125 0.0666667
10 0.7125 0.311111 0.1125 0.0444444
21 0.7 0.311111 0.0625 0.0444444
8 0.7 0.311111 0.0625 0.0444444
8 0.70625 0.3 0.075 0.0666667
8 0.75 0.3 0.1375 0.0666667
8 0.79375 0.3 0.15 0.0666667
8 0.8125 0.311111 0.1375 0.0444444
8 0.825 0.322222 0.1375 0.0222222
21 0.028125 0.311111 0.05625 0.0888889
21 0.45 0.366667 0.0875 0.0666667
21 0.44375 0.333333 0.025 0.0444444
21 0.4625 0.333333 0.0625 0.0444444
21 0.4625 0.333333 0.0375 0.0444444
21 0.475 0.333333 0.0625 0.0444444
19 0.48125 0.333333 0.05 0.0444444
55 0.51875 0.333333 0.1 0.0444444
25 0.5375 0.333333 0.0375 0.0444444
8 0.59375 0.355556 0.075 0.0444444
6 0.6 0.355556 0.0875 0.0444444
6 0.60625 0.355556 0.125 0.0444444
6 0.625 0.344444 0.1125 0.0222222
12 0.66875 0.344444 0.175 0.0222222
10 0.68125 0.344444 0.15 0.0222222
21 0.71875 0.322222 0.125 0.0666667
20 0.725 0.322222 0.1375 0.0666667
19 0.73125 0.322222 0.125 0.0666667
21 0.71875 0.322222 0.075 0.0666667
8 0.70625 0.322222 0.05 0.0666667
8 0.75 0.344444 0.0625 0.0222222
21 0.053125 0.333333 0.10625 0.0888889
21 0.43125 0.377778 0.05 0.0888889
21 0.44375 0.366667 0.05 0.0666667
21 0.45625 0.355556 0.05 0.0444444
21 0.46875 0.355556 0.05 0.0444444
21 0.48125 0.355556 0.05 0.0444444
21 0.51875 0.355556 0.1 0.0444444
25 0.53125 0.344444 0.025 0.0666667
6 0.5375 0.344444 0.0375 0.0666667
6 0.5375 0.333333 0.0375 0.0444444
8 0.575 0.344444 0.0875 0.0666667
55 0.6 0.344444 0.0625 0.0666667
60 0.60625 0.355556 0.1 0.0444444
60 0.58125 0.355556 0.175 0.0444444
55 0.7 0.355556 0.0875 0.0444444
44 0.7125 0.344444 0.0875 0.0666667
44 0.71875 0.355556 0.125 0.0444444
21 0.71875 0.355556 0.125 0.0444444
21 0.74375 0.355556 0.1 0.0444444
21 0.74375 0.366667 0.1 0.0666667
25 0.78125 0.366667 0.15 0.0666667
25 0.80625 0.355556 0.15 0.0888889
43 0.059375 0.366667 0.11875 0.0666667
21 0.46875 0.377778 0 0.0444444
25 0.5375 0.344444 0.0375 0.0666667
44 0.74375 0.366667 0.075 0.0666667
21 0.7625 0.366667 0.0875 0.0666667
8 0.034375 0.355556 0.06875 0.177778
6 0.028125 0.4 0.05625 0.0888889
9 0.028125 0.411111 0.05625 0.0666667
6 0.034375 0.411111 0.06875 0.0666667
6 0.51875 0.444444 0.05 0.0888889
6 0.51875 0.466667 0.05 0.0888889
6 0.86875 0.466667 0.125 0.0444444
6 0.86875 0.5 0.125 0.0666667
6 0.88125 0.488889 0.125 0.0444444
22 0.88125 0.511111 0.125 0.0444444
22 0.91875 0.511111 0.075 0.0444444
8 0.86875 0.522222 0.1 0.0666667
8 0.021875 0.544444 0.04375 0.0666667
8 0.028125 0.555556 0.05625 0.0444444
8 0.028125 0.577778 0.05625 0.0444444
6 0.0375 0.588889 0.0375 0.0222222
6 0.040625 0.577778 0.08125 0.0444444
8 0.028125 0.6 0.05625 0.0444444
11 0.040625 0.6 0.08125 0.0444444
21 0.48125 0.544444 0.075 0.2
21 0.475 0.588889 0.0125 0.0666667
6 0.028125 0.611111 0.05625 0.0666667
8 0.028125 0.611111 0.05625 0.0666667
11 0.040625 0.611111 0.08125 0.0666667
6 0.4375 0.622222 0.0625 0.0444444
6 0.45625 0.622222 0.025 0.0444444
20 0.65 0.611111 0.0875 0.0666667
21 0.675 0.622222 0.0625 0.0444444
21 0.053125 0.644444 0.10625 0.133333
11 0.059375 0.633333 0.11875 0.0666667
11 0.0375 0.644444 0.0375 0.0444444
10 0.05625 0.644444 0.075 0.0444444
21 0.4375 0.644444 0.0625 0.0888889
6 0.44375 0.644444 0.05 0.0888889
21 0.45625 0.633333 0.05 0.0666667
21 0.053125 0.666667 0.10625 0.0888889
11 0.0375 0.666667 0.0375 0.0444444
9 0.0375 0.666667 0.0375 0.0444444
21 0.13125 0.666667 0.075 0.0888889
21 0.14375 0.655556 0.05 0.0666667
21 0.44375 0.666667 0.075 0.0888889
21 0.45625 0.655556 0.075 0.0666667
6 0.021875 0.688889 0.04375 0.0888889
8 0.028125 0.7 0.05625 0.111111
21 0.45 0.677778 0.0625 0.0666667
19 0.021875 0.7 0.04375 0.0666667
23 0.021875 0.711111 0.04375 0.0444444
10 0.45625 0.7 0.05 0.0666667
21 0.45 0.7 0.0625 0.0666667
23 0.45625 0.7 0.05 0.0666667
23 0.475 0.7 0.0625 0.0666667
19 0.046875 0.733333 0.09375 0.0888889
21 0.025 0.744444 0.0125 0.0666667
6 0.0625 0.722222 0.0875 0.0666667
23 0.4625 0.733333 0.0875 0.0444444
11 0.021875 0.744444 0.04375 0.111111
11 0.015625 0.744444 0.03125 0.0666667
10 0.325 0.744444 0.0875 0.0666667
9 0.48125 0.755556 0.05 0.0444444
10 0.49375 0.744444 0.05 0.0666667
11 0.021875 0.755556 0.04375 0.0888889
11 0.021875 0.788889 0.04375 0.0666667
11 0.021875 0.822222 0.04375 0.0444444
11 0.7125 0.833333 0.0375 0.0222222
11 0.71875 0.833333 0.025 0.0222222
11 0.84375 0.822222 0.05 0.0444444
11 0.84375 0.811111 0.025 0.0666667
11 0.021875 0.855556 0.04375 0.0666667
10 0.93125 0.844444 0.025 0.0444444
25 0.94375 0.844444 0 0.0444444
12 0.975 0.833333 0.0375 0.0666667
8 0.021875 0.866667 0.04375 0.0444444
24 0.95625 0.866667 0.075 0.0444444
4 0.053125 0.877778 0.10625 0.0666667
8 0.01875 0.888889 0.025 0.0444444
11 0.43125 0.888889 0.125 0.0888889
9 0.43125 0.888889 0.125 0.0444444
9 0.43125 0.877778 0.075 0.0666667
10 0.4375 0.888889 0.0375 0.0444444
55 0.4375 0.888889 0.0375 0.0444444
11 0.46875 0.788889 0.1 0.244444
10 0.49375 0.877778 0.05 0.0666667
11 0.91875 0.855556 0.075 0.111111
2 0.053125 0.9 0.10625 0.0666667
11 0.015625 0.911111 0.03125 0.0444444
9 0.43125 0.9 0.075 0.0222222
2 0.01875 0.933333 0.025 0.0444444
8 0.021875 0.966667 0.04375 0.0666667
8 0.015625 0.955556 0.03125 0.0444444
7 0.021875 0.966667 0.04375 0.0666667
8 0.01875 0.977778 0.025 0.0444444
21 0.965625 0.944444 0.06875 0.111111
11 0.9625 0.944444 0.0625 0.111111
21 0.978125 0.977778 0.04375 0.0444444
11 0.8125 1 0.0875 0
8 0.90625 1 0.125 0
11 0.9625 1 0.0375 0
11 0.978125 1 0.04375 0
11 0.978125 0.977778 0.04375 0.0444444
52 0.18125 0.0833333 0.3625 0.166667
53 0.20625 0.0833333 0.4125 0.166667
34 0.375 0.0388889 0.375 0.0777778
13 0.425 0.0388889 0.425 0.0777778
51 0.15625 0.0833333 0.3125 0.166667
5 0.375 0.216667 0.375 0.433333
9 0.5 0.105556 0.375 0.211111
72 0.3125 0.277778 0.45 0.4
11 0.275 0.166667 0.325 0.266667
57 0.23125 0.188889 0.4625 0.222222
57 0.3625 0.277778 0.35 0.4
57 0.45 0.255556 0.475 0.444444
54 0.4 0.166667 0.075 0.266667
9 0.7375 0.105556 0.3 0.211111
35 0.7625 0.105556 0.3 0.211111
11 0.725 0.127778 0.175 0.255556
51 0.14375 0.166667 0.2875 0.266667
49 0.35 0.261111 0.325 0.522222
29 0.45 0.105556 0.125 0.211111
29 0.575 0.105556 0.175 0.211111
38 0.8125 0.127778 0.3 0.255556
12 0.7875 0.15 0.25 0.3
51 0.13125 0.211111 0.2625 0.355556
51 0.14375 0.322222 0.2875 0.488889
9 0.1875 0.144444 0.25 0.133333
9 0.15 0.105556 0.125 0.211111
11 0.15 0.261111 0.125 0.522222
5 0.1625 0.261111 0.15 0.522222
9 0.3125 0.283333 0.25 0.566667
9 0.3375 0.283333 0.25 0.566667
5 0.4375 0.283333 0.25 0.566667
9 0.7375 0.283333 0.3 0.566667
51 0.65 0.127778 0.125 0.255556
29 0.775 0.188889 0.325 0.133333
11 0.7875 0.211111 0.25 0.177778
5 0.14375 0.233333 0.2875 0.133333
29 0.80625 0.233333 0.3875 0.311111
29 0.7875 0.255556 0.3 0.355556
11 0.8 0.211111 0.175 0.177778
9 0.3 0.305556 0.175 0.611111
5 0.3125 0.388889 0.15 0.444444
18 0.925 0.3 0.125 0.266667
11 0.11875 0.366667 0.2375 0.222222
9 0.11875 0.366667 0.2375 0.222222
9 0.13125 0.388889 0.2625 0.444444
9 0.1 0.411111 0.175 0.488889
9 0.175 0.411111 0.175 0.488889
9 0.1625 0.3 0.25 0.355556
9 0.225 0.255556 0.175 0.444444
9 0.3125 0.433333 0.15 0.533333
9 0.3625 0.433333 0.2 0.533333
49 0.93125 0.455556 0.1375 0.488889
9 0.5 0.322222 0.275 0.311111
35 0.7625 0.322222 0.25 0.4
51 0.10625 0.411111 0.2125 0.311111
9 0.15 0.477778 0.275 0.533333
9 0.125 0.477778 0.175 0.533333
9 0.2 0.388889 0.175 0.355556
