15 0.009375 0.0111111 0.01875 0.0222222
15 0.015625 0.0222222 0.03125 0.0444444
15 0.040625 0.0222222 0.08125 0.0444444
13 0.046875 0.0111111 0.09375 0.0222222
15 0.08125 0 0.05 0
15 0.09375 0 0.075 0
28 0.1 0.0111111 0.0875 0.0222222
15 0.15 0.0111111 0.1375 0.0222222
28 0.15625 0.0111111 0.15 0.0222222
13 0.16875 0 0.15 0
48 0.18125 0 0.15 0
28 0.1875 0.0111111 0.1375 0.0222222
28 0.20625 0 0.15 0
13 0.2125 0.0111111 0.1375 0.0222222
13 0.24375 0 0.15 0
2 0.25625 0 0.15 0
13 0.28125 0 0.15 0
13 0.31875 0 0.15 0
13 0.34375 0.0222222 0.15 0.0444444
57 0.35625 0.0111111 0.15 0.0222222
57 0.375 0.0222222 0.1875 0.0444444
63 0.4125 0.0222222 0.1375 0.0444444
63 0.425 0.0111111 0.1375 0.0222222
26 0.3625 0.0111111 0.3125 0.0222222
26 0.4625 0.0111111 0.1375 0.0222222
26 0.4875 0.0111111 0.1125 0.0222222
8 0.475 0.0222222 0.0875 0.0444444
15 0.49375 0.0111111 0.075 0.0222222
15 0.525 0.0111111 0.1125 0.0222222
26 0.5375 0.0111111 0.1125 0.0222222
63 0.5375 0.0111111 0.1125 0.0222222
63 0.53125 0.0111111 0.05 0.0222222
63 0.55625 0.0222222 0.075 0.0444444
29 0.59375 0.0111111 0.1 0.0222222
15 0.575 0.0111111 0.0375 0.0222222
15 0.58125 0.0111111 0.05 0.0222222
15 0.59375 0.0111111 0.025 0.0222222
15 0.60625 0.0222222 0.025 0.0444444
26 0.6125 0.0222222 0.0375 0.0444444
26 0.63125 0.0222222 0.025 0.0444444
26 0.64375 0.0222222 0.025 0.0444444
26 0.65625 0.0222222 0.025 0.0444444
26 0.625 0.0222222 0.1125 0.0444444
8 0.65625 0.0222222 0.325 0.0444444
26 0.75625 0.0222222 0.15 0.0444444
26 0.76875 0.0222222 0.15 0.0444444
26 0.76875 0.0111111 0.125 0.0222222
15 0.75 0.0111111 0.0625 0.0222222
15 0.74375 0.0222222 0.1 0.0444444
16 0.74375 0.0222222 0.125 0.0444444
57 0.775 0.0222222 0.0375 0.0444444
16 0.78125 0 0 0
24 0.78125 0 0.025 0
24 0.80625 0.0222222 0.1 0.0444444
8 0.8125 0.0111111 0.1125 0.0222222
2 0.83125 0.0111111 0.125 0.0222222
8 0.84375 0.0111111 0.125 0.0222222
2 0.85625 0.0222222 0.125 0.0444444
1 0.875 0.0222222 0.1125 0.0444444
1 0.89375 0.0111111 0.125 0.0222222
2 0.9125 0.0222222 0.1375 0.0444444
2 0.925 0.0222222 0.1375 0.0444444
0 0.959375 0.0222222 0.08125 0.0444444
1 0.959375 0.0111111 0.08125 0.0222222
0 0.959375 0.0111111 0.08125 0.0222222
2 0.94375 0.0111111 0.075 0.0222222
26 0.984375 0.0111111 0.03125 0.0222222
15 0.015625 0.0333333 0.03125 0.0666667
15 0.06875 0.0222222 0.075 0.0444444
15 0.1 0.0222222 0.1125 0.0444444
15 0.0875 0.0222222 0.1625 0.0444444
15 0.15 0.0222222 0.1125 0.0444444
2 0.15 0.0111111 0.1375 0.0222222
2 0.1875 0.0111111 0.1375 0.0222222
2 0.2 0.0111111 0.1375 0.0222222
2 0.2125 0.0111111 0.1125 0.0222222
2 0.2375 0.0222222 0.1375 0.0444444
2 0.2625 0.0222222 0.1375 0.0444444
2 0.2875 0.0111111 0.1375 0.0222222
2 0.3125 0.0111111 0.1375 0.0222222
2 0.34375 0.0111111 0.15 0.0222222
2 0.375 0.0111111 0.1375 0.0222222
8 0.39375 0.0111111 0.15 0.0222222
8 0.41875 0.0111111 0.125 0.0222222
13 0.4375 0.0111111 0.1375 0.0222222
29 0.45 0.0222222 0.1375 0.0444444
29 0.45625 0.0111111 0.125 0.0222222
8 0.48125 0.0111111 0.125 0.0222222
8 0.5125 0.0111111 0.1375 0.0222222
8 0.54375 0.0111111 0.125 0.0222222
29 0.5125 0.0111111 0.0625 0.0222222
29 0.53125 0.0111111 0.05 0.0222222
29 0.55625 0.0222222 0.075 0.0444444
29 0.56875 0.0111111 0.05 0.0222222
29 0.58125 0.0111111 0.025 0.0222222
26 0.59375 0.0222222 0.025 0.0444444
8 0.60625 0.0222222 0.025 0.0444444
26 0.6125 0.0222222 0.0375 0.0444444
26 0.625 0.0222222 0.0375 0.0444444
26 0.64375 0.0222222 0.025 0.0444444
29 0.65625 0.0222222 0.025 0.0444444
29 0.6625 0.0222222 0.0375 0.0444444
29 0.76875 0.0111111 0.2 0.0222222
13 0.7375 0.0111111 0.1375 0.0222222
45 0.75625 0.0111111 0.15 0.0222222
45 0.725 0.0111111 0.2125 0.0222222
57 0.76875 0.0222222 0.175 0.0444444
57 0.75 0.0222222 0.1125 0.0444444
57 0.79375 0.0222222 0.075 0.0444444
63 0.80625 0.0222222 0.075 0.0444444
15 0.80625 0.0222222 0.1 0.0444444
2 0.80625 0.0333333 0.1 0.0666667
2 0.81875 0.0222222 0.125 0.0444444
2 0.83125 0.0333333 0.125 0.0666667
1 0.8875 0.0333333 0.1125 0.0666667
13 0.95625 0.0333333 0.075 0.0666667
2 0.95625 0.0333333 0.075 0.0666667
1 0.928125 0.0222222 0.14375 0.0444444
0 0.953125 0.0333333 0.09375 0.0666667
15 0.015625 0.0444444 0.03125 0.0888889
8 0.025 0.0555556 0.0375 0.0666667
8 0.05625 0.0444444 0.05 0.0444444
2 0.04375 0.0444444 0.075 0.0444444
2 0.0875 0.0444444 0.1625 0.0444444
2 0.14375 0.0444444 0.125 0.0444444
2 0.175 0.0555556 0.1375 0.0666667
2 0.2 0.0555556 0.1375 0.0666667
2 0.2125 0.0444444 0.1375 0.0444444
2 0.2375 0.0444444 0.1375 0.0444444
2 0.28125 0.0444444 0.125 0.0444444
2 0.30625 0.0444444 0.125 0.0444444
2 0.34375 0.0444444 0.15 0.0444444
2 0.325 0.0444444 0.0625 0.0444444
2 0.3375 0.0444444 0.0375 0.0444444
2 0.4 0.0444444 0.1375 0.0444444
8 0.39375 0.0333333 0.05 0.0666667
8 0.4125 0.0222222 0.0875 0.0444444
8 0.4375 0.0222222 0.0875 0.0444444
13 0.45 0.0222222 0.0625 0.0444444
13 0.46875 0.0333333 0.075 0.0222222
3 0.51875 0.0333333 0.15 0.0222222
1 0.5125 0.0333333 0.1375 0.0222222
1 0.51875 0.0444444 0.15 0.0444444
2 0.51875 0.0444444 0.075 0.0444444
2 0.5375 0.0444444 0.0375 0.0444444
29 0.5375 0.0444444 0.0375 0.0444444
2 0.6 0.0444444 0.1125 0.0444444
3 0.6125 0.0444444 0.1125 0.0444444
4 0.5875 0.0333333 0.0125 0.0222222
4 0.60625 0.0444444 0.025 0.0444444
29 0.61875 0.0333333 0.025 0.0222222
29 0.63125 0.0333333 0.025 0.0222222
29 0.64375 0.0333333 0.025 0.0222222
29 0.65625 0.0333333 0.025 0.0222222
29 0.6625 0.0333333 0.0375 0.0222222
29 0.68125 0.0333333 0.025 0.0222222
29 0.7 0.0333333 0.0375 0.0222222
29 0.725 0.0333333 0.0625 0.0222222
13 0.73125 0.0333333 0.075 0.0222222
13 0.74375 0.0333333 0.05 0.0222222
13 0.75625 0.0333333 0.025 0.0222222
13 0.775 0.0333333 0.0375 0.0222222
13 0.7875 0.0444444 0.0375 0.0444444
13 0.7875 0.0333333 0.0375 0.0666667
8 0.79375 0.0444444 0.05 0.0888889
3 0.8 0.0444444 0.0875 0.0888889
3 0.8125 0.0333333 0.1125 0.0666667
2 0.89375 0.0333333 0.15 0.0666667
2 0.915625 0.0333333 0.16875 0.0666667
2 0.921875 0.0333333 0.15625 0.0666667
15 0.934375 0.0333333 0.13125 0.0666667
2 0.959375 0.0333333 0.08125 0.0666667
1 0.965625 0.0333333 0.06875 0.0666667
1 0.959375 0.0333333 0.08125 0.0666667
8 0.015625 0.0555556 0.03125 0.0666667
2 0.015625 0.0666667 0.03125 0.0444444
1 0.046875 0.0666667 0.09375 0.0444444
1 0.071875 0.0666667 0.14375 0.0444444
1 0.078125 0.0777778 0.15625 0.0666667
2 0.10625 0.0666667 0.175 0.0444444
2 0.1375 0.0666667 0.1375 0.0444444
2 0.09375 0.0666667 0.05 0.0444444
2 0.1125 0.0555556 0.0875 0.0666667
2 0.15 0.0666667 0.0375 0.0444444
2 0.175 0.0666667 0.0375 0.0444444
2 0.1875 0.0666667 0.0375 0.0444444
2 0.2 0.0666667 0.0375 0.0444444
2 0.2125 0.0666667 0.0375 0.0444444
2 0.2375 0.0666667 0.0375 0.0444444
2 0.25625 0.0666667 0.05 0.0444444
2 0.275 0.0555556 0.0375 0.0666667
2 0.2875 0.0555556 0.0375 0.0666667
2 0.3125 0.0666667 0.0375 0.0444444
2 0.325 0.0555556 0.0625 0.0666667
2 0.35625 0.0444444 0.05 0.0444444
1 0.36875 0.0444444 0.075 0.0444444
2 0.38125 0.0333333 0.05 0.0222222
2 0.39375 0.0333333 0.05 0.0666667
2 0.40625 0.0333333 0.05 0.0666667
1 0.45625 0.0444444 0.125 0.0444444
1 0.4625 0.0666667 0.1625 0.0888889
1 0.475 0.0444444 0.0875 0.0444444
1 0.49375 0.0444444 0.1 0.0444444
1 0.51875 0.0555556 0.175 0.0666667
1 0.49375 0.0555556 0.1 0.0222222
2 0.54375 0.0555556 0.025 0.0222222
2 0.575 0.0555556 0.0375 0.0222222
2 0.58125 0.0555556 0.025 0.0222222
2 0.59375 0.0555556 0.05 0.0222222
2 0.60625 0.0555556 0.025 0.0666667
4 0.6 0.0555556 0.0375 0.0666667
4 0.63125 0.0444444 0.025 0.0444444
8 0.63125 0.0444444 0.025 0.0444444
8 0.64375 0.0444444 0.025 0.0444444
8 0.6625 0.0555556 0.0375 0.0666667
29 0.6625 0.0555556 0.0375 0.0666667
29 0.6875 0.0555556 0.0125 0.0666667
8 0.69375 0.0444444 0.025 0.0444444
4 0.725 0.0444444 0.0625 0.0444444
1 0.725 0.0444444 0.0625 0.0444444
1 0.75 0.0444444 0.0625 0.0444444
1 0.7875 0.0555556 0.1125 0.0666667
2 0.7875 0.0555556 0.1125 0.0666667
2 0.7875 0.0666667 0.0375 0.0444444
2 0.80625 0.0555556 0.075 0.0222222
2 0.825 0.0666667 0.0625 0.0444444
1 0.81875 0.0666667 0.1 0.0444444
2 0.9 0.0555556 0.1375 0.0222222
15 0.90625 0.0555556 0.125 0.0222222
15 0.8875 0.0555556 0.0625 0.0222222
15 0.9 0.0555556 0.0625 0.0222222
15 0.9125 0.0555556 0.0625 0.0222222
2 0.91875 0.0555556 0.075 0.0222222
2 0.934375 0.0555556 0.13125 0.0222222
13 0.934375 0.0666667 0.13125 0.0444444
8 0.95625 0.0666667 0.075 0.0444444
2 0.959375 0.0555556 0.08125 0.0222222
2 0.959375 0.0666667 0.08125 0.0444444
3 0.959375 0.0666667 0.08125 0.0444444
26 0.959375 0.0666667 0.08125 0.0888889
8 0.021875 0.0666667 0.04375 0.0888889
1 0.021875 0.0777778 0.04375 0.0666667
1 0.046875 0.0777778 0.09375 0.0666667
2 0.075 0.0777778 0.1125 0.0666667
2 0.125 0.0777778 0.0875 0.0666667
2 0.14375 0.0777778 0.175 0.0666667
1 0.14375 0.0777778 0.125 0.0666667
1 0.175 0.0777778 0.0625 0.0666667
2 0.1875 0.0666667 0.0625 0.0444444
2 0.2 0.0666667 0.0625 0.0444444
2 0.20625 0.0666667 0.025 0.0444444
2 0.28125 0.0888889 0.125 0.0444444
2 0.3 0.0777778 0.1125 0.0222222
2 0.3125 0.0666667 0.1125 0.0444444
2 0.29375 0.0666667 0.05 0.0444444
2 0.3125 0.0777778 0.0375 0.0222222
2 0.33125 0.0666667 0.05 0.0444444
2 0.35625 0.0555556 0.05 0.0666667
2 0.3625 0.0666667 0.0875 0.0888889
2 0.38125 0.0666667 0.05 0.0888889
2 0.4 0.0666667 0.0375 0.0888889
2 0.40625 0.0666667 0.125 0.0888889
2 0.4375 0.0777778 0.1625 0.0666667
1 0.4625 0.0888889 0.1625 0.0444444
1 0.44375 0.0888889 0.1 0.0444444
1 0.50625 0.0777778 0.15 0.0666667
1 0.51875 0.0666667 0.175 0.0444444
2 0.49375 0.0666667 0.1 0.0444444
2 0.54375 0.0666667 0.025 0.0444444
2 0.58125 0.0777778 0.05 0.0222222
2 0.6 0.0777778 0.0375 0.0222222
2 0.60625 0.0666667 0.025 0.0444444
2 0.6 0.0666667 0.0375 0.0444444
29 0.60625 0.0666667 0.05 0.0444444
29 0.63125 0.0555556 0.025 0.0666667
15 0.64375 0.0555556 0.025 0.0666667
15 0.6625 0.0444444 0.0375 0.0888889
8 0.7 0.0555556 0.0625 0.0666667
2 0.7375 0.0555556 0.1125 0.0666667
1 0.76875 0.0666667 0.1 0.0444444
1 0.74375 0.0666667 0.075 0.0444444
2 0.80625 0.0777778 0.125 0.0666667
2 0.8 0.0777778 0.0625 0.0666667
1 0.80625 0.0777778 0.075 0.0666667
1 0.80625 0.0888889 0.1 0.0444444
1 0.84375 0.0888889 0.175 0.0444444
2 0.9 0.0666667 0.1375 0.0444444
2 0.89375 0.0777778 0.075 0.0666667
2 0.90625 0.0888889 0.075 0.0444444
2 0.934375 0.0888889 0.13125 0.0444444
2 0.93125 0.0777778 0.125 0.0666667
1 0.946875 0.0777778 0.10625 0.0666667
15 0.959375 0.0888889 0.08125 0.0888889
8 0.021875 0.1 0.04375 0.0666667
2 0.015625 0.111111 0.03125 0.0444444
1 0.021875 0.111111 0.04375 0.0444444
1 0.046875 0.111111 0.09375 0.0444444
1 0.0625 0.1 0.0625 0.0222222
1 0.06875 0.111111 0.125 0.0444444
2 0.08125 0.111111 0.125 0.0444444
