4 0.028125 0.0111111 0.05625 0.0222222
2 0.034375 0.0111111 0.06875 0.0222222
2 0.071875 0.0111111 0.14375 0.0222222
2 0.046875 0.0111111 0.09375 0.0222222
2 0.06875 0.0111111 0.075 0.0222222
2 0.1125 0.0111111 0.1875 0.0222222
2 0.13125 0.0222222 0.175 0.0444444
4 0.1625 0.0222222 0.1875 0.0444444
4 0.2125 0.0222222 0.1375 0.0444444
2 0.23125 0.0222222 0.175 0.0444444
4 0.25625 0.0222222 0.175 0.0444444
4 0.2875 0.0222222 0.1625 0.0444444
4 0.31875 0.0222222 0.175 0.0444444
6 0.30625 0.0222222 0.15 0.0444444
6 0.3625 0.0222222 0.1375 0.0444444
4 0.375 0.0111111 0.1375 0.0222222
2 0.3875 0.0111111 0.1125 0.0222222
2 0.45625 0.0111111 0.175 0.0222222
2 0.40625 0.0111111 0.275 0.0222222
4 0.475 0.0111111 0.1625 0.0222222
8 0.525 0.0111111 0.0875 0.0222222
2 0.525 0.0111111 0.0875 0.0222222
11 0.60625 0.0111111 0.05 0.0222222
11 0.65625 0.0111111 0.15 0.0222222
6 0.7375 0.0111111 0.1625 0.0222222
6 0.75 0.0111111 0.1625 0.0222222
4 0.7625 0.0111111 0.1125 0.0222222
2 0.775 0.0111111 0.1125 0.0222222
4 0.775 0 0.1375 0
8 0.8125 0.0111111 0.1125 0.0222222
4 0.825 0.0111111 0.1125 0.0222222
4 0.84375 0 0.125 0
2 0.85625 0.0111111 0.125 0.0222222
4 0.86875 0.0111111 0.125 0.0222222
29 0.9 0.0111111 0.1125 0.0222222
2 0.90625 0.0111111 0.125 0.0222222
4 0.925 0.0111111 0.1125 0.0222222
2 0.946875 0.0111111 0.10625 0.0222222
2 0.034375 0.0222222 0.06875 0.0444444
2 0.053125 0.0222222 0.10625 0.0444444
2 0.05625 0.0222222 0.075 0.0444444
4 0.0625 0.0111111 0.0875 0.0222222
4 0.06875 0.0222222 0.1 0.0444444
2 0.09375 0.0222222 0.1 0.0444444
4 0.175 0.0222222 0.0625 0.0444444
2 0.1875 0.0222222 0.1125 0.0444444
4 0.2625 0.0222222 0.1125 0.0444444
6 0.3 0.0222222 0.1375 0.0444444
4 0.2875 0.0222222 0.1375 0.0444444
4 0.33125 0.0222222 0.125 0.0444444
4 0.35625 0.0222222 0.125 0.0444444
2 0.41875 0.0222222 0.1 0.0444444
2 0.41875 0.0222222 0.15 0.0444444
2 0.44375 0.0111111 0.1 0.0222222
4 0.45625 0.0222222 0.1 0.0444444
8 0.53125 0.0222222 0.175 0.0444444
4 0.55625 0.0222222 0.15 0.0444444
2 0.5625 0.0222222 0.1625 0.0444444
2 0.59375 0.0222222 0.2 0.0444444
8 0.6 0.0111111 0.0375 0.0222222
60 0.6375 0.0222222 0.1125 0.0444444
60 0.65 0.0222222 0.1125 0.0444444
4 0.71875 0.0222222 0.125 0.0444444
2 0.725 0.0222222 0.1375 0.0444444
2 0.7375 0.0111111 0.1375 0.0222222
2 0.79375 0.0111111 0.2 0.0222222
2 0.825 0.0111111 0.1125 0.0222222
2 0.88125 0.0111111 0.15 0.0222222
2 0.93125 0.0111111 0.075 0.0222222
8 0.946875 0.0111111 0.10625 0.0222222
10 0.959375 0.0333333 0.08125 0.0666667
4 0.034375 0.0222222 0.06875 0.0444444
2 0.05 0.0222222 0.0625 0.0444444
2 0.078125 0.0333333 0.15625 0.0666667
2 0.090625 0.0222222 0.18125 0.0444444
2 0.084375 0.0222222 0.16875 0.0444444
4 0.09375 0.0222222 0.025 0.0444444
4 0.1125 0.0222222 0.0375 0.0444444
4 0.125 0.0333333 0.0375 0.0666667
4 0.15 0.0333333 0.0625 0.0666667
2 0.1625 0.0444444 0.0875 0.0444444
4 0.18125 0.0444444 0.075 0.0444444
4 0.19375 0.0444444 0.15 0.0444444
4 0.2125 0.0444444 0.0875 0.0444444
2 0.20625 0.0444444 0.15 0.0444444
4 0.25 0.0444444 0.0875 0.0444444
2 0.40625 0.0333333 0.15 0.0666667
4 0.425 0.0333333 0.1125 0.0666667
4 0.46875 0.0333333 0.05 0.0222222
4 0.475 0.0333333 0.0625 0.0666667
3 0.59375 0.0222222 0.05 0.0444444
1 0.6 0.0222222 0.0375 0.0444444
2 0.81875 0.0222222 0.075 0.0444444
2 0.8125 0.0333333 0.0625 0.0666667
2 0.86875 0.0222222 0.125 0.0444444
3 0.84375 0.0222222 0.05 0.0444444
2 0.85625 0.0222222 0.05 0.0444444
2 0.9 0.0222222 0.1125 0.0444444
2 0.9 0.0333333 0.0875 0.0666667
2 0.91875 0.0333333 0.075 0.0666667
44 0.95625 0.0333333 0.075 0.0666667
2 0.028125 0.0444444 0.05625 0.0888889
2 0.009375 0.0444444 0.01875 0.0888889
2 0.05 0.0333333 0.0375 0.0666667
2 0.071875 0.0444444 0.14375 0.0888889
2 0.090625 0.0333333 0.18125 0.0666667
2 0.05625 0.0333333 0.1 0.0666667
4 0.0625 0.0333333 0.0875 0.0666667
8 0.1125 0.0333333 0.0375 0.0666667
8 0.13125 0.0444444 0.175 0.0888889
1 0.11875 0.0666667 0.15 0.0888889
2 0.13125 0.0555556 0.15 0.0666667
2 0.19375 0.0555556 0.15 0.0666667
1 0.2 0.0555556 0.1375 0.111111
2 0.2 0.0555556 0.1625 0.111111
29 0.23125 0.0333333 0.15 0.0666667
2 0.4 0.0444444 0.1625 0.0888889
2 0.4375 0.0555556 0.1125 0.0666667
4 0.48125 0.0444444 0.05 0.0444444
3 0.56875 0.0333333 0.175 0.0666667
8 0.56875 0.0333333 0.05 0.0666667
3 0.58125 0.0333333 0.05 0.0666667
3 0.575 0.0444444 0.0875 0.0888889
3 0.63125 0.0444444 0.125 0.0888889
3 0.64375 0.0444444 0.125 0.0888889
30 0.7625 0.0333333 0.1875 0.0666667
24 0.775 0.0333333 0.0875 0.0666667
3 0.81875 0.0444444 0.125 0.0888889
2 0.8 0.0444444 0.0625 0.0888889
2 0.81875 0.0444444 0.075 0.0888889
1 0.8125 0.0444444 0.0625 0.0888889
1 0.8375 0.0444444 0.0875 0.0888889
2 0.85625 0.0444444 0.05 0.0888889
2 0.86875 0.0333333 0.05 0.0666667
2 0.89375 0.0333333 0.075 0.0666667
0 0.90625 0.0333333 0.075 0.0666667
0 0.91875 0.0444444 0.075 0.0888889
1 0.9375 0.0444444 0.0875 0.0888889
2 0.928125 0.0444444 0.14375 0.0888889
1 0.95 0.0444444 0.0375 0.0888889
1 0.971875 0.0333333 0.05625 0.0666667
2 0.975 0.0444444 0.0375 0.0888889
2 0.98125 0.0666667 0.025 0.0888889
4 0.015625 0.0555556 0.03125 0.111111
0 0.015625 0.0444444 0.03125 0.0888889
2 0.0375 0.0555556 0.0375 0.0666667
2 0.034375 0.0555556 0.06875 0.111111
2 0.05 0.0444444 0.0875 0.0888889
4 0.09375 0.0444444 0.025 0.0888889
8 0.1125 0.0555556 0.0375 0.111111
8 0.125 0.0777778 0.0375 0.0666667
10 0.1 0.0777778 0.0875 0.0666667
2 0.1125 0.0666667 0.1125 0.0888889
2 0.1625 0.0555556 0.0375 0.0666667
2 0.1875 0.0666667 0.1875 0.0888889
19 0.20625 0.1 0.1 0.0666667
20 0.25 0.0333333 0.0875 0.0666667
9 0.25625 0.0333333 0.075 0.0666667
4 0.20625 0.0333333 0.1 0.0666667
4 0.21875 0.0444444 0.1 0.0888889
14 0.3125 0.0444444 0.0625 0.0888889
4 0.325 0.0444444 0.0875 0.0888889
4 0.3 0.0444444 0.1375 0.0888889
4 0.3125 0.0555556 0.1375 0.111111
4 0.33125 0.0555556 0.15 0.111111
29 0.44375 0.0666667 0.125 0.0444444
2 0.43125 0.0555556 0.075 0.0666667
2 0.46875 0.0555556 0.125 0.0666667
2 0.41875 0.0666667 0.15 0.0888889
2 0.4375 0.0555556 0.1375 0.111111
64 0.54375 0.0555556 0.225 0.111111
31 0.59375 0.0666667 0.125 0.0444444
8 0.56875 0.0777778 0.05 0.0666667
44 0.5875 0.0777778 0.0375 0.0666667
31 0.6125 0.0777778 0.0125 0.0666667
3 0.66875 0.0888889 0.1 0.0444444
3 0.69375 0.0888889 0.125 0.0444444
3 0.6875 0.0555556 0.1375 0.111111
31 0.73125 0.0444444 0.1 0.0888889
30 0.725 0.0555556 0.1375 0.0666667
3 0.73125 0.0666667 0.125 0.0444444
3 0.76875 0.0666667 0.05 0.0444444
3 0.79375 0.0666667 0.05 0.0444444
2 0.80625 0.0777778 0.075 0.0666667
3 0.8125 0.0777778 0.0625 0.0666667
3 0.83125 0.0555556 0.075 0.111111
3 0.85 0.0444444 0.0375 0.0888889
3 0.8625 0.0444444 0.0375 0.0888889
3 0.8875 0.0444444 0.0125 0.0888889
3 0.90625 0.0777778 0.075 0.0222222
2 0.93125 0.0444444 0.025 0.0888889
3 0.94375 0.0444444 0.05 0.0888889
2 0.95625 0.0777778 0.05 0.0222222
2 0.95625 0.0777778 0.05 0.0666667
2 0.965625 0.0777778 0.06875 0.0666667
2 0.965625 0.1 0.06875 0.0666667
4 0.028125 0.0777778 0.05625 0.155556
0 0.015625 0.0555556 0.03125 0.111111
2 0.04375 0.0666667 0.05 0.0888889
29 0.0625 0.0555556 0.0125 0.111111
10 0.11875 0.111111 0.05 0.0444444
4 0.125 0.111111 0.0375 0.0444444
2 0.1125 0.111111 0.0875 0.0444444
54 0.1375 0.1 0.1375 0.0666667
18 0.175 0.1 0.0625 0.0666667
18 0.19375 0.111111 0.075 0.0888889
14 0.20625 0.111111 0.05 0.0888889
2 0.20625 0.111111 0.075 0.0888889
4 0.23125 0.111111 0.1 0.0888889
4 0.2375 0.0777778 0.1375 0.155556
4 0.275 0.122222 0.0875 0.0666667
4 0.26875 0.111111 0.05 0.0888889
19 0.275 0.0888889 0.0375 0.0444444
21 0.34375 0.0777778 0.125 0.111111
14 0.34375 0.0666667 0.125 0.133333
4 0.3375 0.0666667 0.1125 0.133333
2 0.3375 0.0666667 0.0875 0.133333
4 0.35625 0.0777778 0.1 0.111111
2 0.3875 0.0888889 0.1125 0.0888889
2 0.4375 0.0777778 0.1875 0.0666667
2 0.46875 0.0777778 0.125 0.111111
2 0.44375 0.0777778 0.075 0.111111
2 0.44375 0.0777778 0.05 0.111111
2 0.475 0.0888889 0.0625 0.0888889
2 0.4875 0.1 0.0625 0.0666667
4 0.5 0.111111 0.0875 0.0444444
47 0.525 0.111111 0.0625 0.0444444
4 0.56875 0.1 0.075 0.0222222
4 0.575 0.111111 0.0625 0.0444444
4 0.59375 0.111111 0.05 0.0444444
30 0.64375 0.1 0.05 0.0222222
3 0.6625 0.1 0.0875 0.0666667
3 0.66875 0.1 0.125 0.0666667
4 0.675 0.0888889 0.1375 0.0444444
4 0.73125 0.0888889 0.075 0.0444444
2 0.7375 0.0777778 0.0875 0.0666667
3 0.75 0.0888889 0.0875 0.0444444
1 0.73125 0.0888889 0.15 0.0444444
3 0.7875 0.0888889 0.0625 0.0444444
3 0.775 0.0777778 0.1125 0.0666667
8 0.80625 0.0777778 0.05 0.0666667
3 0.80625 0.0777778 0.075 0.111111
2 0.8125 0.0777778 0.0875 0.111111
4 0.81875 0.1 0.075 0.111111
29 0.85625 0.1 0.125 0.0666667
45 0.85625 0.0888889 0.125 0.0444444
29 0.9 0.1 0.1125 0.0666667
4 0.90625 0.1 0.125 0.0666667
3 0.91875 0.1 0.125 0.0666667
1 0.9125 0.1 0.1125 0.0666667
3 0.925 0.0888889 0.0875 0.0888889
2 0.9375 0.0777778 0.0875 0.111111
2 0.959375 0.0888889 0.08125 0.0888889
4 0.053125 0.0777778 0.10625 0.155556
0 0.015625 0.122222 0.03125 0.0666667
2 0.028125 0.1 0.05625 0.0666667
2 0.034375 0.0888889 0.06875 0.133333
2 0.059375 0.111111 0.11875 0.0888889
29 0.084375 0.122222 0.16875 0.0666667
50 0.090625 0.122222 0.18125 0.0666667
4 0.1125 0.133333 0.0625 0.0444444
4 0.125 0.122222 0.0625 0.0222222
4 0.1375 0.111111 0.0375 0.0444444
2 0.1125 0.122222 0.0875 0.0666667
48 0.125 0.111111 0.0875 0.0888889
48 0.16875 0.122222 0.05 0.0666667
21 0.18125 0.122222 0.05 0.0666667
19 0.19375 0.122222 0.05 0.0666667
18 0.2 0.111111 0.0375 0.0888889
2 0.21875 0.122222 0.025 0.0666667
2 0.2375 0.133333 0.1125 0.0444444
4 0.2625 0.133333 0.0875 0.0444444
4 0.26875 0.144444 0.075 0.0666667
21 0.28125 0.133333 0.05 0.0444444
21 0.3 0.133333 0.0875 0.0444444
21 0.31875 0.111111 0.075 0.0888889
21 0.33125 0.1 0.075 0.111111
14 0.3375 0.0888889 0.0875 0.133333
4 0.34375 0.0888889 0.1 0.133333
4 0.35625 0.1 0.1 0.111111
4 0.34375 0.1 0.15 0.111111
2 0.3625 0.1 0.1375 0.111111
2 0.3875 0.1 0.0875 0.111111
2 0.41875 0.0888889 0.025 0.0888889
2 0.43125 0.1 0.025 0.0666667
2 0.44375 0.1 0.025 0.0666667
2 0.475 0.111111 0.0625 0.0888889
2 0.4875 0.111111 0.0625 0.0444444
4 0.49375 0.122222 0.05 0.0222222
47 0.50625 0.122222 0.025 0.0222222
4 0.53125 0.122222 0.175 0.0222222
4 0.5375 0.133333 0.1625 0.0444444
4 0.5625 0.122222 0.0875 0.0666667
4 0.56875 0.133333 0.1 0.0444444
2 0.58125 0.111111 0.1 0.0444444
4 0.6 0.111111 0.1125 0.0444444
34 0.59375 0.111111 0.1 0.0444444
4 0.64375 0.111111 0.05 0.0444444
2 0.64375 0.111111 0.05 0.0444444
2 0.64375 0.111111 0.075 0.0444444
