20 0.071875 0.0222222 0.14375 0.0444444
55 0.084375 0.0222222 0.16875 0.0444444
55 0.090625 0.0222222 0.18125 0.0444444
57 0.103125 0.0111111 0.20625 0.0222222
57 0.121875 0.0222222 0.24375 0.0444444
57 0.175 0.0111111 0.2625 0.0222222
69 0.1875 0.0111111 0.2625 0.0222222
57 0.225 0.0111111 0.2625 0.0222222
57 0.2375 0.0222222 0.2625 0.0444444
69 0.29375 0.0222222 0.275 0.0444444
69 0.325 0.0222222 0.2625 0.0444444
69 0.35625 0.0222222 0.275 0.0444444
69 0.4125 0.0222222 0.2625 0.0444444
69 0.4625 0.0222222 0.2625 0.0444444
69 0.5125 0.0222222 0.2625 0.0444444
62 0.525 0.0222222 0.2625 0.0444444
57 0.5625 0.0222222 0.2625 0.0444444
55 0.5875 0.0111111 0.2625 0.0222222
57 0.5875 0.0111111 0.2375 0.0222222
57 0.61875 0.0222222 0.25 0.0444444
69 0.65 0.0222222 0.2625 0.0444444
69 0.7 0.0111111 0.2375 0.0222222
69 0.71875 0.0111111 0.25 0.0222222
60 0.74375 0.0222222 0.25 0.0444444
69 0.75625 0.0222222 0.25 0.0444444
46 0.83125 0.0222222 0.225 0.0444444
60 0.940625 0.0222222 0.11875 0.0444444
26 0.971875 0.0222222 0.05625 0.0444444
60 0.078125 0.0222222 0.15625 0.0444444
60 0.084375 0.0222222 0.16875 0.0444444
60 0.10625 0.0222222 0.15 0.0444444
60 0.1 0.0333333 0.1625 0.0666667
60 0.096875 0.0333333 0.19375 0.0666667
60 0.121875 0.0333333 0.24375 0.0666667
60 0.2125 0.0222222 0.2625 0.0444444
60 0.2625 0.0222222 0.2625 0.0444444
55 0.3875 0.0222222 0.1625 0.0444444
60 0.5375 0.0222222 0.1625 0.0444444
60 0.5625 0.0333333 0.1625 0.0666667
60 0.5875 0.0222222 0.1625 0.0444444
60 0.54375 0.0222222 0.25 0.0444444
60 0.58125 0.0222222 0.25 0.0444444
69 0.6625 0.0222222 0.1625 0.0444444
60 0.75 0.0222222 0.2625 0.0444444
60 0.81875 0.0222222 0.15 0.0444444
60 0.85625 0.0222222 0.175 0.0444444
60 0.8625 0.0222222 0.1875 0.0444444
60 0.946875 0.0222222 0.10625 0.0444444
67 0.971875 0.0333333 0.05625 0.0666667
60 0.009375 0.0333333 0.01875 0.0666667
60 0.021875 0.0333333 0.04375 0.0666667
49 0.071875 0.0222222 0.14375 0.0444444
49 0.0875 0.0222222 0.1375 0.0444444
49 0.11875 0.0222222 0.125 0.0444444
49 0.14375 0.0222222 0.125 0.0444444
49 0.16875 0.0222222 0.125 0.0444444
49 0.19375 0.0222222 0.125 0.0444444
49 0.225 0.0222222 0.1375 0.0444444
49 0.25 0.0222222 0.1375 0.0444444
49 0.275 0.0222222 0.1375 0.0444444
49 0.3 0.0222222 0.1375 0.0444444
49 0.325 0.0222222 0.1375 0.0444444
49 0.525 0.0222222 0.1375 0.0444444
49 0.5375 0.0333333 0.1375 0.0666667
49 0.56875 0.0222222 0.125 0.0444444
44 0.58125 0.0222222 0.125 0.0444444
44 0.5625 0.0222222 0.0625 0.0444444
44 0.575 0.0222222 0.0625 0.0444444
44 0.6125 0.0222222 0.1375 0.0444444
44 0.6375 0.0222222 0.1375 0.0444444
60 0.83125 0.0222222 0.2 0.0444444
67 0.990625 0.0333333 0.01875 0.0222222
60 0.046875 0.0444444 0.09375 0.0888889
60 0.021875 0.0333333 0.04375 0.0666667
60 0.021875 0.0666667 0.04375 0.0888889
57 0.028125 0.0555556 0.05625 0.0222222
60 0.0375 0.0333333 0.0625 0.0666667
60 0.05625 0.0222222 0.075 0.0444444
60 0.08125 0.0222222 0.075 0.0444444
60 0.225 0.0222222 0.1375 0.0444444
60 0.25 0.0222222 0.1375 0.0444444
49 0.2875 0.0333333 0.1375 0.0666667
49 0.3125 0.0555556 0.1375 0.111111
49 0.325 0.0333333 0.1375 0.0666667
54 0.3375 0.0333333 0.1375 0.0666667
47 0.325 0.0666667 0.0875 0.0888889
57 0.35 0.0666667 0.0625 0.0888889
60 0.35625 0.0666667 0.075 0.0888889
60 0.36875 0.0555556 0.075 0.111111
60 0.38125 0.0444444 0.075 0.0888889
60 0.43125 0.0444444 0.125 0.0888889
60 0.44375 0.0555556 0.125 0.0666667
60 0.46875 0.0555556 0.15 0.0666667
60 0.49375 0.0666667 0.15 0.0888889
60 0.5125 0.0444444 0.1625 0.0444444
60 0.5125 0.0333333 0.1375 0.0222222
47 0.525 0.0333333 0.1375 0.0666667
47 0.5375 0.0555556 0.1375 0.111111
47 0.5625 0.0555556 0.1375 0.111111
49 0.6 0.0222222 0.1375 0.0444444
49 0.625 0.0222222 0.1375 0.0444444
60 0.65625 0.0333333 0.15 0.0666667
60 0.7125 0.0333333 0.1875 0.0666667
60 0.75 0.0333333 0.1625 0.0666667
60 0.74375 0.0555556 0.2 0.111111
57 0.75625 0.0555556 0.2 0.111111
60 0.7625 0.0555556 0.1875 0.111111
57 0.79375 0.0555556 0.15 0.111111
60 0.78125 0.0333333 0.075 0.0666667
60 0.775 0.0333333 0.1125 0.0666667
67 0.965625 0.0777778 0.06875 0.155556
16 0.965625 0.0666667 0.06875 0.0888889
59 0.053125 0.0555556 0.10625 0.0666667
59 0.059375 0.0666667 0.11875 0.0444444
8 0.028125 0.0666667 0.05625 0.0444444
57 0.04375 0.0666667 0.075 0.0444444
59 0.15 0.0666667 0.0875 0.0444444
59 0.175 0.0777778 0.1125 0.0666667
59 0.19375 0.0666667 0.125 0.0444444
57 0.21875 0.0666667 0.125 0.0444444
57 0.23125 0.0777778 0.125 0.0666667
59 0.25 0.0777778 0.1125 0.0666667
57 0.2625 0.0777778 0.1125 0.0666667
51 0.3125 0.0777778 0.1875 0.0666667
51 0.29375 0.0666667 0.125 0.0888889
60 0.35625 0.0666667 0.05 0.0888889
57 0.36875 0.0555556 0.05 0.111111
60 0.40625 0.0444444 0.2 0.0888889
59 0.43125 0.0666667 0.225 0.0888889
3 0.4375 0.0666667 0.2375 0.0888889
49 0.4375 0.0666667 0.2625 0.0888889
49 0.4875 0.0777778 0.1875 0.111111
47 0.5125 0.0666667 0.1875 0.0888889
49 0.5 0.0666667 0.0875 0.0888889
57 0.50625 0.0555556 0.1 0.111111
57 0.5375 0.0555556 0.0625 0.111111
57 0.525 0.0666667 0.1125 0.0888889
57 0.525 0.0555556 0.1125 0.111111
57 0.54375 0.0555556 0.1 0.111111
59 0.60625 0.0555556 0.175 0.111111
60 0.6125 0.0777778 0.1875 0.0666667
59 0.60625 0.0777778 0.225 0.0666667
59 0.65625 0.0777778 0.175 0.0666667
57 0.65 0.0777778 0.0875 0.0666667
57 0.65 0.0666667 0.0875 0.0444444
15 0.66875 0.0666667 0.1 0.0444444
16 0.6875 0.0666667 0.1125 0.0444444
57 0.70625 0.0666667 0.075 0.0444444
57 0.74375 0.0666667 0.175 0.0444444
60 0.78125 0.0666667 0.15 0.0444444
17 0.8 0.0777778 0.1375 0.0666667
17 0.76875 0.0777778 0.075 0.0666667
35 0.91875 0.0888889 0.125 0.0444444
13 0.925 0.0666667 0.0875 0.0444444
3 0.95 0.0888889 0.0625 0.0444444
1 0.9875 0.0888889 0.0125 0.0444444
60 0.053125 0.0777778 0.10625 0.111111
60 0.059375 0.0888889 0.11875 0.0888889
60 0.059375 0.0777778 0.11875 0.0666667
28 0.065625 0.0777778 0.13125 0.0666667
28 0.05 0.0777778 0.0875 0.0666667
59 0.06875 0.0777778 0.1 0.0666667
59 0.0875 0.0777778 0.1125 0.0666667
57 0.09375 0.0777778 0.1 0.0666667
57 0.11875 0.0777778 0.125 0.0666667
4 0.15625 0.0777778 0.175 0.0666667
57 0.16875 0.0777778 0.175 0.0666667
59 0.18125 0.0777778 0.175 0.0666667
59 0.175 0.0666667 0.0875 0.0444444
59 0.19375 0.0777778 0.1 0.0666667
59 0.225 0.122222 0.0625 0.155556
59 0.2375 0.122222 0.0625 0.155556
59 0.25 0.0888889 0.0625 0.0888889
59 0.2625 0.0888889 0.0625 0.0888889
59 0.275 0.0888889 0.0625 0.0888889
59 0.29375 0.111111 0.05 0.133333
59 0.30625 0.111111 0.05 0.133333
57 0.3125 0.1 0.0625 0.155556
60 0.33125 0.1 0.05 0.155556
60 0.35 0.111111 0.0625 0.177778
60 0.35625 0.1 0.05 0.155556
60 0.375 0.0777778 0.0375 0.111111
60 0.41875 0.133333 0.15 0.0888889
57 0.4 0.122222 0.0875 0.0666667
54 0.41875 0.122222 0.075 0.0666667
47 0.43125 0.122222 0.075 0.0666667
46 0.475 0.122222 0.1375 0.0666667
46 0.4875 0.0888889 0.1375 0.133333
47 0.5 0.0888889 0.1375 0.133333
47 0.48125 0.0888889 0.075 0.133333
57 0.4875 0.0888889 0.0625 0.133333
60 0.5 0.0888889 0.0625 0.133333
60 0.5125 0.0777778 0.0625 0.111111
60 0.525 0.0888889 0.0625 0.0888889
60 0.5375 0.0888889 0.0625 0.0888889
60 0.55 0.0777778 0.0625 0.0666667
57 0.5625 0.0777778 0.0625 0.0666667
60 0.575 0.0777778 0.0625 0.0666667
60 0.65 0.0777778 0.1375 0.0666667
59 0.6625 0.0777778 0.0875 0.0666667
57 0.65 0.0888889 0.0875 0.0444444
15 0.66875 0.0888889 0.1 0.0444444
13 0.68125 0.0777778 0.1 0.0222222
4 0.69375 0.0666667 0.1 0.0444444
57 0.74375 0.0777778 0.175 0.0666667
59 0.76875 0.0777778 0.15 0.0666667
60 0.7875 0.0777778 0.1125 0.0666667
35 0.79375 0.0777778 0.125 0.0666667
35 0.81875 0.0777778 0.125 0.0666667
35 0.8375 0.0777778 0.1125 0.0222222
35 0.85 0.0888889 0.0875 0.0444444
35 0.875 0.0888889 0.0875 0.0444444
25 0.91875 0.0888889 0.125 0.0444444
59 0.925 0.0888889 0.1125 0.0444444
16 0.925 0.0888889 0.0875 0.0444444
1 0.93125 0.1 0.1 0.0666667
1 0.94375 0.0888889 0.1 0.0444444
59 0.053125 0.111111 0.10625 0.0888889
59 0.078125 0.1 0.15625 0.0666667
60 0.065625 0.111111 0.13125 0.0444444
59 0.13125 0.111111 0.175 0.0444444
59 0.15625 0.122222 0.175 0.0666667
17 0.18125 0.122222 0.175 0.0666667
11 0.18125 0.111111 0.1 0.0444444
11 0.1875 0.0888889 0.1125 0.0444444
11 0.2625 0.0888889 0.1375 0.0444444
12 0.24375 0.111111 0.05 0.0888889
17 0.29375 0.111111 0.05 0.0888889
13 0.30625 0.122222 0.05 0.0666667
13 0.3375 0.1 0.0125 0.0222222
17 0.34375 0.133333 0.025 0.0888889
59 0.3875 0.133333 0.0625 0.0888889
59 0.43125 0.122222 0.05 0.0666667
47 0.45625 0.111111 0.125 0.0888889
47 0.48125 0.111111 0.125 0.0888889
59 0.49375 0.111111 0.125 0.0888889
60 0.51875 0.1 0.125 0.0666667
60 0.54375 0.1 0.125 0.0666667
13 0.61875 0.1 0.15 0.0222222
35 0.65 0.1 0.1625 0.0222222
63 0.65 0.111111 0.0875 0.0888889
4 0.65 0.1 0.0875 0.0666667
4 0.66875 0.1 0.1 0.0666667
4 0.71875 0.1 0.175 0.0666667
57 0.7375 0.0888889 0.1875 0.0888889
60 0.76875 0.1 0.125 0.0666667
17 0.78125 0.1 0.125 0.0666667
60 0.8 0.1 0.1625 0.0666667
17 0.90625 0.1 0.15 0.0666667
57 0.925 0.0888889 0.1125 0.0888889
17 0.940625 0.111111 0.11875 0.0888889
1 0.946875 0.0888889 0.10625 0.0888889
1 0.946875 0.111111 0.10625 0.0888889
28 0.009375 0.166667 0.01875 0.155556
16 0.078125 0.122222 0.15625 0.0666667
59 0.059375 0.133333 0.11875 0.0444444
59 0.071875 0.122222 0.14375 0.0666667
17 0.2125 0.122222 0.1625 0.0666667
17 0.175 0.133333 0.0875 0.0444444
17 0.28125 0.144444 0.275 0.0222222
17 0.25625 0.144444 0.175 0.0222222
17 0.29375 0.144444 0.1 0.0222222
35 0.2875 0.144444 0.1625 0.0222222
35 0.275 0.133333 0.0875 0.0444444
9 0.3 0.122222 0.0875 0.0666667
35 0.35 0.122222 0.1625 0.0666667
35 0.3625 0.144444 0.1625 0.0222222
35 0.35625 0.133333 0.1 0.0444444
59 0.3625 0.122222 0.0875 0.0666667
60 0.3875 0.122222 0.1375 0.0666667
60 0.43125 0.122222 0.175 0.0666667
60 0.4625 0.122222 0.1375 0.0666667
60 0.4875 0.144444 0.1375 0.0222222
60 0.5 0.155556 0.1375 0.0444444
35 0.5375 0.133333 0.1625 0
9 0.5375 0.133333 0.1625 0
9 0.55 0.133333 0.1625 0
9 0.5625 0.133333 0.1625 0
9 0.575 0.133333 0.1625 0
9 0.5875 0.122222 0.1625 0.0222222
9 0.60625 0.133333 0.175 0.0444444
9 0.65625 0.133333 0.225 0.0444444
74 0.65625 0.133333 0.175 0.0444444
28 0.66875 0.122222 0.175 0.0666667
15 0.64375 0.133333 0.1 0.0444444
15 0.66875 0.133333 0.1 0.0444444
13 0.68125 0.122222 0.1 0.0222222
8 0.78125 0.133333 0.275 0.0444444
59 0.7375 0.133333 0.1875 0.0444444
4 0.75 0.111111 0.1625 0.0888889
59 0.80625 0.122222 0.15 0.0666667
25 0.84375 0.111111 0.175 0.0888889
11 0.85625 0.122222 0.175 0.111111
9 0.86875 0.122222 0.175 0.111111
9 0.8875 0.111111 0.1625 0.0888889
11 0.89375 0.111111 0.15 0.0888889
25 0.934375 0.111111 0.13125 0.0888889
59 0.9375 0.111111 0.0875 0.0888889
20 0.925 0.111111 0.1125 0.0888889
57 0.94375 0.122222 0.05 0.0666667
