12 0.15 0 0.1625 0
29 0.2 0.0111111 0.0625 0.0222222
12 0.2 0.0111111 0.0625 0.0222222
12 0.21875 0.0111111 0.075 0.0222222
12 0.23125 0.0111111 0.075 0.0222222
78 0.28125 0.0111111 0.15 0.0222222
12 0.2875 0.0111111 0.1625 0.0222222
11 0.3 0 0.1125 0
44 0.45625 0.0222222 0.1 0.0444444
44 0.46875 0.0333333 0.1 0.0666667
44 0.48125 0.0222222 0.1 0.0444444
44 0.475 0.0222222 0.0625 0.0444444
44 0.5125 0.0222222 0.0875 0.0444444
47 0.56875 0.0222222 0.075 0.0444444
35 0.984375 0 0.03125 0
21 0.984375 0 0.03125 0
44 0.053125 0.0111111 0.10625 0.0222222
44 0.1 0.0222222 0.0875 0.0444444
74 0.16875 0.0111111 0.025 0.0222222
12 0.2 0.0111111 0.0625 0.0222222
11 0.20625 0.0111111 0.05 0.0222222
12 0.2375 0.0111111 0.0875 0.0222222
12 0.2375 0.0111111 0.0625 0.0222222
11 0.23125 0.0111111 0.025 0.0222222
44 0.29375 0.0222222 0.075 0.0444444
12 0.35625 0.0222222 0.1 0.0444444
44 0.36875 0.0222222 0.1 0.0444444
44 0.3875 0.0222222 0.1125 0.0444444
44 0.4 0.0333333 0.0625 0.0666667
44 0.4125 0.0444444 0.0625 0.0888889
44 0.425 0.0444444 0.0625 0.0888889
44 0.4375 0.0666667 0.0625 0.133333
12 0.45 0.0444444 0.0625 0.0888889
11 0.4625 0.0333333 0.0625 0.0666667
12 0.475 0.0111111 0.0625 0.0222222
12 0.4875 0 0.0625 0
11 0.5 0 0.0625 0
11 0.5125 0.0111111 0.0625 0.0222222
78 0.525 0.0333333 0.0625 0.0666667
27 0.5625 0.122222 0.0625 0.244444
12 0.575 0.0111111 0.0625 0.0222222
11 0.6125 0.0222222 0.0625 0.0444444
29 0.85625 0.0222222 0.1 0.0444444
78 0.95625 0.0111111 0.075 0.0222222
74 0.984375 0.0111111 0.03125 0.0222222
21 0.984375 0.0222222 0.03125 0.0444444
35 0.14375 0.0555556 0.075 0.0666667
35 0.18125 0.0555556 0.1 0.0666667
35 0.19375 0.0333333 0.05 0.0222222
48 0.20625 0.0333333 0.05 0.0222222
8 0.29375 0.0222222 0.15 0.0444444
8 0.3 0.0333333 0.1625 0.0666667
44 0.275 0.0333333 0.0625 0.0666667
44 0.39375 0.0555556 0.1 0.0666667
44 0.4 0.0444444 0.0625 0.0888889
43 0.4125 0.0444444 0.0625 0.0888889
12 0.45625 0.0444444 0.1 0.0888889
12 0.4625 0.0111111 0.0625 0.0222222
44 0.525 0.0444444 0.0625 0.0888889
44 0.5625 0.0444444 0.0625 0.0888889
44 0.575 0.0444444 0.0625 0.0888889
67 0.978125 0.0444444 0.04375 0.0444444
44 0.028125 0.0666667 0.05625 0.0888889
43 0.028125 0.0555556 0.05625 0.111111
3 0.03125 0.0444444 0.05 0.0888889
32 0.0875 0.0444444 0.1125 0.0888889
17 0.10625 0.0444444 0.1 0.0888889
35 0.11875 0.0444444 0.1 0.0888889
35 0.13125 0.0666667 0.075 0.0444444
34 0.14375 0.0666667 0.075 0.0444444
29 0.16875 0.0666667 0.125 0.0444444
35 0.18125 0.0777778 0.075 0.0666667
35 0.1875 0.0666667 0.0625 0.0444444
48 0.20625 0.0666667 0.05 0.0444444
35 0.21875 0.0666667 0.05 0.0444444
8 0.2875 0.0444444 0.1375 0.0888889
8 0.30625 0.0333333 0.125 0.0666667
8 0.28125 0.0333333 0.05 0.0666667
44 0.29375 0.0444444 0.05 0.0888889
44 0.3125 0.0444444 0.1125 0.0888889
8 0.325 0.0555556 0.1125 0.0666667
8 0.3125 0.0666667 0.1625 0.0888889
3 0.325 0.0666667 0.1625 0.0888889
44 0.375 0.0666667 0.0875 0.0888889
44 0.41875 0.0555556 0.1 0.0666667
3 0.4125 0.0444444 0.0625 0.0888889
12 0.4375 0.0555556 0.0875 0.111111
44 0.45 0.0555556 0.0625 0.111111
44 0.48125 0.0555556 0.1 0.111111
12 0.49375 0.0555556 0.1 0.111111
12 0.50625 0.0555556 0.1 0.111111
44 0.51875 0.0555556 0.1 0.111111
44 0.525 0.0555556 0.0625 0.111111
44 0.5375 0.0333333 0.0625 0.0666667
44 0.54375 0.0444444 0.05 0.0888889
44 0.5625 0.0444444 0.0625 0.0888889
60 0.6375 0.0666667 0.1375 0.0444444
69 0.65 0.0555556 0.2125 0.0666667
35 0.675 0.0666667 0.1125 0.0444444
52 0.7125 0.0666667 0.0875 0.0444444
67 0.83125 0.0666667 0.15 0.0444444
65 0.85 0.0555556 0.1375 0.0222222
2 0.8125 0.0555556 0.0625 0.0222222
0 0.79375 0.0555556 0.125 0.0222222
0 0.85625 0.0666667 0.05 0.0444444
0 0.86875 0.0666667 0.05 0.0444444
2 0.86875 0.0555556 0.075 0.0222222
0 0.875 0.0555556 0.0625 0.0222222
0 0.90625 0.0555556 0.1 0.0222222
39 0.953125 0.0555556 0.09375 0.0666667
59 0.90625 0.0555556 0.15 0.0666667
20 0.978125 0.0666667 0.04375 0.0444444
17 0.978125 0.0666667 0.04375 0.0444444
70 0.978125 0.0555556 0.04375 0.0666667
44 0.028125 0.0888889 0.05625 0.0888889
2 0.028125 0.0777778 0.05625 0.0666667
2 0.028125 0.0777778 0.05625 0.0666667
10 0.028125 0.0666667 0.05625 0.0444444
3 0.08125 0.0777778 0.075 0.0222222
0 0.053125 0.0777778 0.10625 0.0222222
0 0.09375 0.0777778 0.025 0.0222222
0 0.09375 0.122222 0.075 0.111111
4 0.1125 0.1 0.0375 0.0666667
35 0.1375 0.1 0.0375 0.0666667
42 0.1375 0.0888889 0.0375 0.0444444
42 0.15 0.0888889 0.0375 0.0444444
35 0.18125 0.0888889 0.075 0.0444444
44 0.18125 0.0888889 0.075 0.0444444
44 0.2 0.0888889 0.0375 0.0444444
44 0.20625 0.0777778 0.05 0.0222222
44 0.2625 0.0888889 0.0875 0.0444444
3 0.275 0.0777778 0.0625 0.0222222
3 0.2875 0.0777778 0.0625 0.0222222
3 0.31875 0.0777778 0.1 0.0222222
16 0.325 0.0555556 0.0875 0.0666667
44 0.3 0.0555556 0.1625 0.0666667
44 0.3125 0.0777778 0.1625 0.0666667
44 0.3875 0.0777778 0.0875 0.0666667
11 0.46875 0.0555556 0.1 0.111111
12 0.48125 0.0555556 0.1 0.111111
12 0.49375 0.0666667 0.1 0.0888889
44 0.50625 0.0666667 0.1 0.0888889
44 0.525 0.0666667 0.0625 0.0888889
44 0.55 0.0777778 0.0625 0.0666667
44 0.55625 0.0777778 0.05 0.0222222
24 0.58125 0.0666667 0.05 0.0888889
26 0.64375 0.0888889 0.1 0.0444444
67 0.61875 0.0777778 0.05 0.0222222
44 0.61875 0.0777778 0.05 0.0222222
44 0.63125 0.0777778 0.075 0.0222222
39 0.7125 0.0777778 0.1375 0.0222222
27 0.6875 0.0666667 0.0625 0.0444444
26 0.7 0.0666667 0.0375 0.0444444
16 0.70625 0.0666667 0.1 0.0444444
27 0.70625 0.0666667 0.075 0.0444444
32 0.725 0.0666667 0.0375 0.0444444
16 0.73125 0.0777778 0.075 0.0222222
15 0.7125 0.0777778 0.1875 0.0222222
15 0.74375 0.0777778 0.15 0.0222222
0 0.78125 0.0777778 0.1 0.0222222
6 0.79375 0.0888889 0.1 0.0444444
39 0.81875 0.0888889 0.05 0.0444444
45 0.85 0.0888889 0.0625 0.0444444
69 0.85 0.0777778 0.0625 0.0666667
0 0.85625 0.0777778 0.075 0.0666667
2 0.88125 0.0666667 0.05 0.0444444
16 0.934375 0.0666667 0.13125 0.0444444
10 0.934375 0.0555556 0.13125 0.0666667
8 0.915625 0.0555556 0.16875 0.0666667
2 0.978125 0.0666667 0.04375 0.0444444
0 0.978125 0.0666667 0.04375 0.0444444
70 0.978125 0.0666667 0.04375 0.0444444
2 0.028125 0.1 0.05625 0.0666667
2 0.028125 0.0888889 0.05625 0.0444444
21 0.028125 0.0888889 0.05625 0.0444444
4 0.1375 0.1 0.2375 0.0222222
0 0.053125 0.111111 0.10625 0.0444444
17 0.10625 0.111111 0.075 0.0444444
0 0.10625 0.111111 0.05 0.0444444
4 0.10625 0.111111 0.05 0.0444444
4 0.13125 0.111111 0.05 0.0444444
0 0.16875 0.122222 0.075 0.0666667
0 0.18125 0.122222 0.05 0.0666667
52 0.18125 0.122222 0.05 0.0666667
44 0.35625 0.1 0.075 0.0222222
44 0.36875 0.0777778 0.075 0.0666667
4 0.375 0.0777778 0.0875 0.0666667
47 0.45 0.111111 0.0625 0.0444444
39 0.48125 0.111111 0.1 0.0444444
11 0.50625 0.0777778 0.1 0.111111
11 0.51875 0.0666667 0.075 0.0888889
9 0.525 0.0666667 0.0625 0.0888889
9 0.5375 0.0888889 0.0625 0.0444444
17 0.55 0.122222 0.0625 0.0666667
67 0.59375 0.1 0.05 0.0222222
32 0.6 0.1 0.0375 0.0222222
44 0.61875 0.1 0.05 0.0222222
55 0.70625 0.1 0.025 0.0222222
35 0.70625 0.1 0.05 0.0222222
39 0.725 0.1 0.0375 0.0222222
67 0.74375 0.1 0.05 0.0222222
27 0.75625 0.1 0 0.0222222
27 0.775 0.1 0.0125 0.0222222
0 0.78125 0.1 0.05 0.0222222
0 0.8 0.1 0.0875 0.0222222
0 0.81875 0.1 0.05 0.0222222
39 0.825 0.111111 0.0375 0.0444444
39 0.84375 0.1 0.05 0.0222222
39 0.86875 0.1 0.05 0.0222222
11 0.86875 0.1 0.05 0.0222222
8 0.89375 0.1 0.1 0.0222222
8 0.934375 0.1 0.13125 0.0222222
8 0.865625 0.122222 0.26875 0.0666667
8 0.915625 0.111111 0.16875 0.0444444
49 0.98125 0.1 0.025 0.0222222
43 0.98125 0.0777778 0.025 0.0666667
2 0.028125 0.111111 0.05625 0.0444444
0 0.028125 0.111111 0.05625 0.0444444
0 0.05 0.111111 0.0875 0.0444444
0 0.1 0.122222 0.0625 0.0666667
0 0.125 0.122222 0.0625 0.0666667
8 0.18125 0.122222 0.15 0.0666667
8 0.2125 0.144444 0.1125 0.0666667
47 0.19375 0.122222 0.175 0.0666667
50 0.2625 0.122222 0.0625 0.0666667
57 0.3625 0.1 0.0625 0.0666667
4 0.375 0.1 0.0625 0.0666667
0 0.38125 0.1 0.05 0.0666667
0 0.4375 0.1 0.1375 0.0666667
0 0.4125 0.111111 0.0625 0.0444444
0 0.475 0.111111 0.1125 0.0444444
32 0.45 0.111111 0.0375 0.0444444
16 0.45625 0.111111 0.05 0.0444444
0 0.4625 0.111111 0.0625 0.0444444
0 0.475 0.111111 0.0625 0.0444444
34 0.50625 0.111111 0.1 0.0444444
17 0.525 0.144444 0.0625 0.0666667
49 0.5375 0.133333 0.0625 0.0444444
2 0.54375 0.133333 0.05 0.0444444
12 0.60625 0.111111 0.1 0.0444444
78 0.60625 0.133333 0.075 0.0888889
69 0.75 0.111111 0.1875 0.0444444
44 0.85625 0.111111 0.025 0.0444444
8 0.915625 0.122222 0.16875 0.0666667
8 0.959375 0.133333 0.08125 0.0444444
49 0.9625 0.122222 0.0625 0.0222222
43 0.984375 0.111111 0.03125 0.0444444
39 0.028125 0.133333 0.05625 0.0444444
3 0.1375 0.144444 0.2625 0.0222222
4 0.10625 0.144444 0.05 0.0222222
4 0.10625 0.155556 0.05 0.0444444
4 0.11875 0.155556 0.05 0.0444444
4 0.13125 0.166667 0.05 0.0666667
44 0.20625 0.133333 0.1 0.0888889
44 0.23125 0.144444 0.1 0.111111
44 0.36875 0.166667 0.05 0.0666667
0 0.4 0.144444 0.0875 0.0222222
3 0.40625 0.144444 0.1 0.0222222
49 0.4375 0.144444 0.1375 0.0222222
47 0.46875 0.144444 0.125 0.0222222
44 0.4625 0.144444 0.0375 0.0222222
0 0.48125 0.144444 0.075 0.0222222
3 0.5 0.144444 0.0875 0.0222222
3 0.51875 0.144444 0.075 0.0222222
0 0.525 0.155556 0.0625 0.0444444
39 0.53125 0.144444 0.05 0.0666667
3 0.54375 0.133333 0.05 0.0444444
2 0.5625 0.122222 0.0375 0.0666667
28 0.575 0.122222 0.0125 0.0666667
60 0.60625 0.133333 0.1 0.0888889
69 0.75 0.133333 0.1875 0.0888889
8 0.95625 0.155556 0.075 0.0444444
60 0.953125 0.155556 0.09375 0.0444444
60 0.95 0.144444 0.0875 0.0222222
12 0.984375 0.111111 0.03125 0.0888889
28 0.034375 0.155556 0.06875 0.0444444
6 0.0625 0.166667 0.1125 0.0222222
0 0.1 0.166667 0.0375 0.0222222
4 0.1 0.177778 0.0625 0.0444444
0 0.10625 0.177778 0.05 0.0444444
16 0.1375 0.166667 0.0375 0.0666667
19 0.15 0.177778 0.0625 0.0888889
8 0.28125 0.188889 0.15 0.0666667
6 0.41875 0.177778 0.125 0.0444444
44 0.4125 0.177778 0.1875 0.0444444
47 0.45625 0.166667 0.125 0.0666667
47 0.5125 0.166667 0.0875 0.0666667
47 0.5625 0.133333 0.0375 0.0888889
44 0.59375 0.155556 0.075 0.133333
69 0.75625 0.177778 0.175 0.0444444
29 0.946875 0.166667 0.10625 0.0666667
12 0.953125 0.166667 0.09375 0.0222222
12 0.978125 0.133333 0.04375 0.0888889
12 0.978125 0.177778 0.04375 0.222222
43 0.028125 0.188889 0.05625 0.0666667
34 0.028125 0.2 0.05625 0.0888889
1 0.028125 0.177778 0.05625 0.0444444
1 0.034375 0.166667 0.06875 0.0666667
6 0.06875 0.177778 0.025 0.0444444
0 0.0875 0.188889 0.0375 0.0222222
