44 0.053125 0.0222222 0.10625 0.0444444
26 0.08125 0.0111111 0.15 0.0222222
44 0.08125 0.0222222 0.125 0.0444444
26 0.1125 0.0222222 0.0875 0.0444444
26 0.13125 0.0222222 0.125 0.0444444
26 0.14375 0.0222222 0.125 0.0444444
26 0.16875 0.0222222 0.1 0.0444444
3 0.20625 0.0222222 0.15 0.0444444
3 0.21875 0.0111111 0.15 0.0222222
3 0.20625 0.0111111 0.1 0.0222222
26 0.21875 0.0111111 0.1 0.0222222
26 0.2625 0.0222222 0.1625 0.0444444
26 0.24375 0.0222222 0.1 0.0444444
26 0.30625 0.0222222 0.15 0.0444444
26 0.34375 0.0222222 0.15 0.0444444
26 0.33125 0.0222222 0.1 0.0444444
29 0.35625 0.0222222 0.1 0.0444444
44 0.36875 0.0222222 0.1 0.0444444
44 0.45 0.0222222 0.1125 0.0444444
44 0.48125 0.0222222 0.125 0.0444444
44 0.50625 0.0222222 0.125 0.0444444
26 0.51875 0.0222222 0.125 0.0444444
26 0.54375 0.0222222 0.125 0.0444444
26 0.56875 0.0222222 0.125 0.0444444
44 0.5875 0.0111111 0.1375 0.0222222
34 0.6125 0.0111111 0.1375 0.0222222
34 0.65 0.0111111 0.1875 0.0222222
26 0.6625 0.0222222 0.1875 0.0444444
8 0.7 0.0222222 0.1875 0.0444444
8 0.7375 0.0222222 0.1875 0.0444444
8 0.75 0.0111111 0.1875 0.0222222
6 0.7875 0.0111111 0.1875 0.0222222
8 0.79375 0.0111111 0.2 0.0222222
8 0.8375 0.0111111 0.1875 0.0222222
6 0.81875 0.0111111 0.125 0.0222222
4 0.83125 0.0111111 0.125 0.0222222
26 0.8625 0.0111111 0.1375 0.0222222
43 0.925 0.0111111 0.0875 0.0222222
37 0.93125 0.0111111 0.1 0.0222222
44 0.925 0.0111111 0.1375 0.0222222
26 0.946875 0.0111111 0.10625 0.0222222
6 0.990625 0.0111111 0.01875 0.0222222
44 0.034375 0.0222222 0.06875 0.0444444
44 0.1 0.0333333 0.1625 0.0666667
44 0.075 0.0333333 0.1375 0.0666667
34 0.125 0.0333333 0.0875 0.0666667
34 0.1375 0.0333333 0.0875 0.0666667
34 0.13125 0.0333333 0.125 0.0666667
34 0.15625 0.0333333 0.125 0.0666667
44 0.16875 0.0333333 0.125 0.0666667
44 0.19375 0.0333333 0.1 0.0666667
44 0.21875 0.0222222 0.075 0.0444444
44 0.225 0.0333333 0.0875 0.0666667
44 0.34375 0.0333333 0.15 0.0666667
44 0.3375 0.0333333 0.0875 0.0666667
44 0.3625 0.0333333 0.0875 0.0666667
44 0.44375 0.0222222 0.1 0.0444444
44 0.45625 0.0333333 0.1 0.0666667
44 0.475 0.0333333 0.0875 0.0666667
44 0.4875 0.0222222 0.0875 0.0444444
43 0.5 0.0222222 0.0875 0.0444444
42 0.5125 0.0333333 0.0875 0.0666667
43 0.525 0.0222222 0.0875 0.0444444
44 0.55625 0.0222222 0.15 0.0444444
44 0.54375 0.0333333 0.1 0.0666667
43 0.5625 0.0333333 0.0875 0.0666667
42 0.56875 0.0333333 0.1 0.0666667
43 0.58125 0.0333333 0.1 0.0666667
43 0.59375 0.0222222 0.1 0.0444444
44 0.6125 0.0222222 0.0875 0.0444444
34 0.60625 0.0222222 0.125 0.0444444
30 0.6125 0.0333333 0.1375 0.0666667
30 0.68125 0.0111111 0.15 0.0222222
30 0.675 0.0333333 0.1875 0.0666667
34 0.6875 0.0333333 0.1875 0.0666667
34 0.71875 0.0333333 0.15 0.0666667
42 0.74375 0.0222222 0.15 0.0444444
42 0.75 0.0333333 0.1625 0.0666667
30 0.76875 0.0333333 0.15 0.0666667
30 0.78125 0.0111111 0.15 0.0222222
30 0.7875 0.0222222 0.1625 0.0444444
30 0.7875 0.0222222 0.1875 0.0444444
30 0.81875 0.0222222 0.15 0.0444444
30 0.83125 0.0111111 0.15 0.0222222
30 0.83125 0.0111111 0.1 0.0222222
30 0.83125 0.0222222 0.125 0.0444444
13 0.84375 0.0111111 0.125 0.0222222
13 0.85625 0.0222222 0.125 0.0444444
30 0.8625 0.0111111 0.1375 0.0222222
44 0.88125 0.0111111 0.125 0.0222222
44 0.946875 0.0333333 0.10625 0.0666667
3 0.978125 0.0111111 0.04375 0.0222222
10 0.990625 0.0111111 0.01875 0.0222222
44 0.13125 0.0333333 0.175 0.0666667
44 0.1375 0.0333333 0.1375 0.0666667
43 0.19375 0.0333333 0.125 0.0666667
43 0.21875 0.0444444 0.125 0.0444444
43 0.275 0.0333333 0.1375 0.0666667
44 0.625 0.0333333 0.1375 0.0666667
43 0.64375 0.0333333 0.125 0.0666667
34 0.66875 0.0333333 0.125 0.0666667
42 0.68125 0.0333333 0.125 0.0666667
42 0.71875 0.0333333 0.175 0.0666667
44 0.73125 0.0444444 0.175 0.0888889
44 0.79375 0.0444444 0.175 0.0888889
44 0.8125 0.0333333 0.1625 0.0666667
44 0.8125 0.0333333 0.1125 0.0666667
44 0.83125 0.0333333 0.1 0.0666667
43 0.84375 0.0222222 0.1 0.0444444
34 0.85625 0.0333333 0.1 0.0666667
34 0.8875 0.0333333 0.1625 0.0666667
44 0.88125 0.0222222 0.1 0.0444444
10 0.925 0.0222222 0.0875 0.0444444
8 0.059375 0.0444444 0.11875 0.0888889
44 0.19375 0.0444444 0.125 0.0444444
44 0.66875 0.0555556 0.125 0.0666667
44 0.69375 0.0555556 0.1 0.0666667
44 0.71875 0.0555556 0.125 0.0666667
8 0.80625 0.0555556 0.1 0.0666667
10 0.91875 0.0333333 0.075 0.0666667
3 0.034375 0.0555556 0.06875 0.0666667
47 0.14375 0.0666667 0.075 0.0444444
47 0.3125 0.0555556 0.0875 0.0666667
44 0.69375 0.0666667 0.125 0.0444444
8 0.73125 0.0555556 0.125 0.0666667
44 0.75625 0.0555556 0.1 0.0666667
8 0.78125 0.0555556 0.1 0.0666667
44 0.83125 0.0555556 0.1 0.0666667
8 0.84375 0.0555556 0.125 0.0666667
8 0.85625 0.0777778 0.125 0.0666667
3 0.053125 0.1 0.10625 0.0666667
3 0.028125 0.0888889 0.05625 0.0444444
3 0.05 0.0777778 0.0875 0.0666667
69 0.06875 0.0777778 0.1 0.0666667
44 0.16875 0.0777778 0.1 0.0666667
44 0.1875 0.0777778 0.1125 0.0666667
44 0.19375 0.0888889 0.125 0.0444444
71 0.23125 0.0888889 0.125 0.0444444
44 0.24375 0.0888889 0.125 0.0444444
3 0.28125 0.0888889 0.15 0.0444444
44 0.28125 0.0888889 0.125 0.0444444
71 0.29375 0.0888889 0.125 0.0444444
60 0.29375 0.0888889 0.1 0.0444444
60 0.325 0.0777778 0.0875 0.0222222
3 0.3375 0.0777778 0.0875 0.0666667
68 0.35625 0.0777778 0.1 0.0666667
3 0.75625 0.0666667 0.1 0.0888889
3 0.79375 0.0666667 0.15 0.0888889
3 0.79375 0.0666667 0.1 0.0888889
3 0.825 0.0666667 0.1125 0.0888889
16 0.990625 0.0666667 0.01875 0.0888889
8 0.053125 0.111111 0.10625 0.0888889
8 0.015625 0.1 0.03125 0.0666667
8 0.046875 0.1 0.09375 0.0666667
3 0.05625 0.0888889 0.1 0.0888889
68 0.06875 0.1 0.1 0.0666667
44 0.14375 0.1 0.15 0.111111
43 0.1625 0.1 0.1625 0.111111
44 0.175 0.0888889 0.1625 0.0888889
43 0.19375 0.0888889 0.15 0.0888889
44 0.2125 0.0888889 0.1625 0.0888889
34 0.19375 0.0888889 0.125 0.0888889
44 0.20625 0.1 0.125 0.0666667
44 0.24375 0.1 0.1 0.0666667
43 0.25 0.111111 0.1125 0.0888889
6 0.2625 0.1 0.0875 0.0666667
39 0.2875 0.1 0.1375 0.0666667
8 0.3 0.122222 0.0875 0.0666667
30 0.3125 0.111111 0.0875 0.0888889
13 0.3125 0.1 0.0875 0.0666667
44 0.325 0.122222 0.1125 0.0666667
68 0.3625 0.111111 0.0875 0.0888889
71 0.375 0.111111 0.0875 0.0888889
43 0.3875 0.111111 0.0875 0.0888889
44 0.3875 0.111111 0.0875 0.0888889
44 0.40625 0.111111 0.125 0.0888889
44 0.43125 0.1 0.1 0.111111
43 0.73125 0.1 0.175 0.111111
8 0.75625 0.1 0.175 0.111111
8 0.78125 0.111111 0.175 0.133333
8 0.825 0.111111 0.1625 0.133333
44 0.85625 0.111111 0.15 0.133333
3 0.984375 0.111111 0.03125 0.0444444
0 0.978125 0.0888889 0.04375 0.0888889
8 0.053125 0.133333 0.10625 0.0888889
8 0.015625 0.122222 0.03125 0.0666667
8 0.05 0.122222 0.0875 0.0666667
44 0.15 0.133333 0.1625 0.0888889
43 0.18125 0.133333 0.15 0.0888889
43 0.19375 0.122222 0.175 0.0666667
44 0.225 0.133333 0.1375 0.0444444
44 0.19375 0.133333 0.125 0.0888889
44 0.225 0.133333 0.0875 0.0888889
43 0.24375 0.133333 0.1 0.0888889
44 0.25 0.133333 0.1125 0.0888889
44 0.2625 0.144444 0.0875 0.0666667
44 0.275 0.133333 0.1125 0.0888889
44 0.3 0.133333 0.0875 0.0888889
44 0.3125 0.144444 0.0875 0.0666667
42 0.325 0.155556 0.0875 0.0444444
34 0.325 0.155556 0.1125 0.0444444
42 0.35 0.155556 0.0875 0.0444444
44 0.3625 0.144444 0.0875 0.0666667
44 0.38125 0.133333 0.075 0.0888889
44 0.4125 0.133333 0.1375 0.0888889
44 0.75625 0.144444 0.175 0.0666667
44 0.78125 0.133333 0.175 0.0888889
44 0.84375 0.133333 0.15 0.133333
44 0.84375 0.133333 0.1 0.0888889
44 0.85625 0.144444 0.1 0.0666667
43 0.8625 0.144444 0.1125 0.0666667
34 0.875 0.111111 0.1125 0.0888889
43 0.921875 0.122222 0.15625 0.0666667
8 0.934375 0.111111 0.13125 0.0888889
26 0.971875 0.133333 0.05625 0.0444444
0 0.978125 0.0777778 0.04375 0.155556
8 0.053125 0.155556 0.10625 0.0888889
8 0.01875 0.155556 0.025 0.0444444
8 0.05 0.155556 0.0875 0.0888889
43 0.10625 0.144444 0.175 0.0666667
43 0.15 0.155556 0.1625 0.0444444
43 0.18125 0.155556 0.175 0.0444444
8 0.19375 0.155556 0.175 0.0444444
43 0.2 0.155556 0.0875 0.0444444
43 0.225 0.155556 0.0875 0.0444444
43 0.35 0.166667 0.1625 0.0666667
8 0.35 0.155556 0.1625 0.0444444
42 0.39375 0.155556 0.175 0.0444444
43 0.40625 0.155556 0.175 0.0444444
44 0.41875 0.155556 0.175 0.0888889
8 0.43125 0.155556 0.175 0.0888889
43 0.4625 0.155556 0.1375 0.0888889
44 0.48125 0.144444 0.175 0.111111
44 0.78125 0.166667 0.175 0.0666667
44 0.85625 0.166667 0.15 0.0666667
30 0.8375 0.166667 0.1125 0.0666667
44 0.85625 0.155556 0.1 0.0444444
34 0.8625 0.144444 0.1125 0.0666667
44 0.875 0.155556 0.1125 0.0444444
8 0.88125 0.144444 0.1 0.0666667
8 0.921875 0.133333 0.15625 0.0888889
8 0.9 0.133333 0.1125 0.0888889
24 0.959375 0.166667 0.08125 0.0666667
0 0.996875 0.155556 0.00625 0.0444444
8 0.025 0.166667 0.0375 0.0666667
44 0.15 0.166667 0.1625 0.0666667
43 0.16875 0.166667 0.125 0.0666667
44 0.18125 0.166667 0.1 0.0666667
44 0.325 0.188889 0.1125 0.0666667
34 0.33125 0.166667 0.125 0.0666667
43 0.39375 0.166667 0.175 0.0666667
44 0.39375 0.166667 0.1 0.0666667
43 0.40625 0.155556 0.125 0.0888889
30 0.8375 0.188889 0.1125 0.0666667
44 0.85625 0.177778 0.1 0.0444444
44 0.875 0.177778 0.1125 0.0444444
34 0.88125 0.177778 0.1 0.0444444
44 0.915625 0.155556 0.16875 0.0888889
8 0.959375 0.177778 0.08125 0.0888889
0 0.996875 0.166667 0.00625 0.0666667
8 0.053125 0.2 0.10625 0.0888889
3 0.034375 0.211111 0.06875 0.0666667
44 0.13125 0.188889 0.1 0.0666667
43 0.13125 0.188889 0.125 0.0666667
43 0.15625 0.188889 0.1 0.0666667
43 0.18125 0.188889 0.1 0.0666667
44 0.18125 0.188889 0.1 0.0666667
43 0.35625 0.2 0.175 0.0444444
43 0.375 0.2 0.0875 0.0444444
42 0.4 0.2 0.1875 0.0444444
43 0.40625 0.2 0.175 0.0444444
42 0.40625 0.2 0.125 0.0444444
43 0.44375 0.2 0.1 0.0444444
43 0.45 0.188889 0.1125 0.0666667
44 0.46875 0.188889 0.125 0.0666667
44 0.49375 0.188889 0.1 0.0666667
44 0.83125 0.2 0.1 0.0888889
44 0.85625 0.188889 0.1 0.0666667
43 0.8625 0.188889 0.1125 0.0666667
44 0.875 0.2 0.1125 0.0444444
13 0.875 0.188889 0.1125 0.0666667
30 0.946875 0.2 0.10625 0.0888889
0 0.996875 0.188889 0.00625 0.111111
8 0.053125 0.233333 0.10625 0.111111
3 0.05 0.211111 0.0875 0.0666667
44 0.11875 0.211111 0.075 0.0666667
43 0.1375 0.211111 0.1375 0.0666667
34 0.13125 0.211111 0.125 0.0666667
34 0.15 0.211111 0.0875 0.0666667
34 0.16875 0.211111 0.1 0.0666667
34 0.2 0.211111 0.1625 0.0666667
43 0.20625 0.211111 0.175 0.0666667
44 0.35625 0.211111 0.125 0.0666667
43 0.35 0.211111 0.1625 0.0666667
44 0.4 0.211111 0.1375 0.0666667
42 0.39375 0.211111 0.175 0.0666667
43 0.4125 0.211111 0.1375 0.0666667
42 0.425 0.211111 0.1625 0.0666667
42 0.4375 0.2 0.1875 0.0888889
43 0.4625 0.211111 0.1375 0.0666667
