29 0.078125 0.0222222 0.15625 0.0444444
66 0.13125 0 0.2 0
66 0.225 0.0222222 0.1875 0.0444444
43 0.28125 0.0111111 0.2 0.0222222
13 0.29375 0.0111111 0.2 0.0222222
66 0.30625 0.0111111 0.2 0.0222222
13 0.33125 0.0111111 0.2 0.0222222
13 0.35625 0 0.2 0
13 0.38125 0.0111111 0.2 0.0222222
6 0.39375 0.0111111 0.2 0.0222222
66 0.40625 0 0.2 0
43 0.425 0.0111111 0.1875 0.0222222
6 0.4375 0.0111111 0.1875 0.0222222
43 0.46875 0.0111111 0.175 0.0222222
66 0.5 0.0111111 0.1875 0.0222222
43 0.54375 0.0111111 0.175 0.0222222
43 0.6 0.0111111 0.1875 0.0222222
43 0.64375 0.0111111 0.2 0.0222222
43 0.6875 0.0111111 0.1875 0.0222222
43 0.725 0.0111111 0.1875 0.0222222
43 0.76875 0.0111111 0.175 0.0222222
34 0.80625 0.0111111 0.175 0.0222222
13 0.84375 0.0111111 0.175 0.0222222
13 0.8875 0.0111111 0.1875 0.0222222
43 0.915625 0.0111111 0.16875 0.0222222
13 0.928125 0.0111111 0.14375 0.0222222
13 0.946875 0.0111111 0.10625 0.0222222
34 0.953125 0.0111111 0.09375 0.0222222
29 0.034375 0.0111111 0.06875 0.0222222
66 0.41875 0.0111111 0.15 0.0222222
44 0.8875 0.0222222 0.0625 0.0444444
44 0.9125 0.0222222 0.0875 0.0444444
44 0.95 0.0222222 0.0875 0.0444444
3 0.9625 0.0111111 0.0625 0.0222222
26 0.959375 0.0222222 0.08125 0.0444444
66 0.15 0.0333333 0.1375 0.0222222
66 0.18125 0.0222222 0.2 0.0444444
66 0.20625 0.0333333 0.15 0.0666667
28 0.940625 0.0333333 0.11875 0.0666667
3 0.946875 0.0222222 0.10625 0.0444444
8 0.959375 0.0222222 0.08125 0.0444444
29 0.959375 0.0222222 0.08125 0.0444444
29 0.053125 0.0444444 0.10625 0.0888889
16 0.021875 0.0555556 0.04375 0.0222222
1 0.025 0.0555556 0.0375 0.0222222
1 0.05 0.0555556 0.0625 0.0222222
6 0.084375 0.0666667 0.16875 0.0444444
13 0.090625 0.0666667 0.18125 0.0444444
13 0.15 0.0666667 0.1625 0.0444444
6 0.16875 0.0666667 0.175 0.0444444
6 0.175 0.0555556 0.1875 0.0666667
13 0.21875 0.0666667 0.175 0.0444444
13 0.24375 0.0555556 0.15 0.0222222
66 0.25 0.0555556 0.1375 0.0222222
13 0.225 0.0666667 0.0875 0.0444444
13 0.225 0.0444444 0.0875 0.0444444
13 0.23125 0.0444444 0.125 0.0444444
13 0.2875 0.0444444 0.1875 0.0444444
66 0.30625 0.0444444 0.175 0.0888889
66 0.3375 0.0333333 0.1625 0.0666667
66 0.325 0.0333333 0.0875 0.0666667
66 0.34375 0.0555556 0.1 0.0222222
66 0.41875 0.0555556 0.15 0.0222222
57 0.49375 0.0555556 0.15 0.0222222
13 0.4625 0.0666667 0.0625 0.0444444
13 0.5125 0.0555556 0.1625 0.0222222
1 0.55 0.0555556 0.1375 0.0222222
1 0.53125 0.0444444 0.125 0.0444444
60 0.51875 0.0444444 0.1 0.0444444
60 0.60625 0.0333333 0.175 0.0666667
29 0.61875 0.0333333 0.175 0.0666667
49 0.625 0.0333333 0.1875 0.0666667
28 0.59375 0.0333333 0.1 0.0666667
3 0.6125 0.0333333 0.0875 0.0666667
3 0.6375 0.0333333 0.0375 0.0666667
59 0.68125 0.0333333 0.175 0.0666667
25 0.7 0.0333333 0.1875 0.0666667
17 0.7125 0.0333333 0.1875 0.0666667
28 0.6875 0.0333333 0.0625 0.0666667
3 0.71875 0.0333333 0.2 0.0666667
3 0.6875 0.0333333 0.1125 0.0666667
3 0.7375 0.0333333 0.0375 0.0666667
28 0.75 0.0333333 0.2625 0.0666667
28 0.8 0.0333333 0.2125 0.0666667
28 0.8375 0.0333333 0.1375 0.0666667
55 0.934375 0.0333333 0.13125 0.0666667
3 0.940625 0.0333333 0.11875 0.0666667
13 0.953125 0.0444444 0.09375 0.0888889
34 0.959375 0.0333333 0.08125 0.0666667
43 0.053125 0.0444444 0.10625 0.0888889
44 0.021875 0.0666667 0.04375 0.0444444
1 0.071875 0.0666667 0.14375 0.0444444
1 0.084375 0.0666667 0.16875 0.0888889
1 0.090625 0.0666667 0.18125 0.0888889
13 0.096875 0.0666667 0.19375 0.0888889
10 0.109375 0.0666667 0.21875 0.0888889
10 0.115625 0.0777778 0.23125 0.0222222
3 0.11875 0.0777778 0.225 0.0222222
13 0.15 0.0888889 0.2125 0.0444444
13 0.1875 0.0666667 0.2125 0.0888889
30 0.1875 0.0666667 0.2625 0.0888889
13 0.2375 0.0888889 0.1625 0.0444444
13 0.24375 0.0666667 0.175 0.0888889
3 0.2875 0.0666667 0.2375 0.0888889
30 0.30625 0.0888889 0.225 0.0444444
3 0.31875 0.0888889 0.225 0.0444444
30 0.325 0.0777778 0.2125 0.0222222
13 0.35 0.0888889 0.2375 0.0444444
1 0.35625 0.0888889 0.225 0.0444444
1 0.3875 0.0777778 0.2125 0.0222222
66 0.40625 0.0888889 0.325 0.0444444
59 0.4875 0.0777778 0.1375 0.0222222
6 0.46875 0.0777778 0.2 0.0666667
6 0.48125 0.0666667 0.225 0.0444444
13 0.5 0.0666667 0.2375 0.0444444
1 0.6375 0.0555556 0.1875 0.111111
1 0.60625 0.0555556 0.1 0.111111
1 0.625 0.0555556 0.0875 0.111111
13 0.675 0.0555556 0.1625 0.111111
16 0.69375 0.0555556 0.175 0.111111
3 0.70625 0.0555556 0.175 0.111111
3 0.7375 0.0555556 0.1375 0.111111
3 0.71875 0.0555556 0.05 0.0666667
2 0.71875 0.0555556 0.075 0.0666667
3 0.78125 0.0444444 0.2 0.0888889
3 0.79375 0.0555556 0.225 0.0666667
8 0.8 0.0444444 0.2125 0.0888889
8 0.7625 0.0444444 0.1125 0.0888889
3 0.8125 0.0555556 0.0375 0.0666667
8 0.81875 0.0555556 0.075 0.0666667
8 0.825 0.0444444 0.0875 0.0888889
8 0.890625 0.0444444 0.21875 0.0888889
8 0.88125 0.0444444 0.075 0.0888889
8 0.928125 0.0444444 0.14375 0.0888889
8 0.940625 0.0666667 0.11875 0.0444444
8 0.94375 0.0777778 0.1 0.0666667
13 0.95 0.0555556 0.0875 0.0666667
3 0.959375 0.0444444 0.08125 0.0888889
59 0.059375 0.111111 0.11875 0.0444444
44 0.021875 0.1 0.04375 0.0222222
16 0.021875 0.1 0.04375 0.0222222
3 0.05 0.1 0.0125 0.0222222
1 0.05625 0.111111 0.025 0.0444444
3 0.04375 0.111111 0.075 0.0444444
3 0.05 0.1 0.0875 0.0222222
3 0.15625 0.1 0.1 0.0222222
3 0.2125 0.1 0.0375 0.0222222
1 0.20625 0.1 0.1 0.0222222
3 0.25 0.1 0.0375 0.0222222
3 0.28125 0.1 0.025 0.0222222
1 0.3875 0.1 0.1625 0.0222222
1 0.39375 0.1 0.05 0.0222222
1 0.48125 0.1 0.2 0.0222222
1 0.425 0.1 0.1875 0.0222222
66 0.48125 0.1 0.15 0.0222222
13 0.4875 0.1 0.1375 0.0222222
13 0.45625 0.1 0.05 0.0222222
1 0.4625 0.1 0.0375 0.0222222
1 0.44375 0.1 0.1 0.0222222
0 0.475 0.0777778 0.0875 0.111111
3 0.4875 0.0777778 0.0875 0.111111
0 0.5 0.0666667 0.0875 0.0888889
0 0.51875 0.0666667 0.1 0.0888889
0 0.5375 0.0777778 0.0875 0.111111
3 0.55 0.0777778 0.0875 0.111111
10 0.575 0.0777778 0.0875 0.111111
16 0.5875 0.0777778 0.0875 0.111111
10 0.6 0.0777778 0.0875 0.111111
39 0.65 0.0666667 0.1625 0.0888889
55 0.65 0.0555556 0.1375 0.111111
16 0.65625 0.0666667 0.125 0.133333
8 0.66875 0.0666667 0.125 0.0888889
8 0.70625 0.0555556 0.175 0.111111
8 0.7 0.0666667 0.0875 0.0888889
8 0.71875 0.0666667 0.1 0.0888889
8 0.73125 0.1 0.1 0.0222222
8 0.7375 0.0888889 0.1125 0.0444444
8 0.75 0.1 0.1125 0.0222222
8 0.7625 0.0777778 0.1125 0.0666667
8 0.8375 0.1 0.0125 0.0222222
8 0.8125 0.1 0.0875 0.0222222
8 0.875 0.0888889 0.1875 0.0444444
8 0.83125 0.0777778 0.1 0.0666667
8 0.903125 0.0777778 0.19375 0.0666667
8 0.86875 0.0777778 0.075 0.0666667
8 0.921875 0.0777778 0.15625 0.0666667
8 0.928125 0.0666667 0.14375 0.0888889
8 0.9375 0.0777778 0.0375 0.0666667
8 0.9375 0.0888889 0.0875 0.0888889
8 0.946875 0.0777778 0.10625 0.111111
1 0.953125 0.0777778 0.09375 0.111111
16 0.053125 0.122222 0.10625 0.0666667
16 0.021875 0.133333 0.04375 0.0444444
44 0.065625 0.122222 0.13125 0.0666667
10 0.040625 0.122222 0.08125 0.0666667
1 0.43125 0.133333 0.175 0.0444444
1 0.44375 0.111111 0.075 0.0888889
1 0.4375 0.122222 0.0375 0.0222222
0 0.45625 0.111111 0.05 0.0444444
0 0.46875 0.111111 0.025 0.0444444
0 0.45 0.111111 0.0875 0.0444444
1 0.475 0.122222 0.0625 0.0666667
3 0.4875 0.122222 0.0875 0.0666667
30 0.5 0.122222 0.0875 0.0666667
31 0.5125 0.122222 0.0875 0.0666667
31 0.53125 0.122222 0.1 0.0666667
28 0.55625 0.122222 0.075 0.0666667
13 0.575 0.122222 0.0875 0.0666667
8 0.5875 0.122222 0.0875 0.0666667
13 0.6125 0.122222 0.0875 0.0666667
8 0.65 0.122222 0.0875 0.0666667
8 0.675 0.122222 0.0875 0.0666667
8 0.7 0.111111 0.0875 0.0444444
8 0.71875 0.111111 0.1 0.0444444
60 0.75625 0.122222 0.075 0.111111
60 0.8125 0.111111 0.0875 0.0444444
60 0.825 0.1 0.0875 0.0666667
60 0.9625 0.122222 0.0625 0.0222222
4 0.95 0.0888889 0.0875 0.0888889
1 0.953125 0.1 0.09375 0.0666667
3 0.015625 0.155556 0.03125 0.0444444
3 0.015625 0.144444 0.03125 0.0222222
1 0.45 0.144444 0.0625 0.0222222
1 0.45 0.122222 0.0625 0.0666667
1 0.45 0.133333 0.0875 0.0888889
24 0.475 0.133333 0.0875 0.0888889
65 0.73125 0.122222 0.1 0.111111
21 0.75625 0.122222 0.075 0.111111
25 0.8 0.122222 0.0875 0.111111
25 0.81875 0.122222 0.1 0.111111
60 0.825 0.122222 0.1125 0.0666667
60 0.9625 0.111111 0.0625 0.0888889
1 0.959375 0.122222 0.08125 0.0666667
28 0.015625 0.177778 0.03125 0.0444444
3 0.46875 0.133333 0.075 0.0888889
1 0.475 0.133333 0.0875 0.0888889
60 0.73125 0.133333 0.1 0.0888889
59 0.75625 0.122222 0.075 0.111111
59 0.775 0.133333 0.0625 0.133333
60 0.85 0.144444 0.0625 0.111111
16 0.965625 0.133333 0.06875 0.0888889
60 0.965625 0.144444 0.06875 0.111111
1 0.959375 0.144444 0.08125 0.111111
60 0.053125 0.188889 0.10625 0.0666667
13 0.45625 0.155556 0.1 0.0888889
7 0.4625 0.155556 0.0875 0.0888889
7 0.4875 0.155556 0.0875 0.0888889
21 0.5 0.166667 0.0875 0.111111
44 0.965625 0.2 0.06875 0.0444444
44 0.959375 0.166667 0.08125 0.111111
29 0.959375 0.166667 0.08125 0.111111
57 0.46875 0.177778 0.075 0.0888889
7 0.4875 0.177778 0.1125 0.0888889
7 0.50625 0.177778 0.1 0.0888889
13 0.953125 0.211111 0.09375 0.0666667
29 0.959375 0.2 0.08125 0.0888889
29 0.90625 0.211111 0.075 0.0666667
1 0.953125 0.222222 0.09375 0.0888889
51 0.8125 0.222222 0.1125 0.133333
21 0.8125 0.233333 0.1375 0.155556
10 0.8 0.244444 0.1125 0.133333
16 0.81875 0.222222 0.05 0.0888889
8 0.875 0.233333 0.1125 0.111111
25 0.90625 0.222222 0.075 0.0888889
66 0.953125 0.222222 0.09375 0.0888889
39 0.034375 0.244444 0.06875 0.0888889
0 0.053125 0.244444 0.10625 0.0888889
0 0.04375 0.244444 0.05 0.0888889
0 0.075 0.233333 0.1125 0.111111
49 0.0875 0.244444 0.1125 0.0888889
10 0.1625 0.244444 0.0875 0.0888889
16 0.24375 0.244444 0.05 0.0888889
7 0.38125 0.244444 0.075 0.0888889
3 0.75625 0.233333 0.025 0.111111
3 0.775 0.244444 0.0625 0.133333
3 0.79375 0.244444 0.075 0.133333
21 0.8125 0.255556 0.0375 0.111111
59 0.83125 0.255556 0.075 0.111111
21 0.9125 0.255556 0.1375 0.111111
8 0.90625 0.255556 0.15 0.111111
55 0.90625 0.255556 0.075 0.111111
1 0.95625 0.244444 0.05 0.0888889
13 0.953125 0.244444 0.09375 0.0888889
60 0.959375 0.244444 0.08125 0.0888889
1 0.1125 0.288889 0.0875 0.0444444
1 0.14375 0.288889 0.125 0.0444444
1 0.15625 0.3 0.075 0.0222222
1 0.1625 0.311111 0.0875 0.0444444
1 0.175 0.3 0.0875 0.0222222
10 0.19375 0.3 0.1 0.0222222
1 0.38125 0.288889 0.1 0.0888889
1 0.4125 0.277778 0.1125 0.0666667
66 0.56875 0.266667 0.05 0.0888889
28 0.7375 0.277778 0.1125 0.0666667
60 0.81875 0.277778 0.1 0.111111
49 0.85625 0.277778 0.05 0.0666667
28 0.9 0.3 0.0625 0.0222222
1 0.9375 0.277778 0.1125 0.0666667
1 0.953125 0.288889 0.09375 0.133333
13 0.953125 0.277778 0.09375 0.111111
