11 0.028125 0.0111111 0.05625 0.0222222
12 0.35625 0.0111111 0.05 0.0222222
11 0.75625 0.0111111 0.125 0.0222222
11 0.84375 0.0111111 0.125 0.0222222
11 0.875 0.0111111 0.1125 0.0222222
11 0.9 0.0111111 0.1125 0.0222222
6 0.9125 0.0111111 0.1125 0.0222222
11 0.925 0.0111111 0.1125 0.0222222
11 0.946875 0.0222222 0.10625 0.0444444
9 0.01875 0.0555556 0.025 0.0666667
10 0.14375 0.0444444 0.05 0.0444444
10 0.30625 0.0444444 0.075 0.0444444
12 0.5625 0.0444444 0.0625 0.0444444
9 0.64375 0.0444444 0.075 0.0444444
9 0.6375 0.0444444 0.0125 0.0444444
12 0.65625 0.0444444 0 0.0444444
10 0.7375 0.0444444 0.0625 0.0444444
12 0.74375 0.0444444 0.025 0.0444444
11 0.01875 0.0666667 0 0.0444444
1 0.1 0.0777778 0.0875 0.0666667
1 0.15 0.0777778 0.0625 0.0666667
12 0.50625 0.0777778 0.05 0.0666667
9 0.51875 0.0777778 0.025 0.0666667
12 0.55 0.0777778 0.0625 0.0666667
12 0.6875 0.0555556 0.1125 0.0666667
12 0.75625 0.0777778 0.05 0.0666667
11 0.028125 0.0777778 0.05625 0.111111
11 0.075 0.0888889 0.0875 0.0444444
11 0.10625 0.0888889 0.075 0.0444444
60 0.11875 0.0888889 0.075 0.0444444
11 0.8 0.0777778 0.0625 0.0666667
9 0.8875 0.0888889 0.0625 0.0888889
9 0.89375 0.1 0.05 0.0666667
11 0.89375 0.111111 0.025 0.0444444
11 0.14375 0.133333 0 0.0444444
11 0.125 0.144444 0.1625 0.0666667
27 0.16875 0.155556 0.075 0.0444444
26 0.18125 0.144444 0.075 0.0666667
11 0.88125 0.155556 0.075 0.0888889
11 0.9125 0.155556 0.0625 0.0888889
1 0.90625 0.155556 0.1 0.0888889
11 0.009375 0.188889 0.01875 0.0666667
11 0.01875 0.188889 0 0.0666667
11 0.8 0.166667 0.0125 0.0666667
11 0.8375 0.166667 0.0625 0.0666667
1 0.8375 0.155556 0.0375 0.0888889
3 0.84375 0.166667 0.025 0.0666667
11 0.8875 0.177778 0.0625 0.0888889
55 0.021875 0.222222 0.04375 0.0444444
55 0.05 0.222222 0.0125 0.0444444
27 0.08125 0.222222 0 0.0444444
27 0.09375 0.222222 0 0.0444444
12 0.11875 0.222222 0 0.0444444
1 0.15 0.222222 0.0625 0.0444444
9 0.01875 0.244444 0 0.0444444
12 0.125 0.244444 0.0125 0.0444444
11 0.015625 0.255556 0.03125 0.0666667
9 0.01875 0.266667 0.025 0.0444444
5 0.015625 0.266667 0.03125 0.0888889
9 0.01875 0.288889 0.025 0.0444444
8 0.4875 0.288889 0.1125 0.0444444
8 0.51875 0.288889 0.075 0.0444444
8 0.5125 0.288889 0.1125 0.0444444
22 0.88125 0.277778 0.075 0.0666667
11 0.021875 0.233333 0.04375 0.2
9 0.015625 0.3 0.03125 0.0666667
8 0.38125 0.311111 0.075 0.0888889
8 0.375 0.3 0.1125 0.111111
1 0.85625 0.288889 0.075 0.0888889
11 0.8625 0.3 0.0625 0.0666667
1 0.98125 0.288889 0.025 0.0444444
9 0.01875 0.322222 0.025 0.0666667
11 0.3875 0.322222 0.0875 0.0666667
12 0.40625 0.322222 0.075 0.0666667
12 0.5 0.333333 0.1375 0.0444444
12 0.525 0.333333 0.1375 0.0444444
12 0.55625 0.333333 0.125 0.0444444
12 0.80625 0.311111 0.1 0.0888889
12 0.85 0.333333 0.0875 0.0444444
1 0.85625 0.322222 0.075 0.0666667
31 0.021875 0.288889 0.04375 0.177778
12 0.01875 0.355556 0.025 0.0444444
10 0.38125 0.377778 0.075 0.0444444
10 0.39375 0.344444 0.075 0.111111
11 0.40625 0.366667 0.075 0.0666667
12 0.41875 0.355556 0.075 0.0888889
12 0.50625 0.355556 0.075 0.0444444
10 0.53125 0.355556 0.075 0.0444444
10 0.55625 0.344444 0.075 0.0666667
10 0.575 0.344444 0.0875 0.0666667
10 0.6125 0.344444 0.1125 0.0666667
10 0.61875 0.355556 0.075 0.0444444
12 0.64375 0.355556 0.075 0.0444444
12 0.6625 0.366667 0.0625 0.0222222
12 0.01875 0.377778 0 0.0444444
12 0.15 0.377778 0.0875 0.0444444
1 0.19375 0.388889 0.05 0.0666667
1 0.19375 0.388889 0.025 0.0666667
3 0.3875 0.377778 0.1125 0.0444444
0 0.35625 0.388889 0.025 0.0666667
10 0.36875 0.388889 0.025 0.0666667
11 0.4125 0.4 0.0875 0.0444444
44 0.425 0.4 0.0875 0.0444444
29 0.45625 0.4 0.125 0.0444444
22 0.50625 0.388889 0.1 0.0666667
16 0.51875 0.4 0.1 0.0444444
16 0.53125 0.388889 0.125 0.0666667
22 0.55625 0.388889 0.1 0.0666667
12 0.54375 0.377778 0.075 0.0444444
12 0.5625 0.377778 0.0625 0.0444444
12 0.59375 0.377778 0.1 0.0444444
12 0.61875 0.377778 0.1 0.0444444
10 0.63125 0.377778 0.1 0.0444444
10 0.6375 0.388889 0.0875 0.0666667
10 0.6625 0.388889 0.0875 0.0666667
10 0.6875 0.4 0.0625 0.0444444
12 0.7 0.388889 0.0625 0.0666667
12 0.73125 0.377778 0.05 0.0444444
8 0.3875 0.411111 0.1375 0.0666667
16 0.5 0.388889 0.0625 0.0666667
16 0.5125 0.4 0.0625 0.0444444
3 0.65 0.388889 0.0625 0.0666667
3 0.6875 0.4 0.1125 0.0888889
3 0.65 0.4 0.2375 0.0888889
3 0.69375 0.388889 0.075 0.0666667
6 0.8875 0.4 0.1625 0.0888889
6 0.9 0.411111 0.1125 0.0666667
8 0.375 0.444444 0.1375 0.0888889
8 0.4125 0.433333 0.0875 0.0666667
11 0.43125 0.433333 0.075 0.0666667
8 0.45625 0.444444 0.1 0.0444444
60 0.4625 0.444444 0.1125 0.0444444
10 0.5 0.433333 0.1625 0.0222222
3 0.50625 0.444444 0.175 0.0444444
3 0.51875 0.444444 0.175 0.0888889
10 0.5375 0.433333 0.1625 0.0666667
16 0.54375 0.433333 0.175 0.0666667
30 0.6375 0.444444 0.1625 0.0444444
3 0.65 0.433333 0.1625 0.0222222
3 0.6625 0.455556 0.1625 0.0666667
1 0.675 0.455556 0.1625 0.0666667
1 0.6875 0.422222 0.1625 0.133333
3 0.68125 0.422222 0.125 0.133333
3 0.70625 0.433333 0.1 0.0666667
11 0.70625 0.433333 0.1 0.0666667
6 0.86875 0.411111 0.125 0.111111
4 0.9 0.433333 0.0875 0.111111
19 0.39375 0.455556 0.175 0.111111
21 0.4125 0.444444 0.0875 0.0444444
21 0.43125 0.433333 0.075 0.0666667
21 0.4375 0.444444 0.0875 0.0444444
55 0.48125 0.444444 0.075 0.0444444
30 0.6625 0.466667 0.1625 0.0888889
30 0.675 0.455556 0.1625 0.0666667
3 0.971875 0.422222 0.05625 0.0888889
43 0.00625 0.377778 0 0.222222
12 0.01875 0.466667 0 0.0444444
12 0.03125 0.466667 0 0.0444444
26 0.11875 0.466667 0 0.0888889
16 0.425 0.477778 0.1125 0.0666667
12 0.00625 0.488889 0 0.0444444
12 0.01875 0.488889 0 0.0444444
11 0.75625 0.488889 0.075 0.0888889
9 0.85 0.488889 0.0875 0.0444444
2 0.85625 0.477778 0.075 0.0222222
4 0.9125 0.477778 0.1125 0.111111
11 0.00625 0.5 0 0.0666667
3 0.31875 0.522222 0.075 0.0222222
3 0.3625 0.511111 0.1125 0.0444444
3 0.36875 0.522222 0.075 0.0222222
3 0.375 0.511111 0.0625 0.0444444
8 0.70625 0.522222 0.175 0.0666667
3 0.71875 0.511111 0.175 0.133333
16 0.73125 0.5 0.175 0.111111
3 0.75625 0.488889 0.075 0.0888889
19 0.775 0.488889 0.0875 0.0888889
16 0.79375 0.5 0.1 0.111111
2 0.85625 0.477778 0.075 0.0666667
11 0.38125 0.544444 0.05 0.0666667
11 0.40625 0.555556 0.1 0.0888889
32 0.8625 0.511111 0.0875 0.133333
2 0.8625 0.5 0.1125 0.111111
9 0.93125 0.533333 0.075 0.0444444
0 0.93125 0.533333 0.075 0.0444444
5 0.91875 0.522222 0.1 0.0666667
11 0.021875 0.455556 0.04375 0.244444
11 0.0125 0.566667 0.0125 0.0666667
11 0.075 0.555556 0.0625 0.0444444
10 0.275 0.555556 0.1125 0.0888889
10 0.2875 0.577778 0.1125 0.0888889
3 0.3375 0.577778 0.0875 0.0888889
2 0.35 0.566667 0.1125 0.0666667
8 0.35625 0.566667 0.125 0.0666667
8 0.4 0.577778 0.1625 0.0888889
8 0.41875 0.566667 0.075 0.0666667
8 0.73125 0.566667 0.175 0.0222222
11 0.81875 0.566667 0.125 0.0666667
6 0.89375 0.555556 0.1 0.0444444
11 0.021875 0.566667 0.04375 0.0666667
10 0.26875 0.577778 0.075 0.0444444
10 0.28125 0.566667 0.1 0.0666667
11 0.36875 0.577778 0.075 0.0444444
11 0.40625 0.6 0.125 0.0888889
11 0.4625 0.577778 0.1125 0.0444444
11 0.45625 0.577778 0.075 0.0444444
11 0.49375 0.577778 0.075 0.0444444
11 0.54375 0.577778 0.125 0.0444444
12 0.5875 0.6 0.1625 0.0888889
19 0.6875 0.588889 0.1625 0.0666667
19 0.71875 0.577778 0.175 0.0444444
19 0.75 0.588889 0.1625 0.0666667
16 0.76875 0.588889 0.175 0.0666667
11 0.81875 0.577778 0.125 0.0444444
6 0.85 0.566667 0.1125 0.0666667
11 0.028125 0.588889 0.05625 0.0666667
11 0.18125 0.622222 0.125 0.0444444
11 0.29375 0.611111 0.075 0.0222222
12 0.3125 0.611111 0.0625 0.0222222
8 0.45625 0.6 0.175 0.0444444
8 0.50625 0.611111 0.1 0.0222222
8 0.55 0.611111 0.1125 0.0222222
12 0.56875 0.622222 0.175 0.0444444
12 0.61875 0.6 0.125 0.0444444
8 0.63735 0.6 0.112801 0.0444444
8 0.6 0.611111 0.2375 0.0666667
8 0.64375 0.611111 0.175 0.0666667
8 0.68125 0.611111 0.125 0.0666667
19 0.69375 0.611111 0.125 0.0666667
8 0.7125 0.6 0.1625 0.0444444
8 0.74375 0.6 0.125 0.0444444
8 0.76875 0.6 0.125 0.0444444
0 0.09375 0.633333 0.05 0.0666667
3 0.09375 0.633333 0.025 0.0666667
3 0.16875 0.633333 0.125 0.0666667
3 0.18125 0.622222 0.125 0.0444444
3 0.1625 0.622222 0.0375 0.0444444
12 0.5875 0.622222 0.0625 0.0444444
12 0.63125 0.622222 0.125 0.0444444
8 0.6 0.633333 0.2375 0.0666667
8 0.64375 0.622222 0.175 0.0444444
11 0.6875 0.622222 0.2375 0.0444444
8 0.7625 0.622222 0.1125 0.0444444
25 0.7875 0.622222 0.1125 0.0444444
12 0.725 0.622222 0.2625 0.0444444
8 0.775 0.633333 0.1625 0.0222222
44 0.78125 0.622222 0.025 0
25 0.825 0.588889 0.1125 0.111111
11 0.85 0.633333 0.0875 0.0666667
11 0.021875 0.666667 0.04375 0.0888889
11 0.015625 0.666667 0.03125 0.0444444
8 0.81875 0.688889 0.175 0.0444444
8 0.8125 0.7 0.1375 0.0666667
8 0.825 0.677778 0.1375 0.0666667
8 0.8625 0.677778 0.0875 0.0666667
11 0.8875 0.666667 0.0875 0.0444444
65 0.9 0.677778 0.0625 0.0666667
21 0.1125 0.677778 0.0875 0.111111
16 0.78125 0.7 0.1 0.0666667
42 0.7875 0.7 0.0875 0.0666667
8 0.8625 0.7 0.0875 0.0666667
8 0.86875 0.688889 0.075 0.0444444
8 0.89375 0.677778 0.1 0.0666667
8 0.8875 0.7 0.1125 0.0666667
11 0.1875 0.677778 0.1375 0.111111
2 0.2 0.711111 0.0625 0.0444444
11 0.40625 0.722222 0.175 0.0666667
11 0.4375 0.722222 0.1625 0.0666667
11 0.4625 0.711111 0.1625 0.0888889
11 0.48125 0.722222 0.175 0.0666667
21 0.1125 0.722222 0.0625 0.0666667
3 0.16875 0.733333 0.075 0.0444444
21 0.20625 0.744444 0.125 0.0666667
19 0.225 0.733333 0.1125 0.0444444
19 0.21875 0.744444 0.075 0.0666667
6 0.29375 0.744444 0.175 0.0666667
8 0.31875 0.733333 0.175 0.0888889
11 0.35625 0.733333 0.125 0.0888889
22 0.38125 0.744444 0.125 0.0666667
22 0.38125 0.755556 0.075 0.0444444
1 0.4375 0.755556 0.1125 0.0444444
11 0.4625 0.744444 0.1125 0.0666667
1 0.475 0.744444 0.1125 0.0666667
3 0.4875 0.744444 0.1125 0.0666667
10 0.5 0.744444 0.1125 0.0666667
11 0.5125 0.744444 0.1125 0.0666667
8 0.7 0.744444 0.1625 0.0666667
31 0.75 0.755556 0.1125 0.0444444
8 0.7625 0.733333 0.1125 0.0444444
12 0.775 0.733333 0.1125 0.0444444
3 0.7875 0.733333 0.1125 0.0444444
3 0.7875 0.733333 0.0625 0.0444444
3 0.81875 0.744444 0.125 0.0666667
16 0.83125 0.744444 0.125 0.0666667
11 0.81875 0.733333 0.025 0.0888889
30 0.85 0.733333 0.1125 0.0888889
6 0.90625 0.733333 0.075 0.0888889
8 0.1125 0.744444 0.0625 0.0666667
16 0.24375 0.744444 0.125 0.0666667
22 0.24375 0.744444 0.1 0.0666667
11 0.38125 0.755556 0.075 0.0444444
