25 0.5875 0.0111111 0.1875 0.0222222
25 0.575 0.0222222 0.2375 0.0444444
4 0.61875 0.0111111 0.175 0.0222222
4 0.65 0.0111111 0.1375 0.0222222
4 0.7 0.0111111 0.1125 0.0222222
6 0.725 0.0111111 0.1125 0.0222222
2 0.75 0.0111111 0.1125 0.0222222
2 0.775 0.0111111 0.1125 0.0222222
2 0.80625 0.0111111 0.125 0.0222222
2 0.8375 0.0111111 0.1125 0.0222222
2 0.8625 0.0111111 0.1375 0.0222222
2 0.8875 0.0111111 0.1125 0.0222222
2 0.8875 0.0111111 0.1375 0.0222222
5 0.9 0.0111111 0.1375 0.0222222
6 0.91875 0.0111111 0.125 0.0222222
6 0.946875 0.0111111 0.10625 0.0222222
6 0.946875 0.0111111 0.10625 0.0222222
4 0.865625 0.0111111 0.26875 0.0222222
4 0.884375 0.0222222 0.23125 0.0444444
4 0.959375 0.0222222 0.08125 0.0444444
44 0.95625 0.0111111 0.025 0.0222222
3 0.996875 0.0222222 0.00625 0.0444444
44 0.6 0.0111111 0.1625 0.0222222
44 0.60625 0.0333333 0.175 0.0666667
44 0.6375 0.0222222 0.1375 0.0444444
6 0.64375 0.0222222 0.15 0.0444444
4 0.65 0.0333333 0.1625 0.0666667
55 0.70625 0.0333333 0.1 0.0666667
47 0.725 0.0333333 0.0875 0.0666667
47 0.7375 0.0111111 0.0875 0.0222222
55 0.75625 0.0111111 0.1 0.0222222
55 0.7625 0.0333333 0.0875 0.0666667
6 0.7875 0.0333333 0.0875 0.0666667
50 0.8 0.0333333 0.0875 0.0666667
50 0.825 0.0444444 0.0875 0.0888889
55 0.85 0.0333333 0.0875 0.0666667
6 0.85 0.0333333 0.0875 0.0666667
8 0.85625 0.0444444 0.075 0.0888889
55 0.875 0.0444444 0.0875 0.0888889
55 0.9125 0.0111111 0.1125 0.0222222
55 0.925 0 0.1125 0
44 0.965625 0.0333333 0.06875 0.0666667
4 0.959375 0.0222222 0.08125 0.0444444
6 0.965625 0.0222222 0.06875 0.0444444
10 0.9625 0.0222222 0.0375 0.0444444
10 0.9875 0.0222222 0.0125 0.0444444
3 0.990625 0.0222222 0.01875 0.0444444
60 0.059375 0.0333333 0.11875 0.0666667
8 0.56875 0.0222222 0.175 0.0444444
8 0.58125 0.0222222 0.175 0.0444444
8 0.6 0.0333333 0.1625 0.0666667
6 0.60625 0.0333333 0.175 0.0666667
5 0.625 0.0444444 0.1625 0.0444444
5 0.64375 0.0555556 0.15 0.0666667
4 0.6625 0.0444444 0.1625 0.0888889
44 0.86875 0.0444444 0.175 0.0888889
8 0.88125 0.0333333 0.175 0.0666667
44 0.91875 0.0333333 0.15 0.0666667
8 0.909375 0.0333333 0.18125 0.0666667
8 0.878125 0.0333333 0.24375 0.0666667
60 0.915625 0.0333333 0.16875 0.0666667
6 0.95 0.0333333 0.0625 0.0666667
44 0.96875 0.0222222 0.025 0.0444444
3 0.9875 0.0333333 0.0125 0.0666667
0 0.996875 0.0333333 0.00625 0.0666667
8 0.059375 0.0555556 0.11875 0.111111
8 0.0875 0.0555556 0.1375 0.0666667
6 0.084375 0.0444444 0.16875 0.0888889
8 0.0875 0.0444444 0.1375 0.0888889
8 0.14375 0.0333333 0.15 0.0666667
44 0.175 0.0333333 0.1125 0.0666667
44 0.18125 0.0444444 0.125 0.0444444
44 0.21875 0.0444444 0.075 0.0444444
43 0.2625 0.0444444 0.0625 0.0444444
44 0.25625 0.0444444 0.075 0.0444444
44 0.2875 0.0444444 0.1375 0.0444444
34 0.275 0.0444444 0.1125 0.0444444
44 0.325 0.0444444 0.0625 0.0444444
44 0.35 0.0444444 0.0375 0.0444444
44 0.3625 0.0444444 0.0625 0.0444444
10 0.38125 0.0444444 0.05 0.0444444
34 0.39375 0.0333333 0.05 0.0666667
44 0.38125 0.0333333 0.2 0.0666667
8 0.49375 0.0555556 0.2 0.0666667
8 0.54375 0.0555556 0.15 0.0666667
6 0.51875 0.0555556 0.275 0.0666667
6 0.58125 0.0555556 0.175 0.0666667
6 0.625 0.0666667 0.1125 0.0444444
4 0.5875 0.0666667 0.1125 0.0444444
5 0.6125 0.0666667 0.0875 0.0444444
5 0.6375 0.0666667 0.1375 0.0444444
4 0.64375 0.0555556 0.15 0.0666667
4 0.65 0.0666667 0.1625 0.0888889
6 0.66875 0.0666667 0.15 0.0444444
4 0.68125 0.0555556 0.15 0.0666667
44 0.69375 0.0555556 0.15 0.0666667
4 0.73125 0.0555556 0.175 0.0666667
8 0.85625 0.0444444 0.15 0.0888889
44 0.86875 0.0444444 0.15 0.0888889
44 0.89375 0.0444444 0.125 0.0888889
44 0.915625 0.0444444 0.16875 0.0888889
6 0.915625 0.0555556 0.16875 0.0666667
0 0.990625 0.0444444 0.01875 0.0444444
8 0.059375 0.0666667 0.11875 0.0888889
8 0.059375 0.0666667 0.11875 0.133333
44 0.053125 0.0666667 0.10625 0.133333
49 0.45625 0.0666667 0.025 0.0444444
46 0.48125 0.0666667 0.025 0.0444444
46 0.54375 0.0666667 0.1 0.0444444
21 0.5625 0.0666667 0.1125 0.0444444
44 0.56875 0.0666667 0.1 0.0444444
44 0.55625 0.0666667 0.05 0.0444444
8 0.5875 0.0666667 0.1125 0.0444444
6 0.58125 0.0666667 0.05 0.0444444
6 0.59375 0.0666667 0.05 0.0444444
2 0.625 0.0666667 0.1125 0.0444444
2 0.61875 0.0666667 0.075 0.0444444
2 0.63125 0.0666667 0.05 0.0444444
5 0.6375 0.0777778 0.1375 0.0666667
4 0.64375 0.0777778 0.15 0.0666667
6 0.64375 0.0777778 0.15 0.0666667
5 0.66875 0.0666667 0.15 0.0444444
43 0.70625 0.0666667 0.15 0.0444444
44 0.725 0.0666667 0.1625 0.0444444
6 0.7375 0.0666667 0.1625 0.0444444
44 0.75625 0.0666667 0.15 0.0444444
44 0.79375 0.0666667 0.15 0.0444444
44 0.8125 0.0555556 0.1625 0.111111
44 0.83125 0.0444444 0.175 0.0888889
44 0.85625 0.0555556 0.15 0.111111
8 0.921875 0.0555556 0.15625 0.111111
44 0.946875 0.0777778 0.10625 0.111111
6 0.946875 0.0666667 0.10625 0.0888889
0 0.990625 0.0555556 0.01875 0.111111
6 0.059375 0.0888889 0.11875 0.0888889
44 0.059375 0.0888889 0.11875 0.133333
44 0.53125 0.0888889 0.175 0.0444444
44 0.58125 0.1 0.175 0.0666667
6 0.575 0.1 0.1875 0.0666667
5 0.59375 0.1 0.15 0.0666667
6 0.6375 0.111111 0.1375 0.0444444
4 0.6375 0.1 0.1375 0.0666667
6 0.6375 0.1 0.1375 0.0666667
6 0.65625 0.0888889 0.15 0.0888889
4 0.675 0.0777778 0.1625 0.111111
2 0.68125 0.0777778 0.15 0.111111
2 0.69375 0.0666667 0.15 0.0888889
2 0.7125 0.0777778 0.1625 0.0666667
4 0.725 0.0777778 0.1625 0.0666667
4 0.7375 0.0888889 0.1625 0.0444444
4 0.75 0.1 0.1375 0.0666667
6 0.79375 0.1 0.15 0.0666667
4 0.80625 0.0888889 0.15 0.0444444
6 0.8125 0.0777778 0.1625 0.0666667
29 0.825 0.0777778 0.1625 0.0666667
44 0.825 0.0777778 0.1625 0.0666667
8 0.959375 0.0777778 0.08125 0.0666667
29 0.953125 0.1 0.09375 0.0666667
44 0.94375 0.1 0.1 0.0666667
0 0.9875 0.0888889 0.0125 0.0444444
0 0.990625 0.1 0.01875 0.0666667
25 0.053125 0.111111 0.10625 0.133333
8 0.059375 0.111111 0.11875 0.0444444
8 0.053125 0.0888889 0.10625 0.133333
8 0.059375 0.111111 0.11875 0.133333
6 0.575 0.122222 0.1875 0.0666667
4 0.575 0.122222 0.1875 0.0666667
2 0.5875 0.122222 0.1625 0.0666667
4 0.625 0.111111 0.1375 0.0444444
4 0.6375 0.122222 0.1375 0.0666667
2 0.6375 0.1 0.1375 0.0666667
4 0.68125 0.1 0.15 0.0666667
6 0.74375 0.111111 0.175 0.0444444
4 0.76875 0.111111 0.175 0.0444444
14 0.8 0.1 0.1625 0.0666667
8 0.953125 0.122222 0.09375 0.111111
44 0.946875 0.111111 0.10625 0.0888889
0 0.990625 0.144444 0.01875 0.155556
8 0.028125 0.122222 0.05625 0.0666667
8 0.053125 0.122222 0.10625 0.155556
6 0.56875 0.133333 0.175 0.0444444
2 0.6125 0.133333 0.0875 0.0444444
4 0.6 0.133333 0.1125 0.0444444
4 0.63125 0.133333 0.125 0.0444444
44 0.65625 0.133333 0.15 0.0444444
4 0.675 0.144444 0.1375 0.0666667
34 0.946875 0.133333 0.10625 0.133333
44 0.946875 0.144444 0.10625 0.0666667
23 0.053125 0.133333 0.10625 0.133333
8 0.028125 0.144444 0.05625 0.0666667
8 0.028125 0.144444 0.05625 0.155556
8 0.425 0.155556 0.0875 0.0444444
8 0.44375 0.155556 0.1 0.0444444
2 0.6125 0.155556 0.0875 0.0444444
6 0.63125 0.155556 0.05 0.0444444
11 0.996875 0.166667 0.00625 0.244444
8 0.053125 0.155556 0.10625 0.133333
8 0.021875 0.166667 0.04375 0.0666667
21 0.046875 0.166667 0.09375 0.0666667
60 0.43125 0.177778 0.1 0.0444444
6 0.61875 0.177778 0.1 0.0444444
10 0.6125 0.188889 0.0875 0.0222222
8 0.996875 0.188889 0.00625 0.0222222
23 0.053125 0.188889 0.10625 0.111111
8 0.021875 0.2 0.04375 0.0444444
8 0.046875 0.188889 0.09375 0.155556
19 0.053125 0.2 0.10625 0.133333
8 0.996875 0.211111 0.00625 0.0222222
8 0.021875 0.211111 0.04375 0.0666667
21 0.046875 0.2 0.09375 0.133333
21 0.053125 0.222222 0.10625 0.133333
8 0.996875 0.233333 0.00625 0.0222222
8 0.053125 0.233333 0.10625 0.111111
6 0.028125 0.233333 0.05625 0.0666667
8 0.046875 0.233333 0.09375 0.155556
19 0.053125 0.244444 0.10625 0.133333
6 0.58125 0.244444 0.175 0.0888889
8 0.996875 0.255556 0.00625 0.0222222
4 0.021875 0.255556 0.04375 0.0666667
21 0.053125 0.266667 0.10625 0.133333
6 0.58125 0.277778 0.175 0.0666667
6 0.625 0.266667 0.0875 0.0444444
6 0.996875 0.288889 0.00625 0.0444444
60 0.053125 0.266667 0.10625 0.133333
4 0.021875 0.288889 0.04375 0.0444444
8 0.046875 0.277778 0.09375 0.155556
14 0.053125 0.266667 0.10625 0.133333
9 0.078125 0.277778 0.15625 0.111111
6 0.575 0.288889 0.1875 0.0888889
4 0.58125 0.3 0.175 0.0666667
6 0.59375 0.288889 0.125 0.0444444
10 0.996875 0.311111 0.00625 0.0444444
19 0.053125 0.3 0.10625 0.111111
6 0.021875 0.3 0.04375 0.0666667
14 0.053125 0.3 0.10625 0.111111
8 0.61875 0.3 0.1 0.111111
2 0.61875 0.3 0.1 0.0666667
6 0.61875 0.311111 0.075 0.0444444
6 0.025 0.333333 0.0125 0.0444444
8 0.046875 0.322222 0.09375 0.155556
14 0.053125 0.333333 0.10625 0.133333
21 0.078125 0.333333 0.15625 0.133333
6 0.61875 0.333333 0.1 0.0444444
58 0.60625 0.344444 0.1 0.0222222
8 0.053125 0.333333 0.10625 0.133333
2 0.025 0.355556 0.0125 0.0444444
21 0.046875 0.344444 0.09375 0.155556
9 0.078125 0.355556 0.15625 0.133333
4 0.25625 0.333333 0.2 0.133333
60 0.41875 0.366667 0.1 0.0222222
60 0.4375 0.366667 0.0875 0.0666667
60 0.44375 0.377778 0.1 0.0444444
60 0.45 0.355556 0.1125 0.0888889
55 0.5125 0.344444 0.1875 0.0666667
55 0.53125 0.333333 0.2 0.0888889
2 0.58125 0.366667 0.175 0.0666667
6 0.6125 0.366667 0.0875 0.0666667
6 0.6125 0.377778 0.0875 0.0444444
14 0.053125 0.344444 0.10625 0.111111
6 0.025 0.377778 0.0125 0.0444444
21 0.046875 0.366667 0.09375 0.155556
19 0.059375 0.366667 0.11875 0.155556
21 0.078125 0.377778 0.15625 0.133333
60 0.425 0.377778 0.1875 0.0444444
60 0.41875 0.377778 0.1 0.0444444
59 0.44375 0.377778 0.1 0.0444444
49 0.5125 0.377778 0.1875 0.0444444
55 0.53125 0.377778 0.2 0.0444444
4 0.58125 0.355556 0.175 0.0888889
6 0.5875 0.388889 0.1375 0.0666667
6 0.6125 0.388889 0.0875 0.0222222
8 0.996875 0.377778 0.00625 0.0444444
14 0.053125 0.377778 0.10625 0.133333
4 0.025 0.4 0.0125 0.0444444
9 0.053125 0.388889 0.10625 0.111111
9 0.071875 0.4 0.14375 0.133333
60 0.3875 0.4 0.1125 0.0444444
49 0.41875 0.4 0.1 0.0444444
49 0.425 0.4 0.0875 0.0888889
49 0.4375 0.388889 0.0875 0.0666667
49 0.44375 0.377778 0.1 0.0888889
49 0.46875 0.388889 0.1 0.0666667
49 0.525 0.4 0.1875 0.0444444
6 0.61875 0.4 0.075 0.0444444
4 0.6375 0.4 0.1375 0.0888889
8 0.69375 0.388889 0.175 0.111111
8 0.7125 0.377778 0.1875 0.133333
60 0.73125 0.388889 0.2 0.111111
60 0.75 0.366667 0.1875 0.111111
55 0.75 0.355556 0.1875 0.133333
8 0.76875 0.355556 0.175 0.133333
60 0.79375 0.377778 0.175 0.177778
8 0.946875 0.366667 0.10625 0.155556
4 0.990625 0.411111 0.01875 0.0666667
0 0.996875 0.411111 0.00625 0.0222222
25 0.053125 0.388889 0.10625 0.111111
4 0.025 0.422222 0.0125 0.0444444
21 0.040625 0.411111 0.08125 0.111111
9 0.053125 0.422222 0.10625 0.133333
14 0.071875 0.422222 0.14375 0.133333
