6 0.034375 0.0222222 0.06875 0.0444444
1 0.065625 0.0111111 0.13125 0.0222222
17 0.0875 0.0111111 0.1125 0.0222222
20 0.08125 0.0111111 0.125 0.0222222
21 0.15625 0.0111111 0.15 0.0222222
16 0.15625 0.0111111 0.175 0.0222222
1 0.1625 0.0111111 0.1875 0.0222222
20 0.175 0.0111111 0.1875 0.0222222
20 0.225 0.0111111 0.1125 0.0222222
54 0.175 0.0111111 0.1125 0.0222222
35 0.1875 0.0111111 0.1125 0.0222222
16 0.21875 0.0111111 0.125 0.0222222
54 0.2625 0.0111111 0.1875 0.0222222
35 0.26875 0.0111111 0.15 0.0222222
52 0.30625 0.0111111 0.15 0.0222222
47 0.31875 0.0111111 0.125 0.0222222
44 0.35625 0 0.2 0
44 0.36875 0 0.2 0
44 0.35 0.0222222 0.2875 0.0444444
31 0.425 0.0222222 0.1375 0.0444444
42 0.425 0.0222222 0.1375 0.0444444
43 0.425 0.0222222 0.1375 0.0444444
32 0.61875 0.0111111 0.2 0.0222222
2 0.6375 0.0222222 0.2125 0.0444444
2 0.65 0.0111111 0.2125 0.0222222
9 0.7 0 0.1625 0
3 0.7 0.0111111 0.1375 0.0222222
32 0.76875 0 0.05 0
44 0.79375 0 0.05 0
44 0.965625 0.0111111 0.06875 0.0222222
29 0.940625 0.0111111 0.11875 0.0222222
7 0.028125 0.0333333 0.05625 0.0666667
9 0.01875 0.0333333 0.025 0.0666667
21 0.08125 0.0333333 0.125 0.0666667
15 0.0875 0.0333333 0.1125 0.0666667
15 0.125 0.0333333 0.0875 0.0666667
21 0.14375 0.0333333 0.125 0.0666667
20 0.14375 0.0333333 0.125 0.0666667
20 0.16875 0.0222222 0.125 0.0444444
18 0.175 0.0222222 0.1125 0.0444444
52 0.18125 0.0222222 0.125 0.0444444
15 0.19375 0.0222222 0.1 0.0444444
20 0.2125 0.0111111 0.1375 0.0222222
20 0.25625 0.0111111 0.05 0.0222222
3 0.2625 0.0222222 0.0625 0.0444444
52 0.2625 0.0222222 0.0875 0.0444444
47 0.30625 0.0111111 0.1 0.0222222
44 0.31875 0.0222222 0.1 0.0444444
34 0.325 0.0111111 0.1125 0.0222222
26 0.33125 0.0333333 0.15 0.0666667
43 0.34375 0.0333333 0.15 0.0666667
3 0.3875 0.0222222 0.2125 0.0444444
3 0.39375 0.0222222 0.1 0.0444444
42 0.4 0.0222222 0.1125 0.0444444
42 0.3875 0.0222222 0.1625 0.0444444
43 0.4 0.0222222 0.1625 0.0444444
43 0.5875 0.0222222 0.1625 0.0444444
2 0.59375 0.0222222 0.15 0.0444444
2 0.625 0.0333333 0.0625 0.0666667
2 0.66875 0.0333333 0.2 0.0666667
29 0.89375 0.0222222 0.15 0.0444444
54 0.915625 0.0222222 0.16875 0.0444444
29 0.959375 0.0111111 0.08125 0.0222222
0 0.01875 0.0333333 0.025 0.0666667
26 0.059375 0.0444444 0.11875 0.0444444
1 0.1375 0.0444444 0.0875 0.0444444
3 0.14375 0.0444444 0.1 0.0444444
3 0.1625 0.0444444 0.1875 0.0444444
3 0.175 0.0444444 0.0875 0.0444444
3 0.16875 0.0333333 0.125 0.0666667
44 0.18125 0.0444444 0.125 0.0444444
3 0.25 0.0333333 0.0625 0.0666667
3 0.2625 0.0333333 0.0625 0.0666667
32 0.2625 0.0222222 0.1625 0.0444444
44 0.2875 0.0222222 0.1125 0.0444444
44 0.28125 0.0333333 0.15 0.0666667
26 0.3 0.0444444 0.1625 0.0444444
43 0.31875 0.0444444 0.15 0.0444444
34 0.325 0.0444444 0.1625 0.0444444
34 0.35625 0.0444444 0.15 0.0444444
43 0.36875 0.0444444 0.15 0.0444444
42 0.4 0.0444444 0.1625 0.0444444
44 0.41875 0.0333333 0.15 0.0666667
44 0.54375 0.0222222 0.125 0.0444444
26 0.56875 0.0333333 0.125 0.0666667
2 0.6125 0.0333333 0.0375 0.0666667
2 0.64375 0.0444444 0.1 0.0888889
32 0.984375 0.0333333 0.03125 0.0666667
11 0.028125 0.0777778 0.05625 0.155556
3 0.0375 0.0666667 0.0625 0.0444444
43 0.08125 0.0555556 0.125 0.0222222
43 0.10625 0.0555556 0.125 0.0222222
34 0.19375 0.0666667 0.125 0.0444444
43 0.2 0.0666667 0.1375 0.0444444
43 0.23125 0.0666667 0.15 0.0444444
43 0.26875 0.0777778 0.175 0.0666667
44 0.24375 0.0555556 0.125 0.0222222
43 0.36875 0.0666667 0.15 0.0444444
43 0.4 0.0666667 0.1375 0.0444444
43 0.4125 0.0555556 0.1375 0.0222222
44 0.48125 0.0444444 0.15 0.0444444
71 0.575 0.0555556 0.1125 0.0666667
2 0.6125 0.0555556 0.0375 0.0666667
2 0.625 0.0555556 0.0625 0.111111
8 0.6625 0.0666667 0.0875 0.0444444
66 0.8 0.0666667 0.1375 0.0888889
53 0.8 0.0777778 0.1625 0.0666667
66 0.8375 0.0666667 0.2125 0.0888889
66 0.825 0.0666667 0.1625 0.0444444
2 0.8875 0.0666667 0.0625 0.0444444
44 0.959375 0.0666667 0.08125 0.0444444
26 0.946875 0.0333333 0.10625 0.0666667
12 0.971875 0.0555556 0.05625 0.0666667
8 0.034375 0.0888889 0.06875 0.0888889
10 0.034375 0.0888889 0.06875 0.0444444
30 0.075 0.0888889 0.1375 0.0444444
43 0.1 0.0888889 0.1375 0.0444444
43 0.15625 0.0888889 0.15 0.0444444
43 0.18125 0.0888889 0.125 0.0444444
8 0.2 0.1 0.1375 0.0666667
3 0.21875 0.0888889 0.15 0.0888889
13 0.23125 0.0777778 0.15 0.0666667
13 0.275 0.0777778 0.1875 0.0666667
30 0.28125 0.0777778 0.2 0.0666667
44 0.3125 0.0888889 0.1125 0.0444444
44 0.34375 0.0888889 0.125 0.0444444
34 0.38125 0.0666667 0.15 0.0444444
13 0.40625 0.0666667 0.15 0.0444444
13 0.44375 0.0666667 0.15 0.0444444
4 0.45625 0.0666667 0.15 0.0444444
4 0.4875 0.0666667 0.1375 0.0444444
13 0.5375 0.0777778 0.1375 0.0666667
13 0.56875 0.0666667 0.125 0.0444444
1 0.575 0.0666667 0.1125 0.0444444
1 0.575 0.0666667 0.1125 0.0888889
3 0.6125 0.0777778 0.0375 0.111111
3 0.64375 0.0777778 0.1 0.111111
8 0.69375 0.0777778 0.15 0.0666667
1 0.8375 0.0777778 0.1125 0.0666667
1 0.85625 0.0777778 0.1 0.0666667
1 0.86875 0.0666667 0.1 0.0444444
8 0.95 0.0777778 0.0625 0.0666667
6 0.95 0.0666667 0.0625 0.0444444
4 0.95 0.0777778 0.0875 0.0666667
8 0.034375 0.111111 0.06875 0.0888889
12 0.040625 0.111111 0.08125 0.0444444
43 0.08125 0.111111 0.15 0.0444444
43 0.2 0.111111 0.1375 0.0444444
66 0.2875 0.111111 0.2125 0.0444444
43 0.26875 0.111111 0.15 0.0444444
43 0.28125 0.122222 0.15 0.0666667
43 0.3125 0.111111 0.1125 0.0444444
71 0.48125 0.1 0.15 0.0222222
13 0.56875 0.0777778 0.125 0.0666667
1 0.56875 0.1 0.125 0.111111
0 0.625 0.0888889 0.0625 0.133333
3 0.675 0.1 0.1875 0.111111
8 0.69375 0.1 0.15 0.111111
21 0.8375 0.1 0.0875 0.0222222
51 0.84375 0.0888889 0.1 0.0444444
44 0.85625 0.0777778 0.1 0.0666667
51 0.85625 0.0777778 0.125 0.0666667
43 0.959375 0.0888889 0.08125 0.0444444
26 0.953125 0.0777778 0.09375 0.0666667
3 0.034375 0.133333 0.06875 0.0888889
12 0.059375 0.122222 0.11875 0.0666667
44 0.2 0.122222 0.1375 0.0666667
43 0.2375 0.122222 0.1875 0.0666667
43 0.2875 0.133333 0.2125 0.0888889
29 0.28125 0.133333 0.15 0.0888889
42 0.29375 0.133333 0.15 0.0444444
43 0.3 0.122222 0.1625 0.0222222
44 0.38125 0.122222 0.15 0.0666667
13 0.40625 0.133333 0.15 0.0444444
13 0.41875 0.111111 0.15 0.0444444
13 0.45625 0.111111 0.15 0.0444444
44 0.46875 0.122222 0.15 0.0666667
43 0.575 0.122222 0.1375 0.0666667
3 0.5875 0.122222 0.1375 0.0666667
3 0.60625 0.133333 0.125 0.0444444
42 0.71875 0.133333 0.15 0.0444444
43 0.725 0.133333 0.1375 0.0444444
66 0.79375 0.133333 0.15 0.0444444
66 0.79375 0.122222 0.175 0.0666667
44 0.79375 0.122222 0.2 0.0666667
43 0.8125 0.122222 0.2125 0.0666667
43 0.8875 0.133333 0.1875 0.0444444
43 0.915625 0.133333 0.16875 0.0444444
43 0.91875 0.122222 0.15 0.0666667
25 0.928125 0.133333 0.14375 0.0444444
25 0.94375 0.133333 0.1 0.0444444
4 0.953125 0.122222 0.09375 0.0666667
26 0.95 0.122222 0.0875 0.0666667
43 0.45625 0.144444 0.15 0.0222222
44 0.475 0.144444 0.1625 0.0222222
44 0.7125 0.155556 0.1625 0.0444444
25 0.73125 0.144444 0.15 0.0222222
6 0.78125 0.144444 0.125 0.0222222
8 0.8 0.144444 0.1625 0.0222222
43 0.79375 0.144444 0.2 0.0222222
44 0.89375 0.144444 0.2 0.0222222
43 0.91875 0.155556 0.15 0.0444444
25 0.928125 0.155556 0.14375 0.0444444
25 0.959375 0.155556 0.08125 0.0444444
16 0.953125 0.144444 0.09375 0.0666667
44 0.38125 0.155556 0.15 0.0444444
43 0.41875 0.155556 0.15 0.0444444
12 0.73125 0.155556 0.125 0.0444444
12 0.76875 0.155556 0.075 0.0444444
12 0.7875 0.155556 0.0625 0.0444444
44 0.88125 0.155556 0.15 0.0444444
44 0.915625 0.155556 0.16875 0.0444444
34 0.921875 0.155556 0.15625 0.0444444
44 0.5375 0.188889 0.1375 0.0222222
29 0.69375 0.177778 0.1 0.0444444
10 0.7375 0.177778 0.0375 0.0444444
10 0.75 0.177778 0.0375 0.0444444
12 0.76875 0.188889 0.025 0.0222222
32 0.79375 0.166667 0.025 0.0666667
14 0.84375 0.188889 0.05 0.0222222
52 0.9625 0.188889 0.0625 0.0222222
29 0.925 0.188889 0.1375 0.0222222
29 0.7 0.211111 0.1375 0.0222222
12 0.7625 0.211111 0.0875 0.0222222
12 0.76875 0.2 0.1 0
12 0.7875 0.2 0.0375 0.0444444
25 0.934375 0.2 0.13125 0.0444444
19 0.3625 0.222222 0.2125 0.0444444
2 0.38125 0.222222 0.2 0.0444444
22 0.45625 0.233333 0.175 0.0222222
2 0.49375 0.222222 0.15 0.0444444
2 0.55625 0.222222 0.15 0.0444444
22 0.56875 0.222222 0.15 0.0444444
12 0.68125 0.211111 0.125 0.0222222
29 0.725 0.211111 0.1125 0.0222222
29 0.7125 0.222222 0.1625 0.0444444
17 0.3375 0.255556 0.1375 0.0222222
21 0.36875 0.266667 0.175 0.0444444
21 0.4 0.255556 0.1875 0.0222222
52 0.4875 0.255556 0.1625 0.0222222
20 0.50625 0.255556 0.15 0.0222222
11 0.75 0.233333 0.0875 0.0666667
19 0.059375 0.277778 0.11875 0.0666667
9 0.059375 0.277778 0.11875 0.0666667
1 0.31875 0.266667 0.15 0.0444444
17 0.33125 0.266667 0.15 0.0444444
17 0.33125 0.277778 0.15 0.0222222
21 0.36875 0.277778 0.2 0.0222222
11 0.7375 0.277778 0.0375 0.111111
11 0.75625 0.277778 0.075 0.111111
44 0.86875 0.277778 0.15 0.0222222
9 0.925 0.266667 0.1125 0.0444444
26 0.95 0.266667 0.0875 0.0888889
9 0.065625 0.3 0.13125 0.0666667
42 0.3125 0.3 0.1375 0.0666667
21 0.40625 0.3 0.2 0.0222222
26 0.725 0.3 0.0875 0.111111
3 0.74375 0.288889 0.05 0.133333
54 0.23125 0.311111 0.125 0
54 0.24375 0.311111 0.125 0
49 0.26875 0.311111 0.125 0
9 0.275 0.322222 0.1375 0.0222222
44 0.2875 0.322222 0.1375 0.0222222
21 0.3 0.322222 0.1375 0.0222222
44 0.31875 0.322222 0.15 0.0222222
21 0.33125 0.322222 0.15 0.0222222
20 0.35625 0.322222 0.15 0.0222222
21 0.36875 0.322222 0.15 0.0222222
21 0.4 0.322222 0.1375 0.0222222
26 0.725 0.322222 0.0875 0.0666667
3 0.75625 0.344444 0.075 0.0666667
44 0.31875 0.333333 0.15 0.0444444
42 0.325 0.333333 0.1625 0.0444444
6 0.64375 0.333333 0.125 0.0444444
1 0.71875 0.355556 0.075 0.0888889
1 0.76875 0.355556 0.15 0.0888889
43 0.928125 0.344444 0.14375 0.0666667
43 0.953125 0.344444 0.09375 0.0666667
26 0.959375 0.333333 0.08125 0.0444444
8 0.065625 0.344444 0.13125 0.111111
54 0.25 0.366667 0.1375 0.0222222
49 0.26875 0.366667 0.15 0.0222222
44 0.30625 0.366667 0.15 0.0222222
42 0.33125 0.366667 0.15 0.0222222
52 0.35 0.366667 0.1375 0.0222222
52 0.375 0.377778 0.1375 0.0444444
52 0.44375 0.377778 0.15 0.0444444
47 0.45 0.377778 0.1375 0.0444444
74 0.4625 0.377778 0.1375 0.0444444
43 0.53125 0.366667 0.125 0.0222222
44 0.6375 0.377778 0.1375 0.0444444
8 0.64375 0.388889 0.15 0.0666667
8 0.6875 0.388889 0.1125 0.0666667
42 0.69375 0.388889 0.1 0.0666667
1 0.73125 0.388889 0.075 0.0666667
3 0.73125 0.377778 0.075 0.0444444
11 0.7375 0.377778 0.0875 0.0444444
44 0.7375 0.377778 0.1125 0.0444444
44 0.74375 0.388889 0.125 0.0666667
13 0.8125 0.377778 0.0875 0.0444444
