8 0.021875 0 0.04375 0
5 0.053125 0.0111111 0.10625 0.0222222
6 0.1 0.0222222 0.1875 0.0444444
43 0.1125 0.0222222 0.1875 0.0444444
42 0.125 0.0222222 0.1875 0.0444444
42 0.1375 0.0111111 0.1875 0.0222222
8 0.14375 0.0222222 0.175 0.0444444
29 0.14375 0.0222222 0.125 0.0444444
8 0.175 0.0222222 0.1625 0.0444444
4 0.20625 0.0111111 0.175 0.0222222
8 0.20625 0.0111111 0.175 0.0222222
4 0.2375 0.0111111 0.1625 0.0222222
29 0.25 0.0111111 0.1625 0.0222222
8 0.275 0.0111111 0.1625 0.0222222
8 0.30625 0.0111111 0.125 0.0222222
8 0.34375 0.0111111 0.175 0.0222222
8 0.38125 0.0111111 0.175 0.0222222
8 0.43125 0.0111111 0.15 0.0222222
3 0.45 0.0111111 0.1375 0.0222222
0 0.4625 0.0111111 0.0875 0.0222222
4 0.48125 0.0111111 0.125 0.0222222
4 0.50625 0.0111111 0.125 0.0222222
4 0.5375 0.0111111 0.1125 0.0222222
4 0.55625 0.0111111 0.1 0.0222222
2 0.56875 0.0111111 0.125 0.0222222
3 0.575 0.0111111 0.1375 0.0222222
3 0.6125 0.0111111 0.1125 0.0222222
3 0.64375 0.0111111 0.1 0.0222222
4 0.65625 0.0222222 0.1 0.0444444
4 0.6875 0.0222222 0.0875 0.0444444
53 0.775 0.0222222 0.1375 0.0444444
44 0.8375 0.0222222 0.1625 0.0444444
4 0.85 0.0222222 0.1875 0.0444444
3 0.8625 0.0222222 0.0625 0.0444444
8 0.875 0.0222222 0.0875 0.0444444
29 0.90625 0.0222222 0.125 0.0444444
4 0.928125 0.0222222 0.14375 0.0444444
51 0.94375 0.0222222 0.075 0.0444444
4 0.953125 0.0222222 0.09375 0.0444444
2 0.959375 0.0222222 0.08125 0.0444444
4 0.021875 0.0222222 0.04375 0.0444444
8 0.021875 0.0111111 0.04375 0.0222222
8 0.040625 0.0111111 0.08125 0.0222222
4 0.053125 0.0111111 0.10625 0.0222222
8 0.075 0.0222222 0.1125 0.0444444
4 0.23125 0.0111111 0.175 0.0222222
4 0.24375 0.0111111 0.175 0.0222222
4 0.2375 0.0111111 0.1125 0.0222222
20 0.25625 0.0111111 0.125 0.0222222
60 0.28125 0.0111111 0.125 0.0222222
60 0.30625 0.0111111 0.1 0.0222222
60 0.3625 0.0111111 0.1375 0.0222222
60 0.38125 0.0111111 0.15 0.0222222
60 0.4 0.0111111 0.1375 0.0222222
49 0.38125 0.0111111 0.1 0.0222222
49 0.40625 0.0222222 0.1 0.0444444
60 0.4125 0.0222222 0.1125 0.0444444
60 0.425 0.0111111 0.0875 0.0222222
29 0.41875 0.0111111 0.075 0.0222222
47 0.41875 0.0222222 0.075 0.0444444
49 0.45625 0.0222222 0.125 0.0444444
21 0.4875 0.0222222 0.0875 0.0444444
21 0.5125 0.0222222 0.0625 0.0444444
60 0.525 0.0222222 0.1125 0.0444444
60 0.50625 0.0222222 0.05 0.0444444
4 0.54375 0.0111111 0.1 0.0222222
7 0.5625 0.0222222 0.0875 0.0444444
2 0.56875 0.0222222 0.075 0.0444444
2 0.59375 0.0222222 0.1 0.0444444
3 0.61875 0.0222222 0.1 0.0444444
7 0.63125 0.0222222 0.1 0.0444444
7 0.65 0.0333333 0.0875 0.0666667
25 0.6625 0.0222222 0.0875 0.0444444
25 0.7 0.0222222 0.0875 0.0444444
8 0.70625 0.0333333 0.1 0.0666667
29 0.7125 0.0222222 0.1125 0.0444444
8 0.7375 0.0222222 0.1125 0.0444444
4 0.74375 0.0222222 0.125 0.0444444
29 0.74375 0.0222222 0.125 0.0444444
34 0.7625 0.0222222 0.1125 0.0444444
34 0.79375 0.0222222 0.1 0.0444444
4 0.80625 0.0222222 0.1 0.0444444
79 0.8375 0.0222222 0.1375 0.0444444
4 0.89375 0.0222222 0.125 0.0444444
4 0.946875 0.0222222 0.10625 0.0444444
4 0.028125 0.0333333 0.05625 0.0666667
8 0.01875 0.0333333 0.025 0.0666667
10 0.15 0.0333333 0.1125 0.0666667
44 0.1625 0.0444444 0.1125 0.0888889
11 0.175 0.0444444 0.1125 0.0888889
60 0.19375 0.0444444 0.125 0.0444444
8 0.23125 0.0444444 0.125 0.0444444
8 0.20625 0.0444444 0.05 0.0444444
59 0.21875 0.0444444 0.05 0.0444444
19 0.26875 0.0333333 0.15 0.0666667
16 0.29375 0.0333333 0.125 0.0666667
3 0.325 0.0333333 0.1125 0.0666667
3 0.3375 0.0444444 0.1125 0.0444444
49 0.34375 0.0444444 0.125 0.0444444
55 0.3625 0.0444444 0.1375 0.0444444
60 0.38125 0.0333333 0.15 0.0666667
47 0.39375 0.0333333 0.125 0.0666667
16 0.36875 0.0333333 0.05 0.0666667
21 0.41875 0.0333333 0.125 0.0666667
16 0.425 0.0333333 0.0875 0.0666667
3 0.425 0.0333333 0.0625 0.0666667
3 0.46875 0.0333333 0.15 0.0666667
3 0.49375 0.0333333 0.1 0.0666667
21 0.525 0.0444444 0.1125 0.0444444
49 0.525 0.0444444 0.0875 0.0444444
21 0.55 0.0444444 0.1125 0.0444444
3 0.55625 0.0444444 0.1 0.0444444
3 0.56875 0.0333333 0.1 0.0666667
3 0.6 0.0444444 0.1125 0.0888889
3 0.61875 0.0444444 0.075 0.0888889
3 0.63125 0.0333333 0.1 0.0666667
3 0.65 0.0333333 0.1125 0.0666667
21 0.66875 0.0333333 0.125 0.0666667
49 0.675 0.0444444 0.1125 0.0888889
49 0.69375 0.0444444 0.125 0.0444444
44 0.85625 0.0333333 0.125 0.0666667
4 0.8625 0.0333333 0.0875 0.0666667
2 0.875 0.0333333 0.0875 0.0666667
2 0.90625 0.0333333 0.125 0.0666667
3 0.91875 0.0333333 0.125 0.0666667
3 0.9125 0.0333333 0.0875 0.0666667
2 0.940625 0.0333333 0.11875 0.0666667
11 0.93125 0.0333333 0.075 0.0666667
6 0.021875 0.0555556 0.04375 0.0666667
8 0.01875 0.0444444 0.025 0.0444444
44 0.34375 0.0666667 0.125 0.0444444
44 0.4 0.0666667 0.1125 0.0444444
44 0.39375 0.0666667 0.075 0.0444444
44 0.425 0.0666667 0.0875 0.0444444
44 0.425 0.0666667 0.0375 0.0444444
44 0.43125 0.0666667 0.025 0.0444444
44 0.475 0.0666667 0.0875 0.0444444
44 0.50625 0.0666667 0.125 0.0444444
44 0.5375 0.0666667 0.1125 0.0444444
44 0.55625 0.0555556 0.1 0.0666667
44 0.575 0.0555556 0.0875 0.0666667
44 0.5875 0.0666667 0.0875 0.0444444
44 0.7 0.0666667 0.0875 0.0444444
44 0.7125 0.0555556 0.0875 0.0666667
44 0.73125 0.0555556 0.075 0.0666667
44 0.73125 0.0555556 0.075 0.0222222
8 0.021875 0.0777778 0.04375 0.0666667
8 0.015625 0.0666667 0.03125 0.0444444
8 0.7625 0.0777778 0.1625 0.0666667
8 0.021875 0.1 0.04375 0.0666667
8 0.046875 0.111111 0.09375 0.0444444
8 0.015625 0.111111 0.03125 0.0444444
11 0.025 0.133333 0.0125 0.0444444
11 0.01875 0.155556 0.025 0.0444444
8 0.015625 0.266667 0.03125 0.0444444
8 0.021875 0.277778 0.04375 0.0666667
8 0.015625 0.288889 0.03125 0.0444444
8 0.021875 0.322222 0.04375 0.0666667
8 0.015625 0.333333 0.03125 0.0444444
8 0.053125 0.355556 0.10625 0.0888889
8 0.015625 0.355556 0.03125 0.0444444
8 0.015625 0.377778 0.03125 0.0444444
8 0.015625 0.4 0.03125 0.0444444
8 0.015625 0.422222 0.03125 0.0444444
8 0.725 0.433333 0.0625 0.0666667
14 0.7375 0.433333 0.0625 0.0666667
8 0.028125 0.477778 0.05625 0.0666667
8 0.015625 0.466667 0.03125 0.0444444
8 0.6 0.466667 0.0375 0.0444444
8 0.6125 0.455556 0.0375 0.0666667
8 0.625 0.466667 0.0125 0.0444444
8 0.6375 0.477778 0.0375 0.0222222
8 0.64375 0.477778 0.025 0.0222222
8 0.70625 0.466667 0.125 0.0444444
8 0.7125 0.466667 0.0625 0.0444444
8 0.7375 0.466667 0.0625 0.0444444
8 0.015625 0.477778 0.03125 0.0666667
25 0.5 0.488889 0.0875 0.0888889
25 0.5125 0.477778 0.0875 0.0666667
25 0.55625 0.477778 0.025 0.0666667
25 0.56875 0.488889 0.025 0.0444444
25 0.58125 0.488889 0.025 0.0444444
8 0.5875 0.488889 0.0375 0.0444444
8 0.6 0.477778 0.0375 0.0222222
8 0.6 0.488889 0.0625 0.0444444
8 0.61875 0.488889 0.075 0.0444444
25 0.46875 0.522222 0.075 0.0666667
25 0.4875 0.511111 0.0875 0.0444444
25 0.5125 0.511111 0.0875 0.0444444
21 0.55625 0.5 0.025 0.0222222
25 0.5625 0.511111 0.0375 0.0444444
25 0.58125 0.511111 0.025 0.0444444
25 0.5875 0.511111 0.0375 0.0444444
8 0.59375 0.511111 0.05 0.0444444
4 0.59375 0.5 0.05 0.0666667
8 0.59375 0.511111 0.075 0.0444444
25 0.4875 0.533333 0.0875 0.0444444
25 0.5375 0.522222 0.0375 0.0666667
25 0.55 0.511111 0.0375 0.0444444
8 0.59375 0.522222 0.05 0.0666667
8 0.59375 0.522222 0.075 0.0666667
8 0.021875 0.566667 0.04375 0.0666667
11 0.015625 0.555556 0.03125 0.0444444
25 0.5 0.544444 0.0875 0.0666667
25 0.55 0.566667 0.0375 0.0222222
25 0.5625 0.555556 0.0375 0.0444444
21 0.6 0.533333 0.0625 0.0888889
23 0.60625 0.544444 0.075 0.0666667
8 0.61875 0.566667 0.05 0.0666667
11 0.6375 0.566667 0.1375 0.0666667
21 0.7125 0.544444 0.0625 0.0666667
8 0.015625 0.577778 0.03125 0.0444444
60 0.5375 0.6 0.0375 0.0444444
25 0.55 0.6 0.0375 0.0444444
8 0.55625 0.588889 0.025 0.0222222
47 0.6 0.588889 0.0625 0.0222222
8 0.021875 0.6 0.04375 0.0444444
11 0.015625 0.6 0.03125 0.0444444
25 0.53125 0.611111 0.075 0.0666667
8 0.55625 0.6 0.125 0.0444444
11 0.015625 0.622222 0.03125 0.0444444
49 0.5875 0.622222 0.0875 0.0444444
11 0.015625 0.633333 0.03125 0.0666667
44 0.51875 0.755556 0.125 0.0444444
8 0.053125 0.855556 0.10625 0.0666667
35 0.20625 0.0611111 0.4125 0.122222
35 0.275 0.0611111 0.375 0.122222
29 0.3125 0.0611111 0.4 0.122222
29 0.3125 0.0611111 0.25 0.122222
35 0.4 0.0388889 0.375 0.0777778
35 0.575 0.0611111 0.225 0.122222
9 0.4875 0.0777778 0.25 0.0888889
9 0.5125 0.0611111 0.25 0.122222
9 0.625 0.0388889 0.375 0.0777778
29 0.5875 0.0388889 0.25 0.0777778
35 0.8875 0.0388889 0.2 0.0777778
11 0.90625 0.0611111 0.1875 0.122222
9 0.14375 0.388889 0.2875 0.711111
6 0.14375 0.388889 0.2875 0.711111
29 0.5 0.1 0.425 0.133333
9 0.24375 0.122222 0.4875 0.177778
11 0.475 0.233333 0.225 0.4
29 0.8875 0.144444 0.15 0.133333
9 0.19375 0.3 0.3875 0.444444
5 0.20625 0.322222 0.4125 0.488889
49 0.7 0.105556 0.375 0.211111
5 0.19375 0.344444 0.3875 0.444444
5 0.04375 0.255556 0.0875 0.177778
5 0.15625 0.233333 0.3125 0.222222
9 0.2 0.3 0.375 0.177778
9 0.3375 0.3 0.3 0.177778
9 0.3875 0.3 0.25 0.177778
35 0.7 0.3 0.425 0.177778
57 0.83125 0.3 0.3375 0.177778
67 0.91875 0.411111 0.1625 0.4
12 0.925 0.3 0.125 0.177778
9 0.11875 0.3 0.2375 0.177778
9 0.13125 0.344444 0.2625 0.266667
9 0.1 0.3 0.175 0.177778
9 0.15 0.322222 0.175 0.222222
9 0.2875 0.322222 0.25 0.222222
9 0.5 0.322222 0.225 0.222222
9 0.5625 0.322222 0.15 0.222222
9 0.6875 0.344444 0.35 0.266667
9 0.6125 0.433333 0.15 0.444444
9 0.6625 0.433333 0.15 0.444444
9 0.7125 0.433333 0.15 0.444444
9 0.825 0.3 0.075 0.177778
11 0.8125 0.3 0.1 0.177778
11 0.8375 0.3 0.15 0.177778
9 0.8625 0.3 0.15 0.177778
9 0.93125 0.455556 0.1375 0.488889
9 0.4625 0.344444 0.25 0.266667
9 0.6 0.344444 0.175 0.266667
9 0.725 0.477778 0.275 0.533333
9 0.7125 0.322222 0.15 0.4
9 0.8125 0.455556 0.15 0.666667
11 0.85 0.233333 0.175 0.222222
9 0.875 0.561111 0.175 0.877778
9 0.9125 0.561111 0.15 0.877778
9 0.9375 0.477778 0.1 0.711111
9 0.8 0.322222 0.225 0.4
5 0.91875 0.455556 0.1625 0.666667
9 0.18125 0.344444 0.3625 0.444444
9 0.3375 0.433333 0.35 0.266667
9 0.7875 0.366667 0.15 0.488889
9 0.85625 0.344444 0.2875 0.444444
0 0.9125 0.5 0.15 0.666667
5 0.91875 0.411111 0.1625 0.222222
9 0.7875 0.477778 0.15 0.266667
9 0.325 0.588889 0.425 0.577778
0 0.9125 0.633333 0.15 0.666667
9 0.3375 0.477778 0.2 0.444444
9 0.4 0.5 0.375 0.4
9 0.4375 0.588889 0.4 0.222222
35 0.7125 0.544444 0.35 0.311111
9 0.90625 0.611111 0.1875 0.622222
9 0.325 0.522222 0.175 0.355556
9 0.3375 0.588889 0.15 0.311111
9 0.4625 0.611111 0.3 0.266667
