6 0.040625 0.0111111 0.08125 0.0222222
4 0.065625 0.0111111 0.13125 0.0222222
11 0.125 0.0111111 0.0875 0.0222222
1 0.11875 0.0111111 0.1 0.0222222
2 0.225 0.0111111 0.1625 0.0222222
2 0.225 0.0111111 0.1125 0.0222222
10 0.2375 0.0111111 0.1125 0.0222222
10 0.28125 0.0111111 0.2 0.0222222
6 0.29375 0.0111111 0.2 0.0222222
10 0.31875 0.0111111 0.2 0.0222222
1 0.3 0.0111111 0.1375 0.0222222
1 0.34375 0.0111111 0.175 0.0222222
8 0.3625 0.0222222 0.0625 0.0444444
21 0.36875 0.0222222 0.125 0.0444444
74 0.3875 0.0111111 0.0375 0.0222222
4 0.425 0.0222222 0.1125 0.0444444
3 0.48125 0.0111111 0.1 0.0222222
3 0.49375 0.0111111 0.1 0.0222222
8 0.5125 0.0222222 0.1125 0.0444444
1 0.51875 0.0222222 0.125 0.0444444
11 0.625 0.0111111 0.1625 0.0222222
8 0.625 0.0111111 0.1875 0.0222222
12 0.6 0.0111111 0.2375 0.0222222
11 0.5625 0.0111111 0.1375 0.0222222
26 0.625 0.0111111 0.2375 0.0222222
26 0.65 0.0111111 0.0375 0.0222222
26 0.6625 0.0111111 0.0375 0.0222222
11 0.66875 0.0111111 0.05 0.0222222
11 0.6625 0.0111111 0.0875 0.0222222
8 0.7375 0.0111111 0.0625 0.0222222
11 0.75625 0.0111111 0.075 0.0222222
31 0.775 0.0111111 0.0625 0.0222222
11 0.7875 0.0111111 0.0875 0.0222222
26 0.79375 0.0222222 0.1 0.0444444
8 0.825 0.0222222 0.1625 0.0444444
11 0.83125 0.0111111 0.2 0.0222222
10 0.88125 0.0111111 0.1 0.0222222
10 0.9125 0.0111111 0.1125 0.0222222
1 0.925 0.0111111 0.1125 0.0222222
7 0.90625 0.0111111 0.025 0.0222222
7 0.925 0.0111111 0.0125 0.0222222
11 0.965625 0.0111111 0.06875 0.0222222
22 0.959375 0.0111111 0.08125 0.0222222
3 0.953125 0.0111111 0.09375 0.0222222
10 0.034375 0.0111111 0.06875 0.0222222
6 0.059375 0.0222222 0.11875 0.0444444
8 0.065625 0.0222222 0.13125 0.0444444
2 0.0875 0.0111111 0.1625 0.0222222
4 0.1 0.0111111 0.1875 0.0222222
23 0.10625 0.0111111 0.1 0.0222222
8 0.11875 0.0111111 0.1 0.0222222
23 0.11875 0.0222222 0.1 0.0444444
22 0.11875 0.0222222 0.1 0.0444444
21 0.2375 0.0111111 0.1375 0.0222222
21 0.2 0.0222222 0.1125 0.0444444
23 0.2 0.0111111 0.1125 0.0222222
21 0.2125 0.0111111 0.1125 0.0222222
21 0.225 0.0111111 0.1125 0.0222222
16 0.24375 0.0111111 0.125 0.0222222
21 0.26875 0.0111111 0.125 0.0222222
16 0.31875 0.0111111 0.075 0.0222222
1 0.3375 0.0111111 0.0625 0.0222222
1 0.34375 0.0222222 0.05 0.0444444
10 0.34375 0.0222222 0.025 0.0444444
21 0.35625 0.0333333 0.05 0.0666667
21 0.3875 0.0111111 0.0375 0.0222222
6 0.4125 0.0222222 0.1125 0.0444444
6 0.41875 0.0222222 0.125 0.0444444
3 0.4375 0.0222222 0.1375 0.0444444
1 0.4625 0.0222222 0.0875 0.0444444
3 0.48125 0.0222222 0.05 0.0444444
11 0.5 0.0111111 0.0875 0.0222222
11 0.5125 0.0222222 0.1125 0.0444444
10 0.54375 0.0222222 0.075 0.0444444
11 0.5625 0.0222222 0.0625 0.0444444
11 0.56875 0.0111111 0.075 0.0222222
11 0.55625 0.0111111 0.05 0.0222222
8 0.575 0.0111111 0.1125 0.0222222
12 0.59375 0.0111111 0 0.0222222
12 0.60625 0.0111111 0 0.0222222
55 0.61875 0.0111111 0 0.0222222
55 0.6375 0.0111111 0.0125 0.0222222
26 0.65 0.0111111 0.0125 0.0222222
26 0.65625 0.0111111 0.025 0.0222222
26 0.675 0.0111111 0.0375 0.0222222
16 0.7125 0.0111111 0.0375 0.0222222
29 0.70625 0.0222222 0.05 0.0444444
29 0.73125 0.0222222 0.05 0.0444444
8 0.7375 0.0111111 0.0625 0.0222222
21 0.7625 0.0111111 0.0875 0.0222222
16 0.76875 0.0111111 0.075 0.0222222
21 0.79375 0.0111111 0.1 0.0222222
8 0.79375 0.0333333 0.1 0.0666667
16 0.86875 0.0111111 0.125 0.0222222
10 0.90625 0.0111111 0.075 0.0222222
1 0.9125 0.0111111 0.0875 0.0222222
3 0.925 0.0111111 0.0625 0.0222222
1 0.94375 0.0111111 0.05 0.0222222
21 0.94375 0.0111111 0.05 0.0222222
21 0.965625 0.0222222 0.06875 0.0444444
6 0.953125 0.0111111 0.09375 0.0222222
4 0.959375 0.0111111 0.08125 0.0222222
12 0.95 0.0111111 0.0875 0.0222222
74 0.959375 0.0222222 0.08125 0.0444444
6 0.053125 0.0333333 0.10625 0.0666667
19 0.15 0.0333333 0.0375 0.0666667
19 0.2375 0.0333333 0.1375 0.0666667
8 0.2625 0.0333333 0.1375 0.0666667
21 0.30625 0.0333333 0.2 0.0666667
10 0.35 0.0222222 0.1375 0.0444444
21 0.325 0.0333333 0.0625 0.0666667
1 0.31875 0.0444444 0.075 0.0888889
21 0.36875 0.0444444 0.025 0.0888889
21 0.38125 0.0222222 0.025 0.0444444
3 0.45625 0.0444444 0.1 0.0888889
3 0.475 0.0333333 0.0625 0.0666667
11 0.48125 0.0222222 0.05 0.0444444
8 0.50625 0.0444444 0.1 0.0888889
8 0.525 0.0444444 0.1125 0.0888889
12 0.575 0.0222222 0.0625 0.0444444
12 0.59375 0.0222222 0.05 0.0444444
10 0.60625 0.0222222 0.05 0.0444444
10 0.60625 0.0222222 0.025 0.0444444
10 0.64375 0.0222222 0.075 0.0444444
10 0.64375 0.0333333 0.075 0.0666667
3 0.66875 0.0222222 0.075 0.0444444
3 0.6875 0.0444444 0.0875 0.0888889
3 0.71875 0.0444444 0.05 0.0888889
11 0.725 0.0222222 0.0625 0.0444444
21 0.73125 0.0444444 0.05 0.0888889
21 0.775 0.0444444 0.1375 0.0888889
10 0.80625 0.0333333 0.1 0.0666667
6 0.8625 0.0444444 0.1125 0.0888889
5 0.86875 0.0333333 0.125 0.0666667
11 0.925 0.0222222 0.0625 0.0444444
10 0.9375 0.0222222 0.0625 0.0444444
6 0.953125 0.0333333 0.09375 0.0666667
4 0.959375 0.0333333 0.08125 0.0666667
12 0.95 0.0222222 0.0875 0.0444444
6 0.075 0.0333333 0.0875 0.0666667
21 0.125 0.0333333 0.2125 0.0666667
10 0.14375 0.0333333 0.05 0.0666667
7 0.15625 0.0444444 0.025 0.0888889
14 0.15 0.0444444 0.0375 0.0888889
19 0.225 0.0666667 0.0875 0.0888889
19 0.225 0.0444444 0.0625 0.0444444
19 0.225 0.0333333 0.0625 0.0666667
21 0.24375 0.0333333 0.05 0.0666667
50 0.25625 0.0444444 0.15 0.0888889
21 0.2625 0.0444444 0.1375 0.0888889
16 0.3125 0.0333333 0.0875 0.0666667
21 0.33125 0.0444444 0.05 0.0888889
10 0.325 0.0444444 0.0625 0.0888889
21 0.36875 0.0666667 0.025 0.0888889
2 0.38125 0.0555556 0.025 0.111111
11 0.46875 0.0444444 0.075 0.0888889
3 0.58125 0.0555556 0.075 0.111111
10 0.69375 0.0888889 0.1 0.177778
3 0.70625 0.0555556 0.05 0.111111
10 0.71875 0.0555556 0.075 0.111111
10 0.74375 0.0555556 0.1 0.111111
10 0.7625 0.0555556 0.1125 0.111111
21 0.76875 0.0555556 0.1 0.111111
21 0.79375 0.0666667 0.075 0.0444444
10 0.8 0.0666667 0.0875 0.0444444
8 0.83125 0.0444444 0.15 0.0888889
8 0.85625 0.0444444 0.125 0.0888889
8 0.915625 0.0444444 0.16875 0.0888889
8 0.953125 0.0333333 0.09375 0.0666667
21 0.95625 0.0555556 0.075 0.0666667
6 0.953125 0.0555556 0.09375 0.0666667
4 0.959375 0.0555556 0.08125 0.0666667
6 0.075 0.0555556 0.0875 0.111111
22 0.125 0.0555556 0.2125 0.111111
21 0.15 0.0888889 0.1125 0.0444444
21 0.13125 0.0888889 0.075 0.0888889
10 0.13125 0.0666667 0.075 0.0888889
10 0.15 0.0555556 0.0625 0.111111
19 0.16875 0.0555556 0.075 0.111111
19 0.19375 0.0666667 0.075 0.133333
14 0.23125 0.0666667 0.1 0.0888889
19 0.21875 0.0555556 0.075 0.0666667
19 0.225 0.0666667 0.0625 0.0444444
11 0.26875 0.0555556 0.125 0.0666667
11 0.33125 0.0666667 0.1 0.0444444
21 0.33125 0.0666667 0.05 0.0444444
1 0.325 0.0666667 0.0875 0.0888889
19 0.36875 0.0777778 0.025 0.111111
2 0.38125 0.0777778 0.025 0.111111
2 0.3875 0.0888889 0.0375 0.0888889
2 0.4 0.1 0.0375 0.0666667
2 0.425 0.0888889 0.0125 0.0444444
10 0.43125 0.0888889 0.025 0.0888889
8 0.4875 0.0555556 0.0375 0.111111
11 0.51875 0.0555556 0.05 0.111111
1 0.525 0.0555556 0.0375 0.0666667
3 0.54375 0.0666667 0.025 0.0888889
3 0.55625 0.0666667 0.05 0.133333
3 0.56875 0.0666667 0.05 0.133333
3 0.58125 0.0666667 0.05 0.133333
10 0.6625 0.0666667 0.0625 0.133333
11 0.71875 0.0777778 0.05 0.155556
11 0.725 0.0666667 0.0875 0.133333
8 0.7375 0.0555556 0.0875 0.111111
21 0.76875 0.0555556 0.075 0.111111
21 0.78125 0.0666667 0.05 0.0888889
6 0.8625 0.0666667 0.1375 0.0888889
21 0.928125 0.0666667 0.14375 0.133333
19 0.95625 0.0666667 0.075 0.0888889
4 0.953125 0.0666667 0.09375 0.0888889
2 0.95 0.0555556 0.0625 0.0666667
11 0.959375 0.0666667 0.08125 0.0888889
6 0.028125 0.0888889 0.05625 0.0888889
0 0.0375 0.0666667 0.0125 0.0888889
0 0.05 0.0666667 0.0375 0.0888889
6 0.05 0.0888889 0.0375 0.0444444
21 0.05625 0.0888889 0.075 0.0444444
21 0.13125 0.122222 0.075 0.0666667
21 0.13125 0.111111 0.075 0.0444444
21 0.1625 0.0888889 0.1125 0.0888889
21 0.175 0.111111 0.1375 0.0444444
21 0.21875 0.0888889 0.075 0.0888889
21 0.2 0.0888889 0.1125 0.0888889
7 0.20625 0.0888889 0.1 0.0888889
7 0.24375 0.0777778 0.05 0.0666667
7 0.25625 0.0888889 0.15 0.0888889
11 0.30625 0.0888889 0.2 0.0888889
11 0.325 0.1 0.1125 0.0666667
2 0.33125 0.111111 0.05 0.0444444
7 0.31875 0.1 0.075 0.0666667
19 0.36875 0.111111 0.025 0.0888889
2 0.38125 0.1 0.025 0.111111
1 0.425 0.0888889 0.0125 0.0888889
1 0.4125 0.0888889 0.0625 0.0888889
26 0.425 0.1 0.0875 0.0666667
11 0.4375 0.1 0.0875 0.0666667
8 0.49375 0.1 0.05 0.0666667
1 0.53125 0.0777778 0.05 0.111111
1 0.54375 0.0666667 0.025 0.133333
3 0.55625 0.0777778 0.05 0.155556
8 0.58125 0.0777778 0.05 0.155556
2 0.64375 0.0777778 0.025 0.155556
2 0.65625 0.0777778 0.025 0.155556
2 0.6625 0.0777778 0.0625 0.155556
21 0.74375 0.0777778 0.075 0.155556
2 0.7875 0.1 0.0625 0.0222222
2 0.81875 0.1 0.1 0.0222222
2 0.8 0.1 0.0625 0.0222222
2 0.81875 0.111111 0.075 0.0444444
2 0.8375 0.111111 0.1125 0.0444444
2 0.81875 0.1 0.125 0.0666667
2 0.85625 0.0888889 0.075 0.0444444
2 0.875 0.0888889 0.0875 0.0444444
2 0.85625 0.0777778 0.125 0.0666667
2 0.86875 0.0666667 0.125 0.0888889
2 0.90625 0.0666667 0.175 0.0888889
20 0.921875 0.0777778 0.15625 0.111111
19 0.96875 0.0777778 0.05 0.0666667
2 0.965625 0.0777778 0.06875 0.0666667
2 0.9625 0.0777778 0.0125 0.0666667
11 0.959375 0.1 0.08125 0.0222222
6 0.028125 0.111111 0.05625 0.0888889
6 0.028125 0.111111 0.05625 0.0444444
6 0.040625 0.1 0.08125 0.0666667
4 0.071875 0.111111 0.14375 0.0888889
7 0.1 0.122222 0.1875 0.0666667
2 0.125 0.122222 0.1125 0.0666667
7 0.13125 0.122222 0.075 0.0666667
6 0.13125 0.122222 0.075 0.0666667
2 0.14375 0.122222 0.1 0.0666667
6 0.15 0.111111 0.1375 0.0888889
21 0.16875 0.122222 0.125 0.0666667
7 0.18125 0.111111 0.125 0.0888889
2 0.19375 0.122222 0.125 0.0666667
6 0.2 0.122222 0.1125 0.0666667
6 0.20625 0.1 0.075 0.0666667
2 0.2625 0.1 0.1625 0.0666667
2 0.2625 0.111111 0.1375 0.0888889
21 0.30625 0.122222 0.05 0.0666667
10 0.325 0.122222 0.1125 0.0666667
11 0.325 0.111111 0.0625 0.0444444
7 0.31875 0.122222 0.075 0.0666667
2 0.33125 0.111111 0.1 0.0888889
2 0.3625 0.111111 0.0375 0.0888889
2 0.38125 0.122222 0.025 0.111111
19 0.3875 0.122222 0.0375 0.111111
21 0.4 0.1 0.0375 0.0666667
1 0.4 0.1 0.0375 0.0666667
7 0.45 0.111111 0.1375 0.0888889
11 0.4625 0.122222 0.1375 0.0666667
60 0.50625 0.133333 0.1 0.0888889
25 0.53125 0.133333 0.15 0.0888889
1 0.5375 0.122222 0.0375 0.0666667
3 0.54375 0.1 0.05 0.155556
3 0.55 0.0888889 0.0625 0.177778
2 0.56875 0.0888889 0.05 0.177778
7 0.5875 0.122222 0.0375 0.111111
2 0.6625 0.133333 0.0375 0.0888889
2 0.6625 0.0888889 0.0625 0.177778
6 0.70625 0.0888889 0.15 0.177778
