11 0.56875 0.0111111 0.1 0.0222222
11 0.58125 0.0222222 0.1 0.0444444
3 0.73125 0.0555556 0.025 0.0222222
11 0.775 0.0666667 0.1125 0.0444444
44 0.76875 0.0666667 0.125 0.0444444
3 0.8125 0.0555556 0.0375 0.0222222
48 0.9625 0.0555556 0.0625 0.0666667
10 0.965625 0.0666667 0.06875 0.0444444
10 0.965625 0.0555556 0.06875 0.0666667
21 0.965625 0.0666667 0.06875 0.0888889
10 0.725 0.0666667 0.0125 0.0444444
10 0.825 0.0777778 0.0875 0.0222222
10 0.84375 0.0777778 0.1 0.0222222
10 0.83125 0.0777778 0.05 0.0222222
55 0.85 0.0777778 0.0625 0.0222222
10 0.91875 0.0666667 0.05 0.0444444
6 0.95 0.0555556 0.0375 0.0666667
10 0.95625 0.0555556 0.025 0.0666667
10 0.971875 0.0666667 0.05625 0.0888889
3 0.996875 0.122222 0.00625 0.0666667
10 0.025 0.222222 0.0375 0.0888889
10 0.03125 0.222222 0.025 0.0888889
10 0.028125 0.233333 0.05625 0.0666667
10 0.025 0.244444 0.0375 0.0444444
10 0.0375 0.244444 0.0125 0.0444444
10 0.028125 0.244444 0.05625 0.0444444
10 0.7125 0.255556 0.0375 0.0222222
10 0.75 0.255556 0.1125 0.0222222
10 0.74375 0.266667 0.05 0.0444444
10 0.96875 0.244444 0.025 0.0444444
10 0.971875 0.244444 0.05625 0.0444444
10 0.0375 0.266667 0.0125 0.0444444
11 0.040625 0.311111 0.08125 0.177778
10 0.046875 0.333333 0.09375 0.222222
10 0.025 0.355556 0.0375 0.266667
10 0.025 0.377778 0.0375 0.0444444
11 0.046875 0.344444 0.09375 0.2
7 0.025 0.366667 0.0375 0.288889
7 0.025 0.411111 0.0375 0.0666667
7 0.03125 0.4 0.05 0.0888889
10 0.81875 0.388889 0.125 0.0666667
12 0.990625 0.411111 0.01875 0.0666667
11 0.021875 0.411111 0.04375 0.111111
7 0.03125 0.422222 0.025 0.0444444
7 0.03125 0.422222 0.05 0.0888889
11 0.6625 0.422222 0.0875 0.0444444
11 0.66875 0.433333 0.1 0.0222222
12 0.978125 0.433333 0.04375 0.0666667
12 0.025 0.377778 0.0375 0.222222
10 0.0375 0.444444 0.0125 0.0444444
9 0.984375 0.455556 0.03125 0.0666667
10 0.025 0.455556 0.0375 0.2
7 0.025 0.555556 0.0375 0.177778
58 0.053125 0.544444 0.10625 0.0666667
7 0.03125 0.555556 0.025 0.0444444
7 0.03125 0.566667 0.025 0.0666667
7 0.034375 0.555556 0.06875 0.0888889
70 0.00625 0.577778 0 0.0444444
7 0.025 0.577778 0.0125 0.0444444
7 0.0375 0.577778 0.0125 0.0444444
2 0.0375 0.566667 0.0375 0.0666667
12 0.93125 0.577778 0.125 0.0888889
10 0.96875 0.566667 0.025 0.0666667
10 0.98125 0.577778 0.025 0.0444444
10 0.984375 0.577778 0.03125 0.0444444
26 0.0375 0.588889 0.0125 0.0666667
12 0.875 0.588889 0.0875 0.111111
10 0.9125 0.6 0.1375 0.0888889
10 0.925 0.588889 0.1375 0.111111
12 0.9 0.611111 0.1375 0.111111
12 0.925 0.611111 0.1375 0.111111
78 0.025 0.655556 0.0375 0.288889
10 0.86875 0.644444 0.075 0.177778
10 0.940625 0.644444 0.11875 0.222222
10 0.05 0.755556 0.0375 0.177778
11 0.6 0.733333 0.0625 0.0444444
10 0.60625 0.666667 0.1 0.177778
3 0.61875 0.677778 0.1 0.2
10 0.63125 0.677778 0.1 0.2
10 0.65 0.677778 0.0875 0.2
10 0.675 0.7 0.0875 0.244444
10 0.88125 0.677778 0.1 0.2
10 0.90625 0.677778 0.1 0.2
10 0.93125 0.722222 0.1 0.155556
12 0.946875 0.722222 0.10625 0.155556
2 0.05 0.722222 0.0375 0.288889
9 0.05625 0.7 0.05 0.244444
12 0.6125 0.755556 0.0625 0.0444444
12 0.61875 0.688889 0.1 0.177778
10 0.6625 0.688889 0.0875 0.177778
16 0.70625 0.722222 0.05 0.288889
10 0.89375 0.7 0.125 0.2
10 0.91875 0.711111 0.1 0.222222
10 0.940625 0.711111 0.11875 0.222222
12 0.965625 0.711111 0.06875 0.177778
10 0.05 0.744444 0.0375 0.288889
16 0.05625 0.744444 0.05 0.288889
10 0.6625 0.711111 0.1375 0.177778
10 0.65 0.711111 0.0875 0.177778
3 0.6625 0.711111 0.0875 0.177778
10 0.6625 0.722222 0.0625 0.2
10 0.675 0.744444 0.0625 0.244444
9 0.70625 0.744444 0.05 0.288889
26 0.71875 0.744444 0.05 0.288889
10 0.89375 0.733333 0.1 0.222222
10 0.940625 0.777778 0.11875 0.133333
12 0.959375 0.722222 0.08125 0.2
0 0.05 0.766667 0.0375 0.288889
27 0.05625 0.766667 0.05 0.288889
10 0.6625 0.744444 0.0875 0.2
9 0.71875 0.766667 0.05 0.288889
9 0.75625 0.766667 0.1 0.288889
10 0.9 0.777778 0.1125 0.133333
10 0.91875 0.788889 0.1 0.155556
10 0.946875 0.8 0.10625 0.133333
12 0.953125 0.8 0.09375 0.133333
10 0.025 0.766667 0.0375 0.333333
10 0.05 0.8 0.0375 0.4
26 0.0625 0.766667 0.0375 0.333333
26 0.0875 0.766667 0.0625 0.333333
10 0.70625 0.8 0.05 0.266667
9 0.725 0.8 0.0625 0.266667
11 0.75625 0.8 0.1 0.266667
12 0.90625 0.766667 0.125 0.2
12 0.959375 0.766667 0.08125 0.2
12 0.971875 0.766667 0.05625 0.155556
10 0.04375 0.788889 0.05 0.333333
11 0.05625 0.866667 0.05 0.177778
31 0.05625 0.866667 0.05 0.177778
16 0.075 0.866667 0.0375 0.177778
16 0.0875 0.811111 0.0625 0.288889
3 0.2 0.844444 0.0625 0.177778
3 0.2375 0.844444 0.0875 0.177778
10 0.24375 0.744444 0.1 0.288889
3 0.26875 0.766667 0.075 0.333333
3 0.2875 0.777778 0.0625 0.311111
10 0.88125 0.788889 0.1 0.2
10 0.89375 0.833333 0.1 0.111111
10 0.91875 0.833333 0.1 0.111111
10 0.946875 0.844444 0.10625 0.0888889
10 0.959375 0.844444 0.08125 0.133333
10 0.965625 0.788889 0.06875 0.2
10 0.021875 0.844444 0.04375 0.266667
10 0.04375 0.811111 0.05 0.2
3 0.05 0.833333 0.0625 0.244444
10 0.05625 0.822222 0.05 0.222222
3 0.075 0.811111 0.0375 0.2
0 0.0875 0.844444 0.0625 0.266667
0 0.10625 0.855556 0.05 0.111111
10 0.11875 0.855556 0.05 0.111111
10 0.1375 0.855556 0.0625 0.111111
10 0.15 0.855556 0.0625 0.111111
3 0.1625 0.855556 0.0625 0.111111
10 0.175 0.855556 0.0625 0.111111
10 0.1875 0.855556 0.0625 0.111111
10 0.2 0.855556 0.0625 0.111111
3 0.21875 0.811111 0.05 0.2
10 0.2375 0.822222 0.0875 0.222222
10 0.25 0.844444 0.0875 0.266667
3 0.3 0.833333 0.0625 0.288889
16 0.3125 0.833333 0.0625 0.288889
31 0.325 0.788889 0.0625 0.2
10 0.88125 0.855556 0.1 0.111111
10 0.90625 0.844444 0.1 0.133333
10 0.925 0.855556 0.0875 0.111111
10 0.959375 0.844444 0.08125 0.0888889
10 0.025 0.833333 0.0375 0.2
10 0.03125 0.877778 0.025 0.0666667
3 0.0875 0.822222 0.0625 0.222222
3 0.1125 0.811111 0.0375 0.2
3 0.125 0.811111 0.0375 0.2
10 0.175 0.822222 0.0625 0.222222
10 0.25 0.877778 0.0625 0.155556
3 0.2625 0.877778 0.0625 0.155556
3 0.275 0.833333 0.0625 0.333333
3 0.2875 0.833333 0.0625 0.333333
3 0.3125 0.833333 0.0625 0.333333
3 0.35625 0.811111 0.05 0.288889
3 0.38125 0.888889 0.05 0.133333
10 0.3875 0.888889 0.0625 0.133333
3 0.4125 0.811111 0.0625 0.244444
9 0.41875 0.811111 0.05 0.244444
9 0.71875 0.833333 0.05 0.2
10 0.8875 0.866667 0.0875 0.0888889
10 0.9 0.811111 0.0875 0.2
10 0.925 0.877778 0.0875 0.111111
10 0.946875 0.877778 0.10625 0.111111
10 0.953125 0.866667 0.09375 0.0888889
10 0.965625 0.844444 0.06875 0.222222
10 0.028125 0.844444 0.05625 0.222222
3 0.04375 0.888889 0.025 0.0888889
10 0.04375 0.922222 0.025 0.0666667
10 0.06875 0.911111 0.05 0.0888889
10 0.08125 0.933333 0.05 0.0444444
10 0.09375 0.933333 0.05 0.0444444
10 0.1125 0.933333 0.0625 0.0444444
11 0.20625 0.933333 0.05 0.0444444
11 0.21875 0.933333 0.05 0.0444444
11 0.23125 0.922222 0.05 0.0666667
11 0.2625 0.888889 0.0625 0.133333
9 0.275 0.877778 0.0625 0.244444
9 0.28125 0.833333 0.05 0.244444
9 0.29375 0.833333 0.05 0.333333
9 0.30625 0.811111 0.05 0.288889
11 0.31875 0.933333 0.05 0.0444444
11 0.325 0.844444 0.0625 0.311111
11 0.34375 0.822222 0.05 0.266667
11 0.35625 0.833333 0.05 0.244444
11 0.375 0.844444 0.0625 0.222222
11 0.40625 0.922222 0.05 0.0666667
11 0.41875 0.9 0.05 0.111111
10 0.66875 0.855556 0.075 0.2
10 0.69375 0.855556 0.075 0.2
10 0.70625 0.855556 0.05 0.2
10 0.80625 0.855556 0.075 0.2
10 0.9 0.877778 0.0875 0.111111
3 0.91875 0.888889 0.1 0.133333
10 0.946875 0.9 0.10625 0.111111
3 0.953125 0.888889 0.09375 0.0888889
12 0.04375 0.922222 0.025 0.0666667
7 0.1125 0.922222 0.0125 0.0666667
7 0.125 0.922222 0.0125 0.0666667
7 0.1375 0.922222 0.0125 0.0666667
26 0.20625 0.922222 0.025 0.0666667
7 0.21875 0.922222 0.025 0.0666667
26 0.23125 0.922222 0.025 0.0666667
11 0.26875 0.933333 0.075 0.0888889
11 0.29375 0.933333 0.125 0.0888889
11 0.3125 0.877778 0.1125 0.2
26 0.36875 0.922222 0.025 0.0666667
26 0.38125 0.922222 0.025 0.0666667
28 0.39375 0.922222 0.025 0.0666667
10 0.91875 0.911111 0.1 0.0888889
10 0.925 0.922222 0.0875 0.0666667
10 0.9375 0.911111 0.0875 0.0888889
10 0.965625 0.922222 0.06875 0.0666667
3 0.965625 0.911111 0.06875 0.0888889
3 0.965625 0.911111 0.06875 0.133333
11 0.04375 0.0388889 0.0875 0.0777778
11 0.15625 0.0611111 0.3125 0.122222
5 0.0625 0.0611111 0.1 0.122222
5 0.10625 0.0611111 0.2125 0.122222
0 0.11875 0.0611111 0.2375 0.122222
13 0.26875 0.0611111 0.5375 0.122222
13 0.3 0.0611111 0.375 0.122222
9 0.3125 0.0611111 0.2 0.122222
52 0.3 0.0611111 0.225 0.122222
9 0.3375 0.0611111 0.3 0.122222
13 0.3625 0.0611111 0.25 0.122222
62 0.425 0.0611111 0.325 0.122222
13 0.4875 0.0833333 0.35 0.166667
11 0.5125 0.0611111 0.3 0.122222
29 0.5625 0.0388889 0.15 0.0777778
34 0.6 0.0611111 0.225 0.122222
34 0.6625 0.0611111 0.3 0.122222
65 0.65 0.0611111 0.225 0.122222
38 0.7125 0.0611111 0.4 0.122222
38 0.75 0.0833333 0.375 0.166667
18 0.04375 0.0611111 0.0875 0.122222
11 0.04375 0.0833333 0.0875 0.166667
2 0.075 0.0555556 0.125 0.0444444
13 0.1625 0.0611111 0.1 0.122222
13 0.1125 0.0611111 0.15 0.122222
13 0.225 0.0611111 0.375 0.122222
13 0.35 0.0833333 0.525 0.166667
57 0.2625 0.0833333 0.25 0.166667
13 0.3 0.0833333 0.275 0.166667
57 0.375 0.0833333 0.375 0.166667
13 0.4 0.0833333 0.375 0.166667
13 0.4125 0.0833333 0.3 0.166667
13 0.4375 0.1 0.25 0.133333
11 0.5125 0.0833333 0.3 0.166667
5 0.5625 0.0833333 0.15 0.166667
5 0.5375 0.0833333 0.1 0.166667
5 0.6 0.0833333 0.225 0.166667
9 0.625 0.0833333 0.175 0.166667
12 0.7375 0.0833333 0.2 0.166667
29 0.7625 0.0833333 0.25 0.166667
34 0.7875 0.0833333 0.25 0.166667
34 0.8125 0.0833333 0.25 0.166667
11 0.94375 0.0833333 0.1125 0.166667
11 0.15 0.0777778 0.125 0.0888889
11 0.175 0.0777778 0.275 0.0888889
11 0.1125 0.1 0.15 0.133333
11 0.175 0.1 0.225 0.133333
11 0.25 0.1 0.275 0.133333
9 0.2375 0.122222 0.2 0.177778
13 0.2625 0.122222 0.15 0.177778
13 0.3 0.122222 0.125 0.177778
13 0.3 0.122222 0.275 0.177778
13 0.35 0.122222 0.175 0.177778
13 0.3875 0.122222 0.2 0.177778
29 0.4 0.144444 0.125 0.133333
11 0.45 0.144444 0.175 0.222222
11 0.475 0.122222 0.125 0.177778
9 0.5625 0.1 0.1 0.133333
9 0.5375 0.0833333 0.1 0.166667
11 0.6375 0.0833333 0.15 0.166667
9 0.7 0.1 0.175 0.133333
11 0.725 0.1 0.175 0.133333
