6 0.046875 0.0111111 0.09375 0.0222222
6 0.50625 0.0111111 0.125 0.0222222
5 0.046875 0.0222222 0.09375 0.0444444
6 0.1375 0.0222222 0.1125 0.0444444
2 0.946875 0.0222222 0.10625 0.0444444
2 0.953125 0.0222222 0.09375 0.0444444
6 0.053125 0.0444444 0.10625 0.0888889
5 0.0375 0.0444444 0.0375 0.0444444
44 0.5875 0.0333333 0.1125 0.0666667
44 0.6 0.0444444 0.1125 0.0444444
44 0.61875 0.0333333 0.125 0.0666667
44 0.6375 0.0333333 0.1375 0.0666667
10 0.6875 0.0444444 0.0375 0.0444444
44 0.7375 0.0333333 0.1125 0.0666667
34 0.78125 0.0333333 0.15 0.0666667
44 0.7625 0.0333333 0.1375 0.0666667
44 0.78125 0.0444444 0.125 0.0444444
34 0.8 0.0444444 0.1125 0.0444444
44 0.81875 0.0444444 0.125 0.0444444
34 0.8375 0.0444444 0.1125 0.0444444
34 0.84375 0.0555556 0.125 0.0222222
34 0.85625 0.0666667 0.125 0.0444444
43 0.86875 0.0666667 0.125 0.0444444
44 0.88125 0.0555556 0.125 0.0666667
44 0.9 0.0444444 0.1125 0.0444444
44 0.934375 0.0444444 0.13125 0.0444444
6 0.91875 0.0333333 0.15 0.0666667
6 0.95625 0.0555556 0.075 0.0222222
26 0.95 0.0444444 0.0875 0.0888889
6 0.028125 0.0666667 0.05625 0.0444444
8 0.0375 0.0666667 0.0375 0.0444444
13 0.6 0.0666667 0.0875 0.0444444
43 0.6125 0.0666667 0.1125 0.0444444
6 0.61875 0.0666667 0.125 0.0444444
6 0.65625 0.0777778 0.175 0.0666667
6 0.65625 0.0666667 0.125 0.0444444
34 0.73125 0.0666667 0.175 0.0444444
44 0.775 0.0666667 0.1625 0.0444444
13 0.8625 0.0666667 0.1375 0.0444444
6 0.875 0.0666667 0.1375 0.0444444
13 0.915625 0.0666667 0.16875 0.0444444
34 0.921875 0.0666667 0.15625 0.0444444
6 0.93125 0.0666667 0.125 0.0444444
2 0.053125 0.0666667 0.10625 0.0444444
5 0.028125 0.0666667 0.05625 0.0444444
44 0.61875 0.0888889 0.125 0.0444444
44 0.64375 0.0888889 0.1 0.0444444
44 0.6875 0.0888889 0.1125 0.0444444
44 0.7875 0.1 0.1625 0.0222222
44 0.91875 0.0888889 0.1 0.0444444
6 0.053125 0.0888889 0.10625 0.0888889
2 0.028125 0.0888889 0.05625 0.0444444
6 0.028125 0.0888889 0.05625 0.0444444
6 0.053125 0.133333 0.10625 0.0888889
4 0.028125 0.111111 0.05625 0.0888889
6 0.028125 0.111111 0.05625 0.0888889
6 0.028125 0.122222 0.05625 0.0666667
19 0.05 0.1 0.0375 0.0666667
25 0.053125 0.166667 0.10625 0.0666667
25 0.028125 0.155556 0.05625 0.0444444
9 0.0375 0.155556 0.0375 0.0444444
6 0.059375 0.177778 0.11875 0.0444444
6 0.021875 0.177778 0.04375 0.0444444
8 0.028125 0.177778 0.05625 0.0444444
6 0.059375 0.2 0.11875 0.0444444
4 0.059375 0.2 0.11875 0.0444444
25 0.059375 0.222222 0.11875 0.0888889
2 0.06875 0.233333 0.1 0.0222222
11 0.0375 0.233333 0.0375 0.0222222
25 0.0625 0.244444 0.1125 0.0444444
23 0.0625 0.244444 0.1125 0.0444444
21 0.059375 0.266667 0.11875 0.0888889
23 0.0625 0.266667 0.1125 0.0444444
9 0.05 0.266667 0.0625 0.0444444
19 0.021875 0.288889 0.04375 0.0888889
8 0.015625 0.288889 0.03125 0.0444444
23 0.028125 0.311111 0.05625 0.0888889
8 0.021875 0.311111 0.04375 0.0444444
9 0.0375 0.3 0.0625 0.0666667
4 0.028125 0.344444 0.05625 0.0666667
4 0.028125 0.333333 0.05625 0.0444444
9 0.03125 0.333333 0.05 0.0444444
4 0.028125 0.344444 0.05625 0.0222222
25 0.028125 0.344444 0.05625 0.0666667
5 0.03125 0.344444 0.05 0.0666667
25 0.928125 0.344444 0.14375 0.0666667
43 0.9625 0.355556 0.0625 0.0444444
2 0.053125 0.388889 0.10625 0.111111
2 0.028125 0.366667 0.05625 0.0666667
6 0.028125 0.355556 0.05625 0.0444444
5 0.03125 0.355556 0.05 0.0444444
4 0.053125 0.411111 0.10625 0.0666667
2 0.015625 0.411111 0.03125 0.0666667
11 0.028125 0.377778 0.05625 0.0888889
6 0.0375 0.388889 0.0375 0.0666667
2 0.053125 0.411111 0.10625 0.0666667
4 0.028125 0.422222 0.05625 0.0444444
6 0.028125 0.444444 0.05625 0.0888889
9 0.0375 0.422222 0.0375 0.0444444
19 0.053125 0.444444 0.10625 0.0888889
25 0.021875 0.444444 0.04375 0.0444444
9 0.0375 0.444444 0.0375 0.0444444
18 0.053125 0.455556 0.10625 0.0666667
25 0.015625 0.466667 0.03125 0.0444444
6 0.028125 0.466667 0.05625 0.0888889
9 0.0375 0.466667 0.0375 0.0444444
18 0.053125 0.477778 0.10625 0.0666667
25 0.021875 0.488889 0.04375 0.0444444
19 0.053125 0.522222 0.10625 0.0666667
25 0.021875 0.522222 0.04375 0.0222222
11 0.03125 0.522222 0.05 0.0222222
9 0.0375 0.511111 0.0375 0.0444444
11 0.021875 0.533333 0.04375 0.0444444
25 0.053125 0.566667 0.10625 0.0666667
2 0.03125 0.544444 0.025 0.0222222
25 0.053125 0.588889 0.10625 0.0666667
2 0.021875 0.566667 0.04375 0.0222222
11 0.03125 0.555556 0.025 0.0444444
9 0.03125 0.555556 0.05 0.0444444
25 0.053125 0.611111 0.10625 0.0666667
2 0.015625 0.6 0.03125 0.0444444
4 0.03125 0.6 0.025 0.0444444
9 0.04375 0.588889 0.075 0.0666667
4 0.015625 0.611111 0.03125 0.0666667
6 0.0375 0.611111 0.0375 0.0666667
9 0.05 0.611111 0.0625 0.0666667
25 0.053125 0.655556 0.10625 0.0666667
6 0.028125 0.644444 0.05625 0.0444444
9 0.04375 0.633333 0.05 0.0222222
9 0.05 0.644444 0.0625 0.0444444
6 0.58125 0.644444 0.15 0.0444444
6 0.028125 0.666667 0.05625 0.0888889
25 0.028125 0.655556 0.05625 0.0666667
11 0.03125 0.655556 0.05 0.0666667
9 0.03125 0.666667 0.05 0.0444444
9 0.04375 0.655556 0.05 0.0666667
9 0.0375 0.666667 0.0625 0.0888889
44 0.10625 0.666667 0.1 0.0444444
44 0.1375 0.666667 0.1125 0.0444444
44 0.19375 0.677778 0.075 0.0222222
44 0.21875 0.677778 0.1 0.0222222
44 0.30625 0.677778 0.025 0.0222222
44 0.2875 0.677778 0.0875 0.0222222
44 0.3125 0.677778 0.0875 0.0222222
44 0.3375 0.677778 0.1125 0.0222222
44 0.36875 0.677778 0.125 0.0222222
44 0.40625 0.677778 0.125 0.0222222
44 0.55625 0.677778 0.125 0.0222222
44 0.56875 0.655556 0.125 0.0666667
44 0.6 0.655556 0.1125 0.0666667
44 0.65625 0.666667 0.1 0.0444444
44 0.675 0.677778 0.0875 0.0222222
44 0.8125 0.677778 0.0875 0.0222222
44 0.8625 0.677778 0.1625 0.0222222
44 0.9 0.677778 0.1625 0.0222222
44 0.8875 0.677778 0.0875 0.0222222
10 0.9625 0.677778 0.0625 0.0222222
11 0.028125 0.677778 0.05625 0.0666667
6 0.028125 0.7 0.05625 0.0666667
21 0.028125 0.711111 0.05625 0.0444444
23 0.028125 0.711111 0.05625 0.0444444
21 0.053125 0.722222 0.10625 0.0666667
23 0.059375 0.722222 0.11875 0.0666667
6 0.021875 0.755556 0.04375 0.0444444
5 0.0375 0.744444 0.0375 0.0222222
25 0.021875 0.788889 0.04375 0.0666667
8 0.021875 0.777778 0.04375 0.0444444
3 0.0375 0.777778 0.0375 0.0444444
9 0.0375 0.755556 0.0375 0.0444444
6 0.075 0.777778 0.1125 0.0888889
6 0.021875 0.811111 0.04375 0.111111
8 0.021875 0.788889 0.04375 0.0666667
9 0.03125 0.8 0.05 0.0444444
43 0.028125 0.822222 0.05625 0.0444444
9 0.0375 0.822222 0.0625 0.0444444
43 0.021875 0.844444 0.04375 0.0444444
12 0.034375 0.844444 0.06875 0.0444444
11 0.021875 0.844444 0.04375 0.0444444
10 0.034375 0.855556 0.06875 0.0222222
10 0.05 0.855556 0.0625 0.0666667
6 0.075 0.866667 0.1125 0.0888889
9 0.0375 0.888889 0.0625 0.0444444
6 0.0625 0.888889 0.0625 0.0444444
6 0.75 0.888889 0.1375 0.133333
5 0.05625 0.922222 0.1 0.0666667
6 0.0875 0.922222 0.1375 0.0666667
6 0.1125 0.922222 0.1375 0.0666667
6 0.028125 0.944444 0.05625 0.0666667
9 0.040625 0.933333 0.08125 0.0444444
13 0.375 0.933333 0.1125 0.0444444
5 0.034375 0.955556 0.06875 0.0444444
66 0.16875 0.944444 0.1 0.0222222
66 0.4 0.955556 0.0625 0.0444444
66 0.3875 0.955556 0.1125 0.0444444
6 0.6375 0.955556 0.1375 0.0444444
66 0.65 0.955556 0.1375 0.0444444
6 0.71875 0.955556 0.125 0.0444444
6 0.028125 0.966667 0.05625 0.0666667
6 0.825 0.966667 0.1125 0.0666667
6 0.953125 0.966667 0.09375 0.0666667
6 0.953125 0.977778 0.09375 0.0444444
4 0.034375 1 0.06875 0
6 0.040625 1 0.08125 0
6 0.65 1 0.1375 0
6 0.6875 1 0.1375 0
4 0.7 1 0.1375 0
4 0.725 1 0.1375 0
6 0.7375 1 0.1375 0
4 0.7625 1 0.1375 0
6 0.775 1 0.1375 0
6 0.8 1 0.1375 0
6 0.825 1 0.1375 0
6 0.85625 1 0.125 0
6 0.9125 1 0.1375 0
54 0.20625 0.0388889 0.4125 0.0777778
54 0.21875 0.0388889 0.4375 0.0777778
43 0.25 0.0388889 0.475 0.0777778
43 0.25625 0.0388889 0.5125 0.0777778
54 0.3625 0.0388889 0.55 0.0777778
43 0.33125 0.0388889 0.6625 0.0777778
43 0.4125 0.0388889 0.55 0.0777778
43 0.3875 0.327778 0.75 0.655556
43 0.5125 0.0388889 0.55 0.0777778
54 0.23125 0.0166667 0.4625 0.0333333
54 0.24375 0.0166667 0.4875 0.0333333
54 0.25625 0.0388889 0.5125 0.0777778
54 0.26875 0.35 0.5375 0.7
54 0.6375 0.0388889 0.55 0.0777778
54 0.6625 0.0388889 0.55 0.0777778
53 0.6875 0.0611111 0.55 0.122222
53 0.73125 0.0833333 0.5375 0.166667
54 0.76875 0.0611111 0.4625 0.122222
54 0.86875 0.0611111 0.2625 0.122222
49 0.875 0.0611111 0.225 0.122222
49 0.83125 0.188889 0.3375 0.222222
54 0.84375 0.188889 0.3125 0.222222
52 0.13125 0.188889 0.2625 0.133333
52 0.11875 0.188889 0.2375 0.133333
67 0.8875 0.166667 0.2 0.177778
51 0.14375 0.211111 0.2875 0.177778
52 0.18125 0.211111 0.3625 0.0888889
9 0.06875 0.233333 0.1375 0.133333
54 0.5875 0.233333 0.15 0.133333
54 0.6375 0.233333 0.15 0.133333
9 0.8875 0.233333 0.15 0.133333
9 0.11875 0.255556 0.2375 0.266667
52 0.16875 0.3 0.3375 0.266667
9 0.5 0.277778 0.225 0.133333
11 0.8625 0.188889 0.05 0.133333
9 0.8625 0.233333 0.1 0.133333
55 0.11875 0.255556 0.2375 0.355556
51 0.15625 0.322222 0.3125 0.222222
6 0.1625 0.322222 0.3 0.222222
5 0.1625 0.277778 0.3 0.0444444
29 0.725 0.322222 0.125 0.133333
54 0.8375 0.322222 0.1 0.133333
5 0.9125 0.455556 0.15 0.4
2 0.95625 0.477778 0.0875 0.444444
35 0.6375 0.366667 0.4 0.133333
53 0.13125 0.566667 0.2625 0.444444
53 0.14375 0.411111 0.2875 0.133333
67 0.13125 0.411111 0.2625 0.133333
67 0.1875 0.544444 0.35 0.4
67 0.4 0.455556 0.275 0.222222
11 0.775 0.455556 0.225 0.222222
11 0.84375 0.433333 0.3125 0.177778
53 0.19375 0.672222 0.3875 0.655556
53 0.16875 0.672222 0.3375 0.655556
53 0.05625 0.388889 0.1125 0.0888889
53 0.0875 0.5 0.15 0.311111
67 0.4375 0.433333 0.25 0.177778
35 0.5875 0.433333 0.4 0.177778
53 0.6625 0.455556 0.4 0.222222
9 0.03125 0.566667 0.0625 0.444444
5 0.75 0.5 0.225 0.222222
5 0.83125 0.5 0.3375 0.133333
9 0.04375 0.5 0.0875 0.311111
5 0.4125 0.5 0.15 0.0444444
5 0.4 0.477778 0.225 0.0888889
9 0.4625 0.522222 0.15 0.177778
52 0.65 0.677778 0.125 0.4
9 0.6625 0.544444 0.15 0.133333
5 0.825 0.588889 0.175 0.222222
11 0.8625 0.522222 0.25 0.0888889
9 0.95 0.7 0.075 0.444444
5 0.21875 0.588889 0.4375 0.222222
9 0.1125 0.588889 0.15 0.133333
34 0.225 0.588889 0.275 0.133333
34 0.1875 0.611111 0.15 0.266667
5 0.1875 0.566667 0.2 0.177778
5 0.2125 0.588889 0.2 0.133333
5 0.25 0.588889 0.225 0.133333
5 0.325 0.588889 0.125 0.133333
5 0.325 0.588889 0.225 0.133333
5 0.4 0.588889 0.175 0.133333
5 0.4625 0.633333 0.15 0.222222
9 0.6125 0.611111 0.15 0.266667
9 0.65 0.611111 0.125 0.266667
6 0.7625 0.566667 0.15 0.0888889
5 0.75 0.566667 0.225 0.0888889
