7 0.015625 0.0111111 0.03125 0.0222222
8 0.025 0.0111111 0.0125 0.0222222
4 0.040625 0.0222222 0.08125 0.0444444
4 0.065625 0.0222222 0.13125 0.0444444
2 0.1125 0.0222222 0.1375 0.0444444
4 0.10625 0.0222222 0.15 0.0444444
4 0.11875 0.0222222 0.075 0.0444444
4 0.13125 0.0111111 0.075 0.0222222
4 0.1625 0.0222222 0.1125 0.0444444
4 0.1625 0.0111111 0.0625 0.0222222
6 0.16875 0 0.025 0
4 0.2 0.0222222 0.0625 0.0444444
4 0.21875 0.0222222 0.075 0.0444444
4 0.225 0.0222222 0.1375 0.0444444
4 0.25625 0.0222222 0.125 0.0444444
4 0.2625 0.0111111 0.1125 0.0222222
11 0.4375 0.0111111 0.1125 0.0222222
11 0.4625 0.0111111 0.1125 0.0222222
4 0.475 0.0111111 0.1125 0.0222222
11 0.4875 0.0111111 0.1125 0.0222222
4 0.55 0.0111111 0.1125 0.0222222
4 0.7625 0.0111111 0.1125 0.0222222
4 0.946875 0.0222222 0.10625 0.0444444
8 0.021875 0.0111111 0.04375 0.0222222
8 0.025 0.0111111 0.0125 0.0222222
4 0.034375 0.0222222 0.06875 0.0444444
4 0.053125 0.0222222 0.10625 0.0444444
4 0.059375 0.0333333 0.11875 0.0666667
2 0.059375 0.0333333 0.11875 0.0666667
2 0.1 0.0333333 0.0875 0.0666667
2 0.11875 0.0333333 0.075 0.0666667
6 0.125 0.0333333 0.0875 0.0666667
6 0.1625 0.0222222 0.0625 0.0444444
4 0.21875 0.0222222 0.075 0.0444444
2 0.2125 0.0333333 0.1125 0.0666667
2 0.21875 0.0222222 0.125 0.0444444
2 0.25 0.0222222 0.1125 0.0444444
2 0.2625 0.0333333 0.1125 0.0666667
2 0.275 0.0222222 0.1125 0.0444444
2 0.3 0.0222222 0.1125 0.0444444
2 0.3375 0.0222222 0.1125 0.0444444
2 0.3625 0.0222222 0.1125 0.0444444
2 0.3875 0.0222222 0.1125 0.0444444
2 0.4 0.0111111 0.1125 0.0222222
2 0.4125 0.0222222 0.1125 0.0444444
2 0.425 0.0111111 0.1125 0.0222222
2 0.45 0.0111111 0.1125 0.0222222
2 0.475 0.0111111 0.1125 0.0222222
2 0.5 0.0111111 0.1125 0.0222222
2 0.525 0.0111111 0.1125 0.0222222
2 0.55 0.0111111 0.1125 0.0222222
2 0.575 0.0111111 0.1125 0.0222222
2 0.5875 0.0111111 0.1125 0.0222222
2 0.6125 0.0111111 0.1125 0.0222222
2 0.6375 0.0111111 0.1125 0.0222222
2 0.6625 0.0111111 0.1125 0.0222222
2 0.6875 0.0111111 0.1125 0.0222222
2 0.7125 0.0111111 0.1125 0.0222222
2 0.7375 0.0111111 0.1125 0.0222222
2 0.7625 0.0111111 0.1125 0.0222222
2 0.7875 0.0111111 0.1125 0.0222222
4 0.8 0.0111111 0.1125 0.0222222
4 0.85625 0.0111111 0.15 0.0222222
2 0.8875 0.0111111 0.1125 0.0222222
2 0.9125 0.0111111 0.1125 0.0222222
2 0.925 0.0222222 0.1125 0.0444444
2 0.946875 0.0222222 0.10625 0.0444444
11 0.953125 0.0222222 0.09375 0.0444444
8 0.021875 0.0222222 0.04375 0.0444444
8 0.028125 0.0222222 0.05625 0.0444444
2 0.034375 0.0333333 0.06875 0.0666667
2 0.08125 0.0333333 0.125 0.0666667
2 0.0875 0.0444444 0.1375 0.0888889
4 0.1 0.0444444 0.1125 0.0888889
4 0.1125 0.0333333 0.1125 0.0666667
2 0.125 0.0333333 0.1125 0.0666667
4 0.1625 0.0333333 0.0625 0.0666667
2 0.175 0.0333333 0.1125 0.0666667
2 0.1875 0.0444444 0.1125 0.0888889
2 0.21875 0.0444444 0.125 0.0888889
4 0.24375 0.0333333 0.175 0.0666667
8 0.2875 0.0333333 0.1375 0.0666667
32 0.959375 0.0222222 0.08125 0.0444444
8 0.028125 0.0555556 0.05625 0.0666667
4 0.028125 0.0555556 0.05625 0.0666667
2 0.034375 0.0555556 0.06875 0.0666667
4 0.065625 0.0444444 0.13125 0.0888889
4 0.06875 0.0555556 0.075 0.0666667
2 0.10625 0.0555556 0.125 0.0666667
2 0.075 0.0555556 0.1125 0.0666667
2 0.10625 0.0555556 0.075 0.0666667
2 0.1125 0.0444444 0.1125 0.0888889
2 0.1375 0.0444444 0.1125 0.0888889
4 0.175 0.0444444 0.0875 0.0888889
8 0.35 0.0666667 0.1125 0.0444444
8 0.4625 0.0555556 0.1125 0.0222222
8 0.4875 0.0555556 0.1125 0.0222222
8 0.475 0.0555556 0.1625 0.0222222
8 0.525 0.0555556 0.1125 0.0222222
8 0.55 0.0555556 0.1125 0.0222222
8 0.575 0.0555556 0.1125 0.0222222
8 0.6 0.0555556 0.1125 0.0222222
8 0.6125 0.0555556 0.1625 0.0222222
8 0.7625 0.0666667 0.1125 0.0444444
8 0.75 0.0666667 0.1625 0.0444444
8 0.78125 0.0666667 0.175 0.0444444
8 0.875 0.0666667 0.1625 0.0444444
44 0.975 0.0666667 0.0125 0.0444444
29 0.95 0.0666667 0.0875 0.0444444
10 0.95625 0.0666667 0.075 0.0444444
2 0.021875 0.0888889 0.04375 0.0888889
2 0.015625 0.0777778 0.03125 0.0666667
2 0.04375 0.0777778 0.05 0.0666667
4 0.046875 0.0666667 0.09375 0.0888889
4 0.06875 0.0777778 0.075 0.0666667
2 0.06875 0.0888889 0.125 0.0444444
2 0.08125 0.0777778 0.125 0.0666667
4 0.1 0.0666667 0.1125 0.0888889
4 0.10625 0.0777778 0.1 0.0666667
4 0.125 0.0777778 0.1125 0.0666667
2 0.1375 0.0666667 0.1125 0.0888889
4 0.1625 0.0666667 0.0625 0.0888889
4 0.19375 0.0666667 0.05 0.0888889
4 0.23125 0.0888889 0.15 0.0444444
9 0.275 0.0777778 0.1125 0.0666667
18 0.28125 0.0666667 0.125 0.0444444
14 0.3 0.0666667 0.1125 0.0444444
19 0.3125 0.0777778 0.1125 0.0222222
21 0.33125 0.0666667 0.125 0.0444444
70 0.375 0.0666667 0.1125 0.0444444
50 0.3875 0.0666667 0.0625 0.0444444
50 0.4 0.0666667 0.0625 0.0444444
70 0.4125 0.0666667 0.0625 0.0444444
21 0.425 0.0666667 0.0625 0.0444444
31 0.55625 0.0666667 0 0.0444444
31 0.56875 0.0666667 0.025 0.0444444
32 0.625 0.0666667 0.0125 0.0444444
32 0.625 0.0666667 0.0625 0.0444444
70 0.71875 0.0666667 0.05 0.0444444
11 0.825 0.0666667 0.0375 0.0444444
11 0.84375 0.0666667 0.025 0.0444444
29 0.86875 0.0666667 0.075 0.0444444
29 0.940625 0.0666667 0.11875 0.0444444
29 0.940625 0.0777778 0.11875 0.0666667
30 0.94375 0.0666667 0.1 0.0444444
30 0.95 0.0777778 0.0875 0.0666667
2 0.021875 0.1 0.04375 0.0666667
4 0.03125 0.1 0.025 0.0666667
4 0.046875 0.0888889 0.09375 0.0888889
6 0.078125 0.1 0.15625 0.0666667
2 0.084375 0.1 0.16875 0.0666667
2 0.1 0.1 0.1125 0.0666667
2 0.125 0.0777778 0.1125 0.0666667
2 0.1625 0.0888889 0.1625 0.0888889
2 0.1625 0.0888889 0.0625 0.0444444
4 0.15625 0.0777778 0.05 0.0666667
4 0.16875 0.0777778 0.075 0.0666667
2 0.2125 0.0888889 0.0875 0.0444444
8 0.2125 0.0888889 0.1125 0.0888889
12 0.21875 0.0888889 0.125 0.0888889
32 0.25625 0.0777778 0.075 0.0666667
21 0.3125 0.0888889 0.1125 0.0444444
21 0.3125 0.0888889 0.0625 0.0444444
68 0.325 0.0888889 0.0625 0.0444444
7 0.325 0.0888889 0.0625 0.0444444
9 0.3375 0.0888889 0.0625 0.0444444
70 0.41875 0.0888889 0.075 0.0444444
7 0.40625 0.0777778 0.025 0.0222222
6 0.45 0.0777778 0.0625 0.0666667
10 0.5125 0.0777778 0.0625 0.0666667
10 0.54375 0.0777778 0.025 0.0666667
6 0.55 0.0888889 0.0125 0.0444444
44 0.58125 0.0777778 0.05 0.0666667
10 0.6 0.0777778 0.0625 0.0666667
31 0.60625 0.0777778 0.05 0.0666667
21 0.68125 0.0777778 0.2 0.0666667
70 0.71875 0.0777778 0.075 0.0666667
9 0.73125 0.0777778 0.075 0.0666667
74 0.73125 0.0777778 0.1 0.0666667
8 0.75 0.0777778 0.1125 0.0666667
4 0.7625 0.0777778 0.1125 0.0666667
4 0.76875 0.0888889 0.1 0.0888889
8 0.78125 0.0777778 0.125 0.0666667
70 0.81875 0.0777778 0.175 0.0666667
8 0.86875 0.0888889 0.175 0.0888889
2 0.946875 0.0777778 0.10625 0.0666667
2 0.959375 0.0888889 0.08125 0.0888889
0 0.015625 0.111111 0.03125 0.0444444
4 0.065625 0.111111 0.13125 0.0888889
8 0.078125 0.122222 0.15625 0.0666667
2 0.084375 0.1 0.16875 0.111111
2 0.10625 0.1 0.075 0.0666667
4 0.125 0.1 0.1125 0.0666667
2 0.1625 0.0888889 0.0625 0.0888889
14 0.1625 0.1 0.0375 0.0666667
8 0.19375 0.1 0.05 0.0666667
4 0.19375 0.111111 0.025 0.0444444
2 0.225 0.1 0.0625 0.0666667
4 0.2125 0.1 0.1125 0.0666667
4 0.21875 0.111111 0.125 0.0444444
6 0.25 0.122222 0.1125 0.0666667
8 0.28125 0.111111 0.075 0.0444444
8 0.275 0.122222 0.1125 0.0666667
8 0.2875 0.111111 0.1125 0.0444444
8 0.31875 0.111111 0.075 0.0444444
8 0.3125 0.122222 0.1125 0.0666667
4 0.35 0.122222 0.1125 0.0666667
8 0.5875 0.111111 0.1125 0.0888889
30 0.60625 0.1 0.125 0.0666667
69 0.625 0.1 0.1125 0.0666667
59 0.6375 0.1 0.0875 0.0666667
55 0.65 0.1 0.1125 0.0666667
44 0.70625 0.1 0.075 0.0666667
69 0.725 0.0888889 0.0875 0.0444444
8 0.83125 0.0888889 0.175 0.0888889
8 0.825 0.0888889 0.1125 0.0888889
8 0.934375 0.0888889 0.13125 0.0888889
8 0.940625 0.1 0.11875 0.111111
2 0.946875 0.1 0.10625 0.111111
4 0.021875 0.122222 0.04375 0.0666667
8 0.015625 0.122222 0.03125 0.0666667
4 0.03125 0.122222 0.025 0.0666667
4 0.034375 0.133333 0.06875 0.0888889
4 0.071875 0.133333 0.14375 0.0888889
2 0.065625 0.133333 0.13125 0.0888889
0 0.0625 0.133333 0.1125 0.0888889
2 0.0875 0.122222 0.0375 0.0666667
2 0.11875 0.122222 0.075 0.0666667
0 0.125 0.122222 0.0625 0.0666667
0 0.14375 0.122222 0.05 0.0666667
2 0.1625 0.133333 0.0625 0.0888889
0 0.16875 0.133333 0.075 0.0888889
2 0.18125 0.133333 0.075 0.0888889
4 0.175 0.144444 0.1125 0.111111
4 0.2 0.133333 0.0625 0.0888889
4 0.21875 0.133333 0.075 0.0888889
4 0.2125 0.122222 0.1125 0.111111
4 0.24375 0.144444 0.075 0.0666667
4 0.2375 0.133333 0.1125 0.0888889
6 0.28125 0.133333 0.175 0.0888889
6 0.275 0.133333 0.1125 0.0888889
4 0.28125 0.133333 0.125 0.0888889
4 0.325 0.133333 0.0875 0.0888889
4 0.3125 0.144444 0.1125 0.0666667
4 0.35 0.122222 0.1125 0.111111
4 0.425 0.133333 0.1125 0.0888889
4 0.45 0.133333 0.1125 0.0888889
4 0.5 0.133333 0.1125 0.0888889
4 0.54375 0.144444 0.125 0.0666667
4 0.55625 0.133333 0.125 0.0888889
8 0.575 0.133333 0.1125 0.0888889
6 0.59375 0.133333 0.125 0.0888889
8 0.6125 0.155556 0.1375 0.0444444
4 0.6625 0.122222 0.1375 0.111111
44 0.69375 0.133333 0.075 0.0888889
4 0.70625 0.133333 0.1 0.0888889
4 0.725 0.133333 0.1125 0.0888889
4 0.75 0.133333 0.1125 0.0888889
5 0.8 0.122222 0.1625 0.111111
12 0.825 0.111111 0.1625 0.133333
8 0.85625 0.122222 0.075 0.0666667
8 0.89375 0.133333 0.075 0.0444444
8 0.8875 0.133333 0.1125 0.0444444
43 0.9375 0.122222 0.1125 0.0666667
8 0.946875 0.133333 0.10625 0.0888889
2 0.971875 0.133333 0.05625 0.0888889
2 0.965625 0.111111 0.06875 0.133333
19 0.9625 0.1 0.0625 0.111111
4 0.021875 0.166667 0.04375 0.0666667
0 0.015625 0.155556 0.03125 0.0444444
4 0.04375 0.155556 0.05 0.0888889
4 0.034375 0.155556 0.06875 0.0888889
8 0.053125 0.155556 0.10625 0.0888889
2 0.059375 0.155556 0.11875 0.0888889
9 0.13125 0.166667 0.125 0.0666667
8 0.125 0.155556 0.0625 0.0444444
4 0.13125 0.166667 0.075 0.0666667
2 0.14375 0.166667 0.1 0.0666667
2 0.1625 0.166667 0.1125 0.0666667
4 0.16875 0.177778 0.1 0.0444444
4 0.21875 0.177778 0.075 0.0444444
4 0.24375 0.177778 0.075 0.0444444
4 0.2375 0.177778 0.1125 0.0444444
4 0.28125 0.177778 0.075 0.0444444
4 0.275 0.166667 0.1125 0.0666667
4 0.30625 0.166667 0.075 0.0666667
4 0.325 0.166667 0.0875 0.0666667
4 0.31875 0.166667 0.125 0.0666667
4 0.34375 0.155556 0.125 0.0888889
4 0.55 0.166667 0.1125 0.0666667
8 0.55625 0.166667 0.125 0.0666667
8 0.5875 0.166667 0.1125 0.0666667
4 0.59375 0.177778 0.125 0.0444444
6 0.60625 0.177778 0.125 0.0444444
6 0.6375 0.177778 0.1125 0.0444444
8 0.64375 0.166667 0.125 0.0666667
13 0.6625 0.166667 0.1375 0.0666667
4 0.70625 0.155556 0.1 0.0444444
4 0.70625 0.166667 0.1 0.0666667
4 0.725 0.155556 0.1125 0.0444444
