8 0.046875 0.0111111 0.09375 0.0222222
8 0.44375 0.0111111 0.1 0.0222222
8 0.45625 0 0.125 0
2 0.46875 0 0.125 0
6 0.51875 0 0.125 0
4 0.5375 0.0111111 0.1125 0.0222222
22 0.55 0.0111111 0.1125 0.0222222
6 0.5625 0.0111111 0.1125 0.0222222
8 0.5875 0.0111111 0.1125 0.0222222
2 0.66875 0.0222222 0.125 0.0444444
2 0.69375 0.0222222 0.125 0.0444444
4 0.70625 0.0222222 0.125 0.0444444
11 0.76875 0.0111111 0.15 0.0222222
11 0.79375 0.0222222 0.125 0.0444444
6 0.81875 0.0222222 0.125 0.0444444
6 0.8375 0.0111111 0.1125 0.0222222
6 0.040625 0.0111111 0.08125 0.0222222
2 0.0625 0.0222222 0.1125 0.0444444
21 0.075 0.0333333 0.1125 0.0666667
21 0.3 0.0111111 0.1125 0.0222222
21 0.325 0.0111111 0.1125 0.0222222
11 0.36875 0.0333333 0.175 0.0666667
21 0.4 0.0222222 0.0875 0.0444444
16 0.4125 0.0333333 0.0875 0.0666667
21 0.45 0.0333333 0.1375 0.0666667
11 0.45 0.0111111 0.1125 0.0222222
22 0.5375 0.0111111 0.1125 0.0222222
22 0.5625 0.0111111 0.1125 0.0222222
11 0.73125 0.0222222 0.15 0.0444444
22 0.80625 0.0222222 0.125 0.0444444
19 0.825 0.0222222 0.1125 0.0444444
9 0.875 0.0222222 0.1125 0.0444444
9 0.9 0.0222222 0.1125 0.0444444
10 0.39375 0.0333333 0.1 0.0666667
10 0.4 0.0333333 0.1125 0.0666667
16 0.43125 0.0333333 0.15 0.0666667
8 0.5 0.0333333 0.1625 0.0666667
21 0.5125 0.0333333 0.1625 0.0666667
10 0.55625 0.0222222 0.075 0.0444444
8 0.59375 0.0222222 0.125 0.0444444
14 0.5875 0.0222222 0.0625 0.0444444
21 0.6 0.0222222 0.0625 0.0444444
12 0.6 0.0222222 0.0875 0.0444444
9 0.60625 0.0222222 0.1 0.0444444
12 0.25 0.0666667 0.1375 0.0444444
31 0.45625 0.0444444 0.125 0.0888889
12 0.5375 0.0444444 0.0125 0.0444444
12 0.58125 0.0555556 0.075 0.0666667
12 0.59375 0.0333333 0.075 0.0666667
9 0.60625 0.0333333 0.1 0.0666667
12 0.69375 0.0333333 0.025 0.0666667
31 0.725 0.0444444 0.1125 0.0444444
11 0.7375 0.0444444 0.0875 0.0444444
11 0.8 0.0333333 0.0125 0.0666667
9 0.83125 0.0333333 0.025 0.0666667
9 0.8375 0.0333333 0.0125 0.0666667
8 0.875 0.0333333 0.0625 0.0666667
8 0.88125 0.0444444 0.075 0.0444444
21 0.91875 0.0333333 0.075 0.0666667
12 0.93125 0.0333333 0.075 0.0666667
12 0.95625 0.0333333 0.075 0.0666667
44 0.028125 0.0777778 0.05625 0.0666667
4 0.046875 0.0777778 0.09375 0.0666667
2 0.0875 0.0777778 0.1125 0.0666667
66 0.1 0.0777778 0.1125 0.0666667
70 0.1375 0.0777778 0.1125 0.0666667
2 0.14375 0.0777778 0.125 0.0666667
70 0.175 0.0777778 0.1125 0.0666667
2 0.2125 0.0777778 0.1625 0.0666667
2 0.3875 0.0777778 0.1625 0.0666667
12 0.39375 0.0777778 0.175 0.0666667
39 0.40625 0.0777778 0.175 0.0666667
44 0.4375 0.0888889 0.1625 0.0444444
12 0.83125 0.0555556 0.025 0.0666667
12 0.8375 0.0555556 0.0375 0.0666667
12 0.85 0.0666667 0.0125 0.0444444
10 0.86875 0.0666667 0.025 0.0444444
10 0.88125 0.0666667 0.025 0.0444444
10 0.89375 0.0666667 0 0.0444444
10 0.90625 0.0666667 0 0.0444444
12 0.91875 0.0666667 0 0.0444444
12 0.93125 0.0666667 0 0.0444444
26 0.94375 0.0666667 0.025 0.0444444
10 0.95625 0.0666667 0.025 0.0444444
12 0.95625 0.0555556 0.025 0.0666667
2 0.96875 0.0555556 0.05 0.0666667
2 0.9625 0.0777778 0.0625 0.111111
2 0.028125 0.0777778 0.05625 0.0666667
2 0.034375 0.0888889 0.06875 0.0444444
4 0.13125 0.0777778 0.1 0.0666667
4 0.15625 0.0777778 0.125 0.0666667
4 0.2 0.0777778 0.0625 0.0666667
2 0.18125 0.0777778 0.1 0.0666667
2 0.1875 0.0888889 0.0875 0.0444444
4 0.26875 0.0888889 0.1 0.0444444
4 0.2875 0.0777778 0.1125 0.0666667
44 0.30625 0.0777778 0.125 0.0666667
39 0.35 0.0777778 0.0875 0.0666667
39 0.3625 0.0777778 0.0375 0.0666667
39 0.39375 0.0888889 0.125 0.0444444
44 0.40625 0.0888889 0.125 0.0444444
8 0.48125 0.0888889 0.175 0.0888889
4 0.5625 0.0888889 0.1125 0.0444444
43 0.5875 0.0888889 0.1125 0.0444444
13 0.6875 0.0777778 0.1125 0.0666667
13 0.7 0.0888889 0.1125 0.0444444
9 0.94375 0.1 0.075 0.111111
12 0.95625 0.0777778 0.05 0.0666667
10 0.96875 0.0666667 0.05 0.0888889
4 0.5875 0.0888889 0.1125 0.0444444
2 0.6 0.0888889 0.1125 0.0444444
5 0.60625 0.1 0.125 0.0666667
0 0.925 0.1 0.1125 0.111111
7 0.028125 0.144444 0.05625 0.0666667
9 0.015625 0.144444 0.03125 0.0666667
7 0.05625 0.133333 0.075 0.0444444
13 0.0625 0.122222 0.0875 0.0666667
4 0.06875 0.133333 0.1 0.0888889
2 0.06875 0.122222 0.125 0.0666667
4 0.08125 0.122222 0.125 0.0666667
2 0.30625 0.133333 0.125 0.0888889
4 0.34375 0.122222 0.075 0.0666667
68 0.35625 0.133333 0.075 0.0444444
43 0.40625 0.133333 0.125 0.0444444
39 0.54375 0.155556 0.125 0.0444444
39 0.55 0.133333 0.1125 0.0444444
5 0.59375 0.122222 0.075 0.0666667
2 0.6 0.1 0.0875 0.0666667
5 0.625 0.111111 0.0625 0.0444444
4 0.63125 0.122222 0.075 0.0666667
4 0.625 0.111111 0.1125 0.0888889
43 0.6625 0.111111 0.1125 0.0888889
5 0.6625 0.111111 0.1125 0.0888889
5 0.7 0.111111 0.1625 0.0888889
6 0.69375 0.1 0.1 0.0666667
5 0.73125 0.1 0.1 0.0666667
2 0.7375 0.1 0.0875 0.111111
5 0.75625 0.111111 0.1 0.0888889
13 0.06875 0.133333 0.1 0.0888889
5 0.06875 0.133333 0.125 0.0888889
68 0.33125 0.144444 0.075 0.0666667
39 0.38125 0.144444 0.075 0.0666667
43 0.44375 0.133333 0.05 0.0444444
68 0.575 0.144444 0.1125 0.0666667
43 0.6 0.144444 0.0875 0.0666667
4 0.6125 0.155556 0.1125 0.0888889
4 0.625 0.144444 0.1125 0.0666667
5 0.68125 0.133333 0.15 0.0888889
32 0.76875 0.155556 0.05 0.0444444
30 0.9375 0.166667 0.0375 0.0222222
13 0.075 0.166667 0.1125 0.0666667
43 0.15 0.177778 0.1125 0.0444444
13 0.31875 0.166667 0.125 0.0666667
68 0.3625 0.166667 0.0875 0.0666667
70 0.36875 0.166667 0.1 0.0666667
4 0.4125 0.177778 0.1375 0.0888889
70 0.3875 0.166667 0.0875 0.0666667
2 0.38125 0.166667 0.075 0.0666667
12 0.425 0.177778 0.1375 0.0888889
4 0.63125 0.166667 0.075 0.0666667
4 0.6125 0.188889 0.1125 0.0666667
4 0.64375 0.188889 0.075 0.0666667
4 0.64375 0.188889 0.125 0.0666667
7 0.7625 0.166667 0.0375 0.0666667
7 0.75625 0.177778 0.025 0.0444444
70 0.7625 0.177778 0.0375 0.0444444
32 0.7625 0.166667 0.0625 0.0666667
2 0.7875 0.177778 0.1375 0.0888889
2 0.81875 0.188889 0.125 0.0666667
32 0.90625 0.177778 0.1 0.0444444
12 0.94375 0.166667 0.075 0.0222222
10 0.95625 0.166667 0.075 0.0222222
70 0.4125 0.166667 0.1375 0.0666667
21 0.39375 0.177778 0.05 0.0444444
4 0.43125 0.188889 0.075 0.0666667
8 0.45 0.188889 0.0625 0.0666667
43 0.55625 0.188889 0.175 0.0666667
13 0.5875 0.188889 0.0875 0.0666667
43 0.575 0.188889 0.1125 0.0666667
43 0.5875 0.2 0.1125 0.0888889
4 0.60625 0.2 0.1 0.0444444
8 0.6875 0.2 0.1125 0.0444444
2 0.76875 0.2 0.05 0.0444444
7 0.75 0.188889 0.0125 0.0222222
2 0.7625 0.188889 0.0375 0.0222222
32 0.75 0.188889 0.0875 0.0222222
70 0.91875 0.2 0.1 0.0888889
7 0.91875 0.2 0.15 0.0888889
3 0.95 0.2 0.0875 0.133333
11 0.95 0.188889 0.0375 0.0666667
12 0.06875 0.211111 0.1 0.0666667
11 0.075 0.2 0.1125 0.0888889
69 0.2375 0.2 0.0875 0.0888889
69 0.34375 0.188889 0.1 0.111111
9 0.36875 0.188889 0.1 0.111111
8 0.4375 0.2 0.0625 0.0444444
74 0.43125 0.211111 0.05 0.0666667
43 0.5 0.211111 0.1125 0.0666667
43 0.51875 0.211111 0.1 0.0666667
4 0.625 0.211111 0.0625 0.0666667
4 0.6125 0.211111 0.1125 0.0666667
4 0.65 0.211111 0.0625 0.0666667
4 0.6375 0.211111 0.1125 0.0666667
4 0.66875 0.211111 0.175 0.0666667
32 0.725 0.211111 0.1375 0.0666667
0 0.75 0.222222 0.0625 0.0444444
2 0.74375 0.222222 0.075 0.0444444
44 0.7375 0.222222 0.0875 0.0444444
32 0.75 0.222222 0.0875 0.0444444
32 0.8875 0.2 0.1125 0.0888889
32 0.8875 0.2 0.1625 0.0888889
22 0.934375 0.211111 0.13125 0.111111
11 0.95 0.222222 0.0625 0.0444444
12 0.9625 0.211111 0.0625 0.111111
69 0.25 0.233333 0.1125 0.0666667
69 0.28125 0.2 0.15 0.133333
69 0.35625 0.233333 0.125 0.0666667
69 0.3625 0.2 0.1125 0.133333
8 0.36875 0.2 0.1 0.133333
8 0.4125 0.233333 0.0625 0.0666667
39 0.5 0.233333 0.1125 0.0666667
69 0.51875 0.233333 0.1 0.0666667
8 0.6 0.244444 0.1125 0.0444444
8 0.6125 0.233333 0.1125 0.0666667
2 0.725 0.244444 0.1125 0.0444444
2 0.73125 0.244444 0.075 0.0444444
2 0.75 0.244444 0.0875 0.0444444
32 0.7875 0.244444 0.0375 0.0444444
32 0.81875 0.244444 0.075 0.0444444
2 0.95625 0.266667 0.05 0.0444444
11 0.959375 0.255556 0.08125 0.0666667
32 0.015625 0.255556 0.03125 0.0666667
44 0.18125 0.266667 0.075 0.0444444
69 0.2375 0.255556 0.1125 0.0666667
69 0.28125 0.266667 0.15 0.0444444
44 0.28125 0.255556 0.125 0.0666667
44 0.3125 0.266667 0.1125 0.0444444
44 0.4 0.255556 0.0375 0.0666667
8 0.40625 0.255556 0.05 0.0666667
8 0.425 0.255556 0.0875 0.0666667
8 0.6 0.266667 0.1125 0.0444444
8 0.63125 0.266667 0.125 0.0444444
7 0.73125 0.266667 0.075 0.0444444
12 0.86875 0.277778 0.025 0.0666667
3 0.86875 0.266667 0.025 0.0444444
3 0.8875 0.266667 0.0375 0.0444444
2 0.89375 0.266667 0.025 0.0444444
7 0.95 0.277778 0.0625 0.0666667
3 0.95 0.277778 0.0625 0.0666667
44 0.1625 0.288889 0.1125 0.0444444
44 0.28125 0.288889 0.125 0.0444444
44 0.3125 0.288889 0.1125 0.0444444
9 0.3875 0.277778 0.0125 0.0666667
12 0.39375 0.277778 0.025 0.0666667
12 0.39375 0.288889 0.025 0.0444444
8 0.425 0.288889 0.0875 0.0444444
31 0.4 0.288889 0.1375 0.0444444
6 0.6625 0.277778 0.1125 0.0666667
0 0.76875 0.288889 0.05 0.0444444
12 0.84375 0.277778 0.05 0.0666667
12 0.8625 0.277778 0.0375 0.0666667
3 0.875 0.277778 0.0375 0.0666667
12 0.8875 0.288889 0.0375 0.0888889
12 0.91875 0.277778 0.075 0.0666667
11 0.91875 0.288889 0.075 0.0888889
11 0.959375 0.277778 0.08125 0.0666667
8 0.95 0.288889 0.0625 0.0888889
4 0.975 0.277778 0.0125 0.0666667
9 0.95625 0.3 0.075 0.0666667
68 0.10625 0.3 0.1 0.0666667
43 0.10625 0.3 0.075 0.0666667
4 0.2 0.311111 0.1125 0.0444444
2 0.20625 0.3 0.1 0.0666667
2 0.225 0.3 0.0875 0.0666667
2 0.23125 0.311111 0.075 0.0444444
3 0.2375 0.311111 0.0625 0.0444444
3 0.275 0.3 0.1125 0.0666667
44 0.28125 0.311111 0.125 0.0444444
8 0.3375 0.3 0.1625 0.0666667
11 0.40625 0.311111 0.125 0.0444444
31 0.40625 0.311111 0.125 0.0444444
44 0.44375 0.3 0.025 0.0666667
44 0.5 0.3 0.1375 0.0666667
44 0.525 0.3 0.1375 0.0666667
44 0.55625 0.3 0.175 0.0666667
44 0.575 0.3 0.0625 0.0666667
4 0.56875 0.3 0.1 0.0666667
4 0.6 0.3 0.0625 0.0666667
4 0.6125 0.3 0.0625 0.0666667
4 0.625 0.311111 0.0625 0.0444444
4 0.60625 0.3 0.1 0.0666667
2 0.60625 0.3 0.1 0.0666667
13 0.6625 0.3 0.1125 0.0666667
12 0.84375 0.3 0.075 0.0666667
4 0.94375 0.3 0.075 0.0666667
12 0.95625 0.311111 0.075 0.0888889
58 0.08125 0.322222 0.075 0.0666667
2 0.10625 0.322222 0.1 0.0666667
9 0.14375 0.322222 0.125 0.0666667
9 0.2625 0.322222 0.1125 0.0666667
