4 0.06875 0.0111111 0.1 0.0222222
29 0.08125 0.0111111 0.125 0.0222222
52 0.09375 0.0222222 0.125 0.0444444
3 0.103125 0.0222222 0.20625 0.0444444
3 0.125 0 0.1875 0
10 0.16875 0.0222222 0.125 0.0444444
53 0.1625 0.0111111 0.0625 0.0222222
4 0.1625 0.0111111 0.0625 0.0222222
10 0.15 0.0111111 0.0875 0.0222222
11 0.19375 0.0333333 0.2 0.0666667
55 0.2375 0.0222222 0.1375 0.0444444
3 0.18125 0.0222222 0.175 0.0444444
3 0.25625 0 0.025 0
3 0.275 0 0.0375 0
3 0.3 0.0111111 0.1375 0.0222222
47 0.275 0 0.0625 0
3 0.2875 0 0.0625 0
10 0.3 0.0222222 0.1875 0.0444444
10 0.3375 0 0.0375 0
10 0.36875 0 0.05 0
10 0.3875 0.0222222 0.1125 0.0444444
5 0.3875 0.0222222 0.1375 0.0444444
6 0.39375 0.0222222 0.175 0.0444444
48 0.36875 0 0.1 0
7 0.4125 0.0111111 0.0125 0.0222222
7 0.3875 0.0111111 0.0875 0.0222222
35 0.4 0.0111111 0.0875 0.0222222
26 0.43125 0.0111111 0.1 0.0222222
3 0.45 0 0.1875 0
3 0.525 0 0.0875 0
3 0.525 0 0.1125 0
3 0.55 0 0.0875 0
10 0.55625 0.0222222 0.125 0.0444444
10 0.5625 0.0222222 0.1875 0.0444444
10 0.58125 0 0.025 0
10 0.59375 0.0222222 0.05 0.0444444
29 0.73125 0.0222222 0.175 0.0444444
4 0.725 0.0111111 0.1375 0.0222222
53 0.80625 0.0111111 0.15 0.0222222
53 0.8 0 0.1875 0
11 0.8 0 0.1875 0
6 0.79375 0.0222222 0.175 0.0444444
4 0.85 0.0111111 0.0875 0.0222222
53 0.85625 0.0111111 0.075 0.0222222
6 0.8875 0.0222222 0.1625 0.0444444
10 0.959375 0.0222222 0.08125 0.0444444
10 0.028125 0.0111111 0.05625 0.0222222
9 0.034375 0.0111111 0.06875 0.0222222
5 0.034375 0.0222222 0.06875 0.0444444
6 0.046875 0.0222222 0.09375 0.0444444
4 0.075 0.0222222 0.1125 0.0444444
4 0.2 0.0333333 0.0875 0.0666667
53 0.35 0.0222222 0.0875 0.0444444
7 0.3625 0.0222222 0.0875 0.0444444
7 0.40625 0.0222222 0.025 0.0444444
2 0.41875 0.0222222 0.025 0.0444444
10 0.55 0.0222222 0.0875 0.0444444
10 0.56875 0.0222222 0.075 0.0444444
10 0.58125 0.0333333 0.075 0.0666667
2 0.59375 0.0333333 0.075 0.0666667
10 0.6 0.0333333 0.0875 0.0666667
2 0.61875 0.0333333 0.1 0.0666667
2 0.63125 0.0333333 0.1 0.0666667
74 0.65 0.0222222 0.0875 0.0444444
29 0.7125 0.0111111 0.1375 0.0222222
4 0.75625 0.0111111 0.05 0.0222222
11 0.78125 0.0111111 0.2 0.0222222
10 0.83125 0.0111111 0.05 0.0222222
19 0.84375 0.0222222 0.075 0.0444444
6 0.85 0.0111111 0.0625 0.0222222
4 0.86875 0.0111111 0.05 0.0222222
4 0.8875 0.0222222 0.1625 0.0444444
6 0.0625 0.0222222 0.0875 0.0444444
6 0.08125 0.0444444 0.15 0.0888889
2 0.09375 0.0555556 0.125 0.0666667
2 0.125 0.0444444 0.0875 0.0444444
5 0.125 0.0555556 0.0875 0.0666667
4 0.1375 0.0444444 0.0875 0.0888889
2 0.14375 0.0444444 0.1 0.0888889
4 0.1875 0.0555556 0.0375 0.0666667
19 0.1875 0.0555556 0.0625 0.0666667
2 0.2125 0.0444444 0.1875 0.0444444
5 0.24375 0.0555556 0.05 0.0666667
5 0.225 0.0555556 0.0875 0.0666667
5 0.30625 0.0444444 0.15 0.0444444
4 0.34375 0.0444444 0.1 0.0444444
2 0.35 0.0222222 0.0875 0.0444444
2 0.4125 0.0111111 0.0125 0.0222222
2 0.425 0.0222222 0.0125 0.0444444
2 0.425 0.0333333 0.0375 0.0222222
5 0.4125 0.0444444 0.0625 0.0444444
6 0.48125 0.0444444 0.175 0.0444444
6 0.50625 0.0555556 0.175 0.0666667
6 0.48125 0.0555556 0.1 0.0666667
6 0.55625 0.0555556 0.1 0.0666667
2 0.81875 0.0222222 0.2 0.0444444
6 0.8125 0.0222222 0.1625 0.0444444
2 0.8875 0.0444444 0.1625 0.0888889
8 0.03125 0.0444444 0.025 0.0444444
2 0.06875 0.0555556 0.125 0.0666667
4 0.078125 0.0555556 0.15625 0.0666667
2 0.11875 0.0555556 0.075 0.0666667
2 0.125 0.0555556 0.0875 0.111111
4 0.15 0.0555556 0.0875 0.111111
4 0.18125 0.0666667 0.025 0.0888889
5 0.2125 0.0666667 0.0375 0.0444444
6 0.225 0.0666667 0.0875 0.0888889
2 0.30625 0.0444444 0.175 0.0444444
2 0.3375 0.0555556 0.1125 0.0666667
2 0.35 0.0444444 0.0875 0.0444444
19 0.4125 0.0444444 0.0125 0.0444444
7 0.425 0.0555556 0.0125 0.0222222
7 0.4125 0.0555556 0.0375 0.0222222
7 0.41875 0.0555556 0.075 0.0666667
7 0.46875 0.0555556 0.175 0.0666667
6 0.44375 0.0444444 0.1 0.0444444
5 0.4625 0.0555556 0.0875 0.0666667
6 0.475 0.0666667 0.0875 0.0888889
6 0.5 0.0666667 0.0875 0.0888889
6 0.525 0.0666667 0.0875 0.0888889
6 0.5625 0.0666667 0.0875 0.0888889
22 0.83125 0.0555556 0.175 0.0222222
22 0.875 0.0555556 0.1125 0.0222222
2 0.84375 0.0555556 0.1 0.0666667
2 0.86875 0.0555556 0.175 0.0666667
2 0.88125 0.0444444 0.175 0.0444444
2 0.903125 0.0444444 0.19375 0.0444444
2 0.90625 0.0555556 0.15 0.0666667
8 0.9375 0.0444444 0.0875 0.0444444
7 0.9375 0.0444444 0.0875 0.0444444
4 0.028125 0.0777778 0.05625 0.111111
4 0.028125 0.0666667 0.05625 0.0888889
9 0.040625 0.0666667 0.08125 0.0444444
2 0.065625 0.0666667 0.13125 0.0444444
2 0.10625 0.0777778 0.075 0.0666667
5 0.09375 0.0666667 0.1 0.0444444
5 0.125 0.0666667 0.0625 0.0444444
6 0.125 0.0555556 0.0875 0.111111
2 0.15 0.0666667 0.0875 0.133333
4 0.1875 0.0888889 0.0375 0.0888889
2 0.2 0.0777778 0.0625 0.0666667
5 0.2375 0.0888889 0.0125 0.0888889
7 0.33125 0.0555556 0.075 0.0666667
19 0.4125 0.0777778 0.0125 0.0222222
2 0.41875 0.0777778 0.025 0.0222222
19 0.4375 0.0777778 0.0125 0.0222222
6 0.44375 0.0777778 0.025 0.0222222
6 0.45 0.0777778 0.0125 0.0222222
6 0.44375 0.0777778 0.075 0.0222222
6 0.79375 0.0888889 0.175 0.0888889
4 0.81875 0.0666667 0.175 0.0444444
4 0.825 0.0777778 0.0125 0.0222222
2 0.83125 0.0666667 0.1 0.0444444
2 0.903125 0.0777778 0.19375 0.0666667
2 0.91875 0.0666667 0.15 0.0444444
7 0.94375 0.0555556 0.075 0.0666667
29 0.95 0.0555556 0.0875 0.0666667
4 0.053125 0.1 0.10625 0.111111
4 0.028125 0.1 0.05625 0.111111
0 0.028125 0.1 0.05625 0.0666667
8 0.028125 0.0666667 0.05625 0.0888889
2 0.08125 0.0777778 0 0.0666667
2 0.1375 0.0777778 0.1125 0.0666667
8 0.1125 0.1 0.1625 0.0666667
5 0.1125 0.1 0.0375 0.0222222
2 0.13125 0.0666667 0.075 0.133333
4 0.1375 0.1 0.0875 0.111111
7 0.19375 0.0888889 0.025 0.0888889
7 0.19375 0.122222 0.05 0.0666667
2 0.225 0.1 0.0125 0.0222222
6 0.2375 0.111111 0.0125 0.0444444
2 0.33125 0.1 0.025 0.0222222
2 0.34375 0.1 0.025 0.0222222
6 0.325 0.111111 0.0625 0.0444444
6 0.325 0.1 0.0875 0.0222222
6 0.34375 0.1 0.1 0.0222222
6 0.35 0.0888889 0.0875 0.0888889
7 0.3625 0.0888889 0.0875 0.0444444
2 0.3875 0.1 0.1125 0.0222222
2 0.40625 0.0888889 0.1 0.0444444
6 0.45 0.1 0.0125 0.0222222
6 0.475 0.1 0.0375 0.0222222
2 0.4625 0.111111 0.0875 0.0444444
6 0.49375 0.111111 0.175 0.0444444
6 0.475 0.111111 0.1125 0.0444444
6 0.4875 0.111111 0.0875 0.0888889
6 0.8625 0.1 0.2625 0.0222222
6 0.825 0.1 0.0125 0.0222222
2 0.81875 0.0888889 0.075 0.0444444
6 0.85 0.0777778 0.0875 0.0666667
2 0.953125 0.0888889 0.09375 0.0444444
5 0.90625 0.0888889 0.15 0.0444444
2 0.95625 0.1 0.075 0.0666667
2 0.928125 0.0888889 0.14375 0.0444444
4 0.028125 0.122222 0.05625 0.111111
0 0.03125 0.1 0.025 0.0666667
8 0.021875 0.0888889 0.04375 0.0888889
2 0.05625 0.122222 0.1 0.0666667
2 0.1125 0.122222 0.0625 0.0666667
5 0.11875 0.122222 0.025 0.0666667
6 0.1125 0.111111 0.0375 0.0444444
6 0.13125 0.111111 0.075 0.133333
4 0.13125 0.0888889 0.075 0.0888889
6 0.125 0.1 0.1125 0.0666667
4 0.15 0.122222 0.0875 0.111111
2 0.15 0.111111 0.0875 0.133333
10 0.19375 0.122222 0.025 0.0666667
4 0.225 0.111111 0.0375 0.0444444
6 0.23125 0.122222 0.025 0.0222222
6 0.24375 0.133333 0.05 0.0444444
4 0.31875 0.1 0.175 0.0666667
2 0.3375 0.111111 0.0375 0.0444444
2 0.325 0.111111 0.0625 0.0444444
2 0.34375 0.122222 0.1 0.0666667
2 0.3625 0.122222 0.1625 0.0666667
2 0.4 0.111111 0.1875 0.0888889
2 0.41875 0.122222 0.175 0.0666667
6 0.4 0.122222 0.1125 0.0222222
5 0.43125 0.133333 0.125 0.0444444
6 0.44375 0.133333 0.125 0.0444444
6 0.4875 0.133333 0.1625 0.0444444
6 0.50625 0.144444 0.175 0.0666667
6 0.53125 0.133333 0.175 0.0888889
6 0.75625 0.133333 0.125 0.0888889
6 0.80625 0.111111 0.175 0.0444444
2 0.8625 0.111111 0.2625 0.0444444
2 0.79375 0.122222 0.1 0.0222222
19 0.81875 0.122222 0.05 0.0222222
2 0.81875 0.133333 0.075 0.0444444
5 0.825 0.133333 0.0875 0.0888889
2 0.925 0.111111 0.0375 0.0444444
5 0.93125 0.111111 0.075 0.0444444
5 0.93125 0.133333 0.1 0.0888889
2 0.95 0.122222 0.0875 0.0666667
5 0.953125 0.122222 0.09375 0.0666667
4 0.028125 0.144444 0.05625 0.111111
0 0.021875 0.122222 0.04375 0.0666667
8 0.025 0.111111 0.0375 0.0888889
11 0.0625 0.133333 0.0375 0.0888889
19 0.1125 0.133333 0.0625 0.0444444
10 0.125 0.144444 0.0375 0.0666667
6 0.1125 0.144444 0.0375 0.0666667
6 0.11875 0.155556 0.075 0.0444444
6 0.1375 0.155556 0.1125 0.0444444
7 0.20625 0.144444 0.1 0.0222222
6 0.3375 0.144444 0.0375 0.0222222
6 0.34375 0.155556 0.1 0.0444444
6 0.36875 0.155556 0.125 0.0444444
6 0.39375 0.155556 0.125 0.0444444
6 0.41875 0.155556 0.125 0.0444444
6 0.44375 0.155556 0.125 0.0444444
6 0.75625 0.155556 0.125 0.0888889
6 0.80625 0.133333 0.175 0.0444444
2 0.79375 0.133333 0.125 0.0444444
5 0.83125 0.133333 0.025 0.0444444
5 0.81875 0.144444 0.05 0.0222222
2 0.8375 0.166667 0.0875 0.0666667
7 0.83125 0.166667 0.1 0.0666667
4 0.903125 0.122222 0.19375 0.111111
6 0.93125 0.133333 0.05 0.0444444
6 0.93125 0.155556 0.075 0.0888889
5 0.95 0.133333 0.0625 0.0444444
6 0.028125 0.166667 0.05625 0.111111
0 0.025 0.144444 0.0375 0.0666667
10 0.071875 0.166667 0.14375 0.111111
5 0.1125 0.155556 0.0625 0.0888889
6 0.11875 0.155556 0.05 0.0888889
6 0.1125 0.166667 0.0625 0.111111
6 0.31875 0.166667 0.175 0.0666667
6 0.3375 0.166667 0.1125 0.0666667
6 0.36875 0.177778 0.175 0.0888889
4 0.4 0.177778 0.1875 0.0888889
4 0.41875 0.155556 0.175 0.0444444
4 0.425 0.166667 0.1625 0.0666667
6 0.44375 0.166667 0.175 0.0666667
4 0.79375 0.155556 0.125 0.0444444
6 0.80625 0.166667 0.125 0.0222222
5 0.83125 0.177778 0.1 0.0444444
6 0.8375 0.188889 0.1125 0.0666667
4 0.903125 0.144444 0.19375 0.111111
5 0.8875 0.166667 0.1625 0.0666667
2 0.89375 0.166667 0.15 0.0666667
5 0.94375 0.166667 0.075 0.0666667
4 0.94375 0.166667 0.075 0.0666667
5 0.94375 0.155556 0.075 0.0444444
6 0.94375 0.144444 0.075 0.111111
8 0.025 0.166667 0.0375 0.0666667
6 0.071875 0.166667 0.14375 0.111111
5 0.1 0.166667 0.0875 0.111111
10 0.13125 0.166667 0.1 0.111111
6 0.225 0.188889 0.1625 0.0666667
6 0.2 0.188889 0.1125 0.0666667
6 0.36875 0.188889 0.1 0.0666667
6 0.3375 0.188889 0.1125 0.0666667
6 0.40625 0.188889 0.175 0.0666667
4 0.41875 0.188889 0.175 0.0666667
6 0.44375 0.177778 0.175 0.0444444
6 0.71875 0.177778 0.175 0.0444444
6 0.75625 0.177778 0.125 0.0888889
2 0.79375 0.188889 0.125 0.0666667
