43 0.1625 0.0111111 0.1875 0.0222222
43 0.21875 0.0222222 0.2 0.0444444
43 0.23125 0.0111111 0.2 0.0222222
43 0.26875 0.0111111 0.2 0.0222222
42 0.30625 0.0111111 0.2 0.0222222
44 0.31875 0.0111111 0.2 0.0222222
43 0.35625 0.0111111 0.2 0.0222222
25 0.38125 0.0111111 0.2 0.0222222
29 0.40625 0.0222222 0.2 0.0444444
43 0.41875 0.0222222 0.2 0.0444444
11 0.86875 0.0111111 0.2 0.0222222
11 0.903125 0.0111111 0.19375 0.0222222
65 0.915625 0.0222222 0.16875 0.0444444
43 0.928125 0.0222222 0.14375 0.0444444
11 0.934375 0.0222222 0.13125 0.0444444
11 0.946875 0.0111111 0.10625 0.0222222
44 0.071875 0.0222222 0.14375 0.0444444
11 0.35625 0.0222222 0.2 0.0444444
25 0.36875 0.0222222 0.2 0.0444444
11 0.48125 0.0111111 0.175 0.0222222
11 0.49375 0.0222222 0.175 0.0444444
11 0.53125 0.0222222 0.15 0.0444444
11 0.6 0.0222222 0.1875 0.0444444
11 0.6375 0.0222222 0.2125 0.0444444
11 0.8125 0.0222222 0.1625 0.0444444
11 0.84375 0.0222222 0.15 0.0444444
11 0.88125 0.0222222 0.175 0.0444444
6 0.91875 0.0222222 0.15 0.0444444
5 0.934375 0.0222222 0.13125 0.0444444
2 0.953125 0.0222222 0.09375 0.0444444
49 0.984375 0.0222222 0.03125 0.0444444
22 0.1375 0.0333333 0.1375 0.0666667
60 0.15 0.0333333 0.1375 0.0666667
60 0.1875 0.0333333 0.1375 0.0666667
65 0.4125 0.0444444 0.0875 0.0444444
65 0.4375 0.0333333 0.1375 0.0666667
21 0.984375 0.0333333 0.03125 0.0222222
47 0.059375 0.0333333 0.11875 0.0666667
51 0.3625 0.0666667 0.1625 0.0444444
19 0.36875 0.0555556 0.125 0.0666667
17 0.3625 0.0444444 0.1625 0.0888889
19 0.375 0.0444444 0.1625 0.0888889
11 0.46875 0.0555556 0.15 0.0666667
20 0.825 0.0333333 0.1125 0.0666667
17 0.86875 0.0444444 0.1 0.0444444
17 0.85625 0.0333333 0.05 0.0222222
17 0.875 0.0333333 0.0625 0.0222222
17 0.8875 0.0444444 0.0625 0.0444444
17 0.9 0.0444444 0.0625 0.0444444
14 0.9125 0.0444444 0.0625 0.0444444
14 0.925 0.0444444 0.0625 0.0444444
14 0.94375 0.0444444 0.075 0.0444444
17 0.95625 0.0444444 0.075 0.0444444
44 0.990625 0.0444444 0.01875 0.0444444
47 0.35 0.0666667 0.1625 0.0444444
21 0.3625 0.0666667 0.1625 0.0888889
19 0.35625 0.0666667 0.2 0.0888889
17 0.38125 0.0666667 0.2 0.0888889
17 0.38125 0.0555556 0.15 0.0666667
14 0.43125 0.0555556 0.075 0.0666667
17 0.7375 0.0666667 0.1375 0.0444444
21 0.8875 0.0555556 0.0875 0.0666667
17 0.90625 0.0555556 0.075 0.0666667
17 0.925 0.0555556 0.0625 0.0666667
9 0.9375 0.0444444 0.0625 0.0444444
6 0.9125 0.0555556 0.1625 0.0666667
46 0.990625 0.0666667 0.01875 0.0444444
21 0.325 0.0777778 0.2125 0.0666667
47 0.3625 0.0888889 0.1625 0.0888889
47 0.3375 0.1 0.1625 0.0666667
25 0.38125 0.0888889 0.2 0.0888889
25 0.4 0.0777778 0.1125 0.0666667
16 0.4125 0.0777778 0.1125 0.0666667
6 0.75 0.0888889 0.1125 0.0444444
21 0.7375 0.0777778 0.1375 0.0666667
21 0.7875 0.0777778 0.1625 0.0666667
21 0.85625 0.0777778 0.2 0.0666667
47 0.9 0.0666667 0.1375 0.0444444
21 0.9125 0.0666667 0.1625 0.0888889
6 0.928125 0.0666667 0.14375 0.0888889
25 0.9875 0.1 0.0125 0.0222222
21 0.3625 0.122222 0.1375 0.0222222
47 0.36875 0.122222 0.15 0.0222222
21 0.425 0.1 0.1625 0.0666667
11 0.41875 0.1 0.2 0.0666667
46 0.13125 0.122222 0.2 0.0666667
49 0.19375 0.122222 0.15 0.0666667
21 0.2 0.133333 0.1875 0.0444444
51 0.25 0.133333 0.0625 0.0444444
21 0.26875 0.122222 0.075 0.0666667
21 0.33125 0.122222 0.2 0.0666667
21 0.34375 0.155556 0.2 0.0888889
50 0.35625 0.144444 0.2 0.111111
43 0.425 0.155556 0.1625 0.0444444
6 0.5125 0.144444 0.1625 0.0666667
6 0.54375 0.155556 0.2 0.0444444
65 0.55625 0.155556 0.2 0.0444444
43 0.675 0.144444 0.1875 0.0666667
43 0.68125 0.133333 0.15 0.0444444
43 0.953125 0.144444 0.09375 0.0666667
43 0.26875 0.144444 0.075 0.111111
43 0.4125 0.166667 0.1625 0.0666667
50 0.425 0.155556 0.1875 0.0444444
12 0.53125 0.155556 0.2 0.0888889
6 0.54375 0.155556 0.2 0.0888889
9 0.55625 0.155556 0.2 0.0444444
9 0.58125 0.144444 0.2 0.0666667
9 0.625 0.144444 0.1625 0.0666667
9 0.675 0.144444 0.1125 0.0666667
34 0.7125 0.144444 0.1125 0.0666667
21 0.2875 0.144444 0.0625 0.111111
21 0.3 0.2 0.0625 0.0444444
21 0.3125 0.2 0.0625 0.0444444
44 0.41875 0.188889 0.15 0.0666667
55 0.425 0.177778 0.1875 0.0444444
17 0.59375 0.177778 0.125 0.0444444
10 0.6375 0.177778 0.0625 0.0444444
14 0.65 0.177778 0.0625 0.0444444
18 0.88125 0.188889 0.075 0.0222222
55 0.015625 0.188889 0.03125 0.0666667
21 0.325 0.222222 0.0125 0.0888889
47 0.425 0.2 0.1625 0.0888889
55 0.41875 0.2 0.2 0.0444444
17 0.61875 0.188889 0.175 0.0666667
17 0.65625 0.2 0.15 0.0444444
17 0.69375 0.2 0.1 0.0444444
6 0.7125 0.211111 0.0875 0.0666667
6 0.71875 0.222222 0.1 0.0444444
14 0.71875 0.222222 0.075 0.0444444
14 0.75625 0.222222 0.15 0.0444444
14 0.75 0.211111 0.1125 0.0666667
12 0.7625 0.211111 0.0625 0.0666667
18 0.7625 0.222222 0.0625 0.0888889
19 0.775 0.2 0.0375 0.0888889
47 0.8125 0.211111 0.0875 0.0222222
14 0.8625 0.222222 0.1125 0.0444444
14 0.91875 0.222222 0.15 0.0444444
17 0.9125 0.211111 0.0125 0.0222222
19 0.91875 0.2 0.025 0.0444444
55 0.034375 0.211111 0.06875 0.0666667
55 0.075 0.222222 0.1125 0.0444444
9 0.53125 0.211111 0.1 0.0666667
9 0.5625 0.211111 0.1625 0.0666667
25 0.59375 0.211111 0.175 0.0666667
21 0.66875 0.211111 0.1 0.0666667
21 0.69375 0.211111 0.1 0.0666667
25 0.675 0.222222 0.1125 0.0888889
55 0.7125 0.222222 0.0875 0.0888889
19 0.71875 0.211111 0.1 0.0666667
19 0.725 0.222222 0.0875 0.0444444
19 0.75625 0.211111 0.15 0.0666667
12 0.75 0.222222 0.1125 0.0888889
12 0.76875 0.211111 0.025 0.0666667
19 0.85 0.222222 0.1375 0.0444444
19 0.8375 0.222222 0.0625 0.0444444
14 0.875 0.222222 0.0125 0.0444444
17 0.875 0.222222 0.0375 0.0444444
17 0.8625 0.222222 0.1125 0.0444444
21 0.925 0.222222 0.0125 0.0444444
6 0.953125 0.222222 0.09375 0.0888889
21 0.034375 0.233333 0.06875 0.111111
50 0.675 0.222222 0.1375 0.0888889
9 0.73125 0.233333 0.05 0.0666667
9 0.73125 0.244444 0.075 0.0444444
11 0.75625 0.222222 0.1 0.0888889
11 0.8 0.222222 0.1125 0.0888889
9 0.825 0.244444 0.0875 0.0888889
9 0.84375 0.233333 0.05 0.0666667
9 0.83125 0.233333 0.075 0.0666667
17 0.8625 0.233333 0.0625 0.0666667
17 0.88125 0.244444 0.05 0.0444444
17 0.9125 0.244444 0.0375 0.0444444
21 0.91875 0.244444 0.05 0.0444444
43 0.4875 0.277778 0.1375 0.0666667
25 0.51875 0.277778 0.2 0.0666667
6 0.53125 0.277778 0.2 0.0666667
43 0.61875 0.288889 0.175 0.0444444
43 0.65625 0.288889 0.15 0.0444444
17 0.75625 0.266667 0.1 0.0444444
9 0.71875 0.255556 0.175 0.0666667
19 0.7375 0.266667 0.1875 0.0888889
21 0.725 0.255556 0.1625 0.0666667
21 0.7625 0.255556 0.0875 0.0666667
21 0.80625 0.244444 0.15 0.0888889
19 0.79375 0.255556 0.125 0.0666667
17 0.78125 0.255556 0.15 0.0666667
2 0.81875 0.255556 0.1 0.0666667
2 0.85625 0.255556 0.15 0.0666667
2 0.85 0.266667 0.0375 0.0444444
2 0.825 0.266667 0.0875 0.0444444
0 0.86875 0.266667 0 0.0444444
3 0.88125 0.266667 0.025 0.0444444
3 0.8875 0.255556 0.0125 0.0666667
21 0.91875 0.255556 0.05 0.0666667
21 0.925 0.277778 0.0625 0.0666667
21 0.95 0.266667 0.0875 0.0888889
21 0.1 0.266667 0.1875 0.0888889
44 0.58125 0.3 0.2 0.0666667
21 0.5875 0.277778 0.2125 0.0666667
21 0.66875 0.288889 0.1 0.0444444
50 0.69375 0.277778 0.1 0.0666667
22 0.7 0.288889 0.2125 0.0444444
22 0.7125 0.3 0.1875 0.0666667
21 0.71875 0.277778 0.15 0.0666667
21 0.76875 0.266667 0.2 0.0888889
21 0.775 0.277778 0.1625 0.0666667
21 0.81875 0.277778 0.2 0.0666667
21 0.85625 0.277778 0 0.0666667
43 0.896875 0.3 0.20625 0.111111
21 0.909375 0.3 0.18125 0.111111
21 0.928125 0.288889 0.14375 0.0888889
21 0.9375 0.288889 0.1125 0.0888889
25 0.953125 0.3 0.09375 0.111111
29 0.959375 0.288889 0.08125 0.0888889
9 0.70625 0.322222 0.2 0.0666667
11 0.71875 0.3 0.2 0.0666667
51 0.909375 0.322222 0.18125 0.0666667
21 0.990625 0.266667 0.01875 0.133333
55 0.028125 0.333333 0.05625 0.0444444
43 0.46875 0.344444 0.2 0.0666667
6 0.48125 0.344444 0.2 0.0666667
22 0.5 0.344444 0.2125 0.0666667
65 0.58125 0.355556 0.175 0.0444444
9 0.7 0.333333 0.2125 0.0444444
11 0.71875 0.355556 0.2 0.0444444
25 0.953125 0.344444 0.09375 0.111111
43 0.953125 0.333333 0.09375 0.0888889
21 0.990625 0.3 0.01875 0.111111
6 0.053125 0.344444 0.10625 0.0666667
9 0.6375 0.344444 0.2125 0.0666667
19 0.71875 0.344444 0.05 0.0666667
10 0.73125 0.344444 0.05 0.0666667
17 0.7125 0.355556 0.2125 0.0444444
22 0.725 0.366667 0.2125 0.0666667
55 0.903125 0.355556 0.19375 0.0888889
50 0.928125 0.355556 0.14375 0.0888889
47 0.946875 0.355556 0.10625 0.133333
79 0.946875 0.355556 0.10625 0.0888889
6 0.059375 0.377778 0.11875 0.0444444
10 0.065625 0.388889 0.13125 0.0666667
22 0.26875 0.388889 0.1 0.0666667
23 0.3125 0.388889 0.2125 0.111111
23 0.35625 0.388889 0.2 0.0666667
8 0.7 0.4 0.1625 0.0444444
6 0.70625 0.388889 0.075 0.0222222
6 0.71875 0.288889 0.1 0.222222
21 0.990625 0.333333 0.01875 0.133333
6 0.015625 0.388889 0.03125 0.0666667
10 0.021875 0.411111 0.04375 0.0666667
43 0.14375 0.388889 0.125 0.0666667
43 0.15 0.433333 0.1375 0.0666667
44 0.15625 0.433333 0.15 0.0666667
53 0.19375 0.433333 0.15 0.0666667
53 0.1875 0.422222 0.1875 0.0444444
53 0.19375 0.4 0.2 0.0888889
53 0.21875 0.411111 0.2 0.0666667
53 0.23125 0.422222 0.2 0.0888889
60 0.34375 0.411111 0.2 0.111111
51 0.4375 0.411111 0.1875 0.0666667
21 0.475 0.4 0.1625 0.0888889
6 0.66875 0.422222 0.15 0.0444444
12 0.675 0.4 0.1625 0.0444444
8 0.7 0.411111 0.1625 0.0666667
55 0.70625 0.411111 0.075 0.0222222
6 0.7375 0.4 0.0625 0.0444444
17 0.990625 0.355556 0.01875 0.133333
53 0.225 0.444444 0.2125 0.0444444
6 0.25625 0.444444 0.175 0.0444444
52 0.2625 0.444444 0.2125 0.0444444
44 0.275 0.444444 0.2125 0.0444444
53 0.30625 0.444444 0.175 0.0444444
22 0.3 0.433333 0.2125 0.0666667
25 0.34375 0.433333 0.2 0.0666667
25 0.36875 0.422222 0.175 0.0888889
60 0.38125 0.422222 0.175 0.0888889
51 0.43125 0.433333 0.075 0.0666667
25 0.946875 0.422222 0.10625 0.0888889
22 0.2125 0.433333 0.2125 0.0666667
22 0.225 0.455556 0.2125 0.111111
8 0.4375 0.444444 0.0625 0.0888889
11 0.45625 0.433333 0.125 0.0666667
14 0.4625 0.455556 0.1375 0.111111
21 0.48125 0.433333 0.15 0.0666667
21 0.990625 0.444444 0.01875 0.0888889
4 0.19375 0.488889 0.2 0.0444444
4 0.225 0.477778 0.2125 0.0666667
19 0.2375 0.477778 0.2125 0.0666667
60 0.3625 0.477778 0.1375 0.0666667
60 0.38125 0.466667 0.2 0.0888889
11 0.4625 0.455556 0.1375 0.111111
8 0.48125 0.466667 0.15 0.0888889
9 0.990625 0.433333 0.01875 0.111111
55 0.015625 0.488889 0.03125 0.0888889
23 0.18125 0.488889 0.1 0.0888889
21 0.14375 0.488889 0.2 0.0888889
23 0.16875 0.488889 0.2 0.0888889
4 0.18125 0.5 0.2 0.0666667
4 0.26875 0.488889 0.1 0.0444444
14 0.2625 0.477778 0.0625 0.0666667
4 0.29375 0.477778 0.1 0.0666667
