54 0.921875 0.0222222 0.15625 0.0444444
32 0.8375 0.0444444 0.0625 0.0888889
32 0.8375 0.0111111 0.0375 0.0222222
47 0.8625 0.0111111 0.0375 0.0222222
47 0.90625 0.0333333 0.075 0.0666667
54 0.90625 0.0444444 0.075 0.0888889
29 0.95 0.0333333 0.0875 0.0666667
29 0.934375 0.0333333 0.13125 0.0666667
43 0.978125 0.0333333 0.04375 0.0666667
67 0.965625 0.0444444 0.06875 0.0888889
25 0.978125 0.0444444 0.04375 0.0888889
64 0.79375 0.1 0.075 0.2
11 0.978125 0.0555556 0.04375 0.111111
49 0.76875 0.0888889 0.05 0.177778
49 0.79375 0.0888889 0.025 0.177778
64 0.80625 0.111111 0.025 0.133333
64 0.825 0.111111 0.0375 0.133333
64 0.84375 0.0888889 0.05 0.177778
67 0.90625 0.1 0.075 0.2
28 0.9125 0.1 0.0875 0.2
9 0.91875 0.0888889 0.1 0.177778
64 0.76875 0.122222 0.05 0.155556
49 0.76875 0.122222 0.05 0.155556
64 0.79375 0.122222 0.025 0.155556
64 0.81875 0.122222 0.025 0.155556
64 0.85 0.111111 0.0625 0.177778
9 0.9 0.155556 0.0875 0.311111
9 0.9125 0.0888889 0.0875 0.177778
9 0.93125 0.1 0.1 0.2
64 0.78125 0.144444 0.075 0.155556
64 0.7875 0.144444 0.0875 0.2
9 0.7875 0.133333 0.0625 0.133333
64 0.7875 0.133333 0.0375 0.133333
64 0.8375 0.166667 0.0625 0.333333
9 0.9 0.0888889 0.0875 0.177778
9 0.9125 0.1 0.0625 0.155556
9 0.90625 0.122222 0.05 0.2
64 0.7375 0.155556 0.1625 0.177778
9 0.8 0.122222 0.0875 0.155556
64 0.80625 0.133333 0.075 0.133333
64 0.825 0.122222 0.0625 0.244444
64 0.8375 0.177778 0.0875 0.355556
65 0.88125 0.122222 0.1 0.244444
64 0.89375 0.122222 0.1 0.244444
9 0.9 0.133333 0.0875 0.133333
9 0.9125 0.155556 0.0625 0.177778
49 0.946875 0.1 0.10625 0.2
28 0.7625 0.2 0.1625 0.177778
9 0.78125 0.144444 0.125 0.288889
20 0.8125 0.111111 0.0875 0.222222
74 0.9125 0.166667 0.0875 0.2
6 0.946875 0.111111 0.10625 0.222222
6 0.965625 0.177778 0.06875 0.133333
21 0.965625 0.2 0.06875 0.133333
21 0.940625 0.211111 0.11875 0.155556
25 0.940625 0.244444 0.11875 0.177778
12 0.940625 0.277778 0.11875 0.155556
21 0.946875 0.3 0.10625 0.155556
31 0.934375 0.322222 0.13125 0.155556
6 0.940625 0.311111 0.11875 0.133333
12 0.934375 0.344444 0.13125 0.155556
47 0.940625 0.344444 0.11875 0.155556
11 0.940625 0.377778 0.11875 0.133333
9 0.775 0.4 0.1375 0.133333
9 0.81875 0.388889 0.075 0.155556
59 0.875 0.4 0.1375 0.133333
31 0.934375 0.422222 0.13125 0.133333
43 0.940625 0.411111 0.11875 0.111111
6 0.946875 0.377778 0.10625 0.133333
9 0.8 0.422222 0.0875 0.133333
28 0.934375 0.444444 0.13125 0.177778
28 0.940625 0.422222 0.11875 0.133333
6 0.946875 0.377778 0.10625 0.0888889
74 0.875 0.466667 0.1125 0.222222
43 0.940625 0.466667 0.11875 0.177778
6 0.946875 0.411111 0.10625 0.0666667
11 0.875 0.466667 0.1125 0.177778
66 0.940625 0.455556 0.11875 0.155556
6 0.971875 0.466667 0.05625 0.133333
11 0.85625 0.466667 0.1 0.222222
9 0.88125 0.488889 0.1 0.222222
11 0.9 0.522222 0.0875 0.155556
11 0.940625 0.477778 0.11875 0.155556
6 0.940625 0.477778 0.11875 0.155556
6 0.940625 0.5 0.11875 0.111111
67 0.46875 0.533333 0.15 0.177778
74 0.79375 0.477778 0.1 0.288889
11 0.80625 0.477778 0.1 0.288889
11 0.825 0.5 0.1375 0.155556
11 0.85625 0.511111 0.1 0.133333
74 0.86875 0.511111 0.1 0.133333
74 0.88125 0.511111 0.1 0.177778
11 0.9125 0.522222 0.0875 0.111111
6 0.934375 0.5 0.13125 0.155556
45 0.940625 0.522222 0.11875 0.111111
28 0.053125 0.533333 0.10625 0.177778
74 0.89375 0.544444 0.1 0.155556
67 0.928125 0.555556 0.14375 0.177778
11 0.91875 0.544444 0.075 0.111111
74 0.9 0.544444 0.0875 0.244444
11 0.71875 0.533333 0.125 0.266667
43 0.90625 0.588889 0.075 0.2
26 0.071875 0.588889 0.14375 0.155556
26 0.5 0.611111 0.1125 0.155556
74 0.61875 0.611111 0.075 0.155556
11 0.65625 0.566667 0.075 0.288889
11 0.65625 0.566667 0.05 0.288889
11 0.66875 0.566667 0.05 0.288889
11 0.078125 0.611111 0.15625 0.155556
17 0.065625 0.522222 0.13125 0.244444
17 0.0875 0.566667 0.1625 0.333333
17 0.11875 0.577778 0.125 0.311111
17 0.13125 0.522222 0.15 0.2
17 0.16875 0.522222 0.125 0.2
17 0.175 0.611111 0.1375 0.0222222
17 0.14375 0.611111 0.225 0.0222222
17 0.21875 0.633333 0.125 0.0666667
17 0.23125 0.611111 0.125 0.0222222
26 0.2375 0.611111 0.1125 0.0222222
26 0.25 0.622222 0.1125 0.0444444
26 0.26875 0.522222 0.125 0.244444
28 0.875 0.611111 0.1375 0.155556
25 0.06875 0.655556 0.075 0.0666667
11 0.028125 0.655556 0.05625 0.0222222
17 0.078125 0.588889 0.15625 0.2
17 0.1 0.588889 0.1375 0.2
17 0.1375 0.644444 0.1375 0.0888889
17 0.14375 0.666667 0.075 0.133333
17 0.18125 0.677778 0.125 0.155556
17 0.14375 0.677778 0.225 0.155556
17 0.18125 0.655556 0.175 0.111111
17 0.225 0.655556 0.1625 0.111111
26 0.2625 0.655556 0.1125 0.111111
26 0.28125 0.555556 0.125 0.311111
9 0.903125 0.633333 0.19375 0.155556
65 0.928125 0.644444 0.14375 0.133333
21 0.059375 0.666667 0.11875 0.0888889
17 0.059375 0.666667 0.11875 0.0888889
17 0.040625 0.655556 0.08125 0.0222222
17 0.078125 0.688889 0.15625 0.177778
17 0.09375 0.644444 0.15 0.0888889
17 0.1125 0.677778 0.1375 0.111111
17 0.08125 0.677778 0.125 0.111111
11 0.13125 0.677778 0.175 0.111111
11 0.1375 0.677778 0.0875 0.111111
11 0.175 0.666667 0.1625 0.133333
11 0.18125 0.644444 0.175 0.0888889
11 0.19375 0.677778 0.175 0.111111
26 0.23125 0.655556 0.15 0.0666667
26 0.2625 0.677778 0.0875 0.111111
26 0.29375 0.677778 0.125 0.111111
9 0.8 0.711111 0.0375 0.0888889
9 0.8125 0.7 0.0375 0.0666667
9 0.9 0.644444 0.1625 0.133333
9 0.940625 0.677778 0.11875 0.2
43 0.928125 0.655556 0.14375 0.155556
6 0.940625 0.666667 0.11875 0.177778
51 0.053125 0.711111 0.10625 0.177778
25 0.065625 0.711111 0.13125 0.177778
11 0.071875 0.711111 0.14375 0.177778
11 0.078125 0.688889 0.15625 0.177778
11 0.09375 0.711111 0.15 0.177778
11 0.1 0.677778 0.1375 0.111111
0 0.1375 0.677778 0.0875 0.111111
11 0.175 0.688889 0.0625 0.133333
11 0.1625 0.688889 0.1375 0.133333
11 0.1875 0.688889 0.1375 0.133333
26 0.2 0.677778 0.1375 0.155556
49 0.7 0.7 0.0125 0.0666667
64 0.71875 0.7 0.025 0.0666667
43 0.7375 0.7 0.0125 0.0666667
43 0.75 0.7 0.0125 0.0666667
67 0.928125 0.722222 0.14375 0.155556
43 0.9625 0.711111 0.0625 0.0888889
28 0.978125 0.711111 0.04375 0.0888889
26 0.040625 0.722222 0.08125 0.2
17 0.065625 0.733333 0.13125 0.222222
26 0.071875 0.733333 0.14375 0.222222
11 0.10625 0.733333 0.15 0.177778
11 0.1375 0.733333 0.1375 0.177778
11 0.1625 0.688889 0.1125 0.0888889
11 0.1875 0.7 0.1125 0.111111
17 0.19375 0.7 0.1 0.111111
17 0.20625 0.666667 0.1 0.222222
43 0.69375 0.711111 0.025 0.133333
28 0.7 0.7 0.0375 0.0666667
49 0.71875 0.7 0.025 0.0666667
27 0.73125 0.711111 0.05 0.0888889
27 0.75625 0.7 0.025 0.0666667
47 0.8125 0.744444 0.0375 0.155556
32 0.85 0.722222 0.0375 0.111111
32 0.86875 0.722222 0.025 0.111111
32 0.89375 0.733333 0.075 0.133333
27 0.9 0.744444 0.0875 0.155556
44 0.90625 0.744444 0.075 0.155556
47 0.946875 0.744444 0.10625 0.155556
67 0.946875 0.733333 0.10625 0.133333
52 0.95 0.711111 0.0625 0.0888889
13 0.959375 0.722222 0.08125 0.111111
6 0.965625 0.722222 0.06875 0.111111
26 0.065625 0.744444 0.13125 0.2
0 0.078125 0.711111 0.15625 0.177778
0 0.10625 0.711111 0.125 0.177778
0 0.125 0.722222 0.1375 0.155556
17 0.15625 0.722222 0.125 0.2
17 0.16875 0.7 0.1 0.244444
17 0.1875 0.7 0.1125 0.244444
59 0.2625 0.722222 0.1875 0.155556
65 0.725 0.722222 0.1125 0.111111
54 0.8 0.755556 0.0875 0.177778
32 0.8375 0.733333 0.0375 0.133333
32 0.85625 0.722222 0.025 0.111111
32 0.86875 0.744444 0.025 0.0666667
32 0.8875 0.722222 0.0625 0.111111
74 0.9 0.722222 0.0625 0.111111
47 0.90625 0.777778 0.075 0.311111
44 0.940625 0.777778 0.11875 0.311111
44 0.928125 0.733333 0.14375 0.222222
11 0.959375 0.744444 0.08125 0.111111
0 0.1375 0.722222 0.1375 0.2
0 0.1625 0.755556 0.1375 0.222222
0 0.18125 0.777778 0.125 0.266667
17 0.19375 0.755556 0.125 0.222222
26 0.20625 0.766667 0.125 0.2
74 0.7875 0.766667 0.0875 0.2
44 0.825 0.766667 0.0375 0.2
44 0.84375 0.733333 0.025 0.133333
32 0.85625 0.766667 0.025 0.0666667
32 0.86875 0.755556 0.025 0.0444444
27 0.88125 0.755556 0.025 0.0444444
11 0.8875 0.788889 0.0375 0.155556
11 0.90625 0.822222 0.075 0.311111
54 0.940625 0.733333 0.11875 0.266667
52 0.928125 0.755556 0.14375 0.222222
11 0.934375 0.766667 0.13125 0.111111
6 0.959375 0.744444 0.08125 0.155556
6 0.965625 0.744444 0.06875 0.111111
16 0.078125 0.811111 0.15625 0.2
3 0.084375 0.755556 0.16875 0.0888889
0 0.084375 0.766667 0.16875 0.111111
0 0.11875 0.766667 0.125 0.111111
0 0.14375 0.8 0.125 0.177778
16 0.18125 0.755556 0.125 0.266667
16 0.20625 0.722222 0.125 0.244444
57 0.45 0.733333 0.1625 0.266667
60 0.44375 0.722222 0.125 0.244444
16 0.55 0.766667 0.1875 0.155556
57 0.60625 0.788889 0.175 0.2
24 0.625 0.788889 0.1625 0.2
28 0.64375 0.788889 0.15 0.2
20 0.65625 0.755556 0.175 0.266667
28 0.68125 0.755556 0.15 0.266667
44 0.83125 0.811111 0.025 0.155556
27 0.84375 0.788889 0.025 0.111111
27 0.85625 0.788889 0.025 0.111111
27 0.86875 0.788889 0.025 0.111111
27 0.88125 0.8 0.025 0.133333
11 0.928125 0.755556 0.14375 0.266667
11 0.934375 0.8 0.13125 0.177778
6 0.940625 0.766667 0.11875 0.155556
28 0.034375 0.844444 0.06875 0.133333
13 0.053125 0.811111 0.10625 0.2
30 0.121875 0.811111 0.24375 0.2
13 0.084375 0.788889 0.16875 0.155556
13 0.1125 0.811111 0.1125 0.155556
13 0.14375 0.822222 0.125 0.177778
13 0.1375 0.822222 0.0875 0.177778
3 0.1375 0.8 0.0875 0.177778
3 0.16875 0.8 0.15 0.177778
30 0.18125 0.788889 0.15 0.155556
30 0.18125 0.755556 0.175 0.222222
64 0.4625 0.688889 0.0875 0.266667
24 0.55 0.766667 0.1375 0.2
27 0.825 0.811111 0.0375 0.155556
27 0.85 0.8 0.0375 0.0888889
27 0.875 0.8 0.0375 0.0888889
27 0.8875 0.8 0.0375 0.133333
11 0.953125 0.811111 0.09375 0.2
6 0.965625 0.777778 0.06875 0.133333
28 0.05 0.866667 0.0375 0.0888889
13 0.034375 0.844444 0.06875 0.177778
13 0.121875 0.844444 0.24375 0.177778
13 0.084375 0.833333 0.16875 0.2
13 0.11875 0.833333 0.125 0.2
16 0.15 0.822222 0.1625 0.177778
16 0.175 0.811111 0.1875 0.155556
31 0.18125 0.811111 0.2 0.155556
31 0.225 0.8 0.1875 0.133333
28 0.4 0.811111 0.2375 0.155556
28 0.4375 0.8 0.1875 0.133333
28 0.45 0.833333 0.1625 0.2
43 0.475 0.8 0.0625 0.266667
43 0.475 0.844444 0.1125 0.177778
43 0.49375 0.844444 0.225 0.177778
43 0.51875 0.844444 0.125 0.177778
43 0.55625 0.844444 0.2 0.177778
26 0.54375 0.844444 0.125 0.177778
26 0.58125 0.844444 0.175 0.177778
43 0.5875 0.833333 0.1875 0.2
43 0.58125 0.8 0.15 0.266667
