6 0.021875 0 0.04375 0
11 0.078125 0.0111111 0.15625 0.0222222
25 0.31875 0.0222222 0.175 0.0444444
6 0.31875 0.0222222 0.125 0.0444444
6 0.34375 0.0222222 0.1 0.0444444
6 0.35625 0.0222222 0.1 0.0444444
6 0.3875 0.0222222 0.1125 0.0444444
65 0.45625 0.0222222 0.125 0.0444444
6 0.5 0.0222222 0.1875 0.0444444
6 0.49375 0.0222222 0.125 0.0444444
6 0.70625 0.0222222 0.125 0.0444444
6 0.74375 0.0222222 0.175 0.0444444
6 0.74375 0.0222222 0.125 0.0444444
6 0.89375 0.0222222 0.175 0.0444444
44 0.921875 0.0111111 0.15625 0.0222222
6 0.91875 0.0111111 0.125 0.0222222
6 0.946875 0.0222222 0.10625 0.0444444
6 0.946875 0.0111111 0.10625 0.0222222
6 0.021875 0.0222222 0.04375 0.0444444
11 0.015625 0.0111111 0.03125 0.0222222
6 0.034375 0.0111111 0.06875 0.0222222
25 0.053125 0.0222222 0.10625 0.0444444
29 0.14375 0.0333333 0.175 0.0666667
53 0.15625 0.0222222 0.175 0.0444444
11 0.16875 0.0111111 0.05 0.0222222
11 0.16875 0.0222222 0.05 0.0444444
6 0.21875 0.0333333 0.1 0.0666667
8 0.25625 0.0333333 0.175 0.0666667
23 0.4625 0.0222222 0.1125 0.0444444
8 0.49375 0.0222222 0.1 0.0444444
25 0.73125 0.0333333 0.175 0.0666667
23 0.74375 0.0222222 0.125 0.0444444
8 0.89375 0.0222222 0.175 0.0444444
4 0.946875 0.0333333 0.10625 0.0666667
6 0.946875 0.0222222 0.10625 0.0444444
6 0.053125 0.0222222 0.10625 0.0444444
21 0.075 0.0222222 0.0375 0.0444444
21 0.08125 0.0333333 0.05 0.0666667
11 0.18125 0.0222222 0.025 0.0444444
8 0.4875 0.0333333 0.0375 0.0666667
8 0.5 0.0333333 0.0375 0.0666667
12 0.990625 0.0222222 0.01875 0.0444444
2 0.053125 0.0444444 0.10625 0.0888889
2 0.015625 0.0444444 0.03125 0.0444444
20 0.08125 0.0555556 0.05 0.0666667
20 0.0875 0.0333333 0.0375 0.0666667
8 0.2 0.0444444 0.1125 0.0444444
11 0.16875 0.0444444 0.05 0.0444444
10 0.2 0.0444444 0.0625 0.0444444
8 0.275 0.0555556 0.0625 0.0222222
25 0.4625 0.0555556 0.0375 0.0666667
25 0.45625 0.0555556 0.075 0.0666667
60 0.4875 0.0444444 0.0375 0.0444444
8 0.50625 0.0444444 0.025 0.0444444
60 0.49375 0.0555556 0.075 0.0666667
8 0.50625 0.0444444 0.075 0.0888889
8 0.55 0.0555556 0.0375 0.0666667
8 0.5625 0.0555556 0.0375 0.0666667
8 0.58125 0.0555556 0.025 0.0666667
8 0.59375 0.0444444 0.025 0.0444444
8 0.60625 0.0444444 0.025 0.0444444
8 0.6125 0.0444444 0.0125 0.0444444
10 0.990625 0.0333333 0.01875 0.0222222
2 0.015625 0.0777778 0.03125 0.0666667
2 0.015625 0.0666667 0.03125 0.0444444
21 0.21875 0.0666667 0.125 0.0444444
20 0.20625 0.0666667 0.075 0.0444444
20 0.2375 0.0666667 0.1375 0.0444444
44 0.24375 0.0777778 0.125 0.0666667
25 0.5 0.0666667 0.0375 0.0888889
25 0.50625 0.0666667 0.025 0.0888889
8 0.5125 0.0555556 0.0875 0.0666667
25 0.940625 0.0777778 0.11875 0.0666667
4 0.946875 0.0777778 0.10625 0.0666667
11 0.95 0.0777778 0.0875 0.0666667
2 0.015625 0.1 0.03125 0.0666667
25 0.015625 0.1 0.03125 0.0666667
19 0.0625 0.0888889 0.0875 0.0888889
19 0.0875 0.1 0.0375 0.0666667
4 0.09375 0.1 0.075 0.0666667
4 0.11875 0.111111 0.05 0.0444444
21 0.225 0.0888889 0.1125 0.0444444
23 0.2 0.1 0.0625 0.0222222
8 0.25 0.1 0.1875 0.0666667
25 0.4625 0.0888889 0.0625 0.0888889
25 0.55 0.0888889 0.0875 0.0888889
25 0.56875 0.0888889 0.075 0.0888889
66 0.915625 0.0888889 0.16875 0.0444444
25 0.9375 0.0888889 0.1125 0.0888889
6 0.946875 0.0888889 0.10625 0.0888889
6 0.95 0.0777778 0.0875 0.0666667
11 0.959375 0.1 0.08125 0.111111
2 0.015625 0.111111 0.03125 0.0444444
19 0.05625 0.111111 0.075 0.0888889
2 0.09375 0.111111 0.025 0.0888889
2 0.10625 0.111111 0.05 0.0888889
33 0.1125 0.122222 0.0375 0.0666667
25 0.34375 0.111111 0.05 0.0888889
8 0.35625 0.122222 0.05 0.0666667
8 0.34375 0.122222 0.075 0.0666667
8 0.35625 0.1 0.075 0.0666667
25 0.36875 0.1 0.075 0.0666667
25 0.38125 0.111111 0.075 0.0888889
25 0.40625 0.111111 0.075 0.0888889
25 0.4375 0.111111 0.0875 0.0888889
25 0.4625 0.111111 0.0375 0.0888889
25 0.46875 0.111111 0.075 0.0888889
25 0.49375 0.111111 0.05 0.0888889
25 0.49375 0.111111 0.075 0.0888889
25 0.51875 0.111111 0.1 0.0444444
8 0.6875 0.122222 0.1125 0.0666667
1 0.953125 0.1 0.09375 0.0666667
2 0.015625 0.133333 0.03125 0.0444444
2 0.01875 0.133333 0.025 0.0444444
8 0.021875 0.133333 0.04375 0.0888889
21 0.08125 0.133333 0.025 0.0888889
0 0.09375 0.122222 0.025 0.0666667
8 0.23125 0.133333 0.15 0.0888889
25 0.35 0.144444 0.1875 0.111111
19 0.38125 0.122222 0.125 0.0666667
25 0.35 0.133333 0.0375 0.0888889
14 0.36875 0.144444 0.025 0.0666667
25 0.46875 0.133333 0.025 0.0888889
21 0.9625 0.155556 0.0375 0.0444444
10 0.9625 0.133333 0.0375 0.0444444
11 0.9625 0.155556 0.0625 0.0444444
4 0.015625 0.166667 0.03125 0.0666667
43 0.1875 0.166667 0.0375 0.0666667
8 0.20625 0.155556 0.025 0.0444444
25 0.2 0.166667 0.0625 0.0666667
8 0.35 0.166667 0.1875 0.111111
8 0.35 0.144444 0.0375 0.0666667
0 0.35625 0.155556 0.025 0.0444444
12 0.375 0.144444 0.0125 0.0666667
12 0.38125 0.144444 0 0.0666667
12 0.39375 0.155556 0 0.0444444
12 0.4 0.155556 0.0125 0.0444444
12 0.41875 0.155556 0.025 0.0444444
12 0.43125 0.155556 0.025 0.0888889
12 0.41875 0.155556 0.075 0.0888889
12 0.45625 0.155556 0.025 0.0888889
25 0.46875 0.155556 0.025 0.0888889
25 0.48125 0.155556 0.025 0.0888889
25 0.4875 0.155556 0.0125 0.0444444
12 0.5375 0.155556 0.0125 0.0444444
12 0.54375 0.155556 0 0.0444444
12 0.55625 0.155556 0 0.0444444
12 0.525 0.155556 0.1125 0.0888889
25 0.55625 0.155556 0.075 0.0888889
8 0.75 0.155556 0.0875 0.0888889
8 0.83125 0.155556 0.175 0.0888889
6 0.928125 0.166667 0.14375 0.111111
8 0.9375 0.155556 0.1125 0.0444444
8 0.971875 0.155556 0.05625 0.0444444
11 0.965625 0.144444 0.06875 0.0666667
25 0.053125 0.177778 0.10625 0.0888889
11 0.015625 0.166667 0.03125 0.0666667
8 0.2 0.177778 0.0125 0.0444444
8 0.2875 0.188889 0.0625 0.0666667
12 0.35625 0.177778 0.025 0.0444444
12 0.375 0.177778 0.0125 0.0444444
12 0.38125 0.177778 0 0.0444444
12 0.36875 0.155556 0.05 0.0888889
12 0.39375 0.166667 0.05 0.111111
12 0.4125 0.177778 0.0375 0.0888889
25 0.4125 0.177778 0.0625 0.0888889
65 0.41875 0.177778 0.075 0.0888889
12 0.45 0.177778 0.0375 0.0888889
25 0.46875 0.177778 0.025 0.0888889
12 0.48125 0.177778 0.025 0.0888889
12 0.49375 0.166667 0.025 0.0666667
12 0.51875 0.177778 0 0.0444444
12 0.53125 0.177778 0.025 0.0444444
12 0.54375 0.177778 0.025 0.0444444
12 0.55625 0.166667 0.025 0.0666667
12 0.56875 0.177778 0.025 0.0888889
8 0.971875 0.188889 0.05625 0.0222222
8 0.053125 0.2 0.10625 0.0444444
11 0.015625 0.188889 0.03125 0.0666667
21 0.33125 0.2 0.075 0.0444444
21 0.3625 0.188889 0.0125 0.0666667
12 0.45625 0.2 0.025 0.0888889
12 0.46875 0.2 0.025 0.0888889
12 0.49375 0.2 0.025 0.0888889
12 0.50625 0.2 0.025 0.0888889
12 0.5125 0.211111 0.0125 0.0666667
12 0.525 0.211111 0.0375 0.0666667
12 0.5375 0.2 0.0375 0.0888889
12 0.55 0.2 0.0375 0.0888889
12 0.56875 0.2 0.025 0.0888889
25 0.575 0.2 0.0375 0.0888889
25 0.60625 0.2 0.05 0.0888889
4 0.63125 0.2 0.05 0.0888889
8 0.053125 0.211111 0.10625 0.0666667
11 0.028125 0.211111 0.05625 0.0666667
60 0.33125 0.222222 0.075 0.0888889
25 0.5625 0.211111 0.0375 0.111111
19 0.60625 0.211111 0.05 0.0666667
2 0.6125 0.211111 0.0375 0.0666667
4 0.6375 0.222222 0.0375 0.0888889
4 0.053125 0.233333 0.10625 0.0666667
8 0.021875 0.233333 0.04375 0.0666667
4 0.63125 0.244444 0.05 0.0888889
4 0.053125 0.255556 0.10625 0.111111
8 0.021875 0.266667 0.04375 0.0888889
8 0.028125 0.277778 0.05625 0.111111
9 0.04375 0.266667 0.05 0.0888889
4 0.053125 0.288889 0.10625 0.0888889
8 0.021875 0.3 0.04375 0.0666667
3 0.05 0.277778 0.0375 0.0666667
21 0.4375 0.288889 0.0375 0.0888889
2 0.053125 0.3 0.10625 0.0666667
2 0.015625 0.3 0.03125 0.0666667
8 0.021875 0.3 0.04375 0.111111
3 0.04375 0.288889 0.05 0.0888889
8 0.04375 0.311111 0.05 0.0444444
21 0.44375 0.288889 0.025 0.0888889
21 0.64375 0.3 0.125 0.0666667
14 0.625 0.3 0.0625 0.0666667
0 0.996875 0.288889 0.00625 0.0888889
2 0.053125 0.322222 0.10625 0.111111
2 0.015625 0.333333 0.03125 0.0888889
8 0.021875 0.333333 0.04375 0.133333
1 0.04375 0.322222 0.05 0.0666667
8 0.05 0.322222 0.0625 0.0222222
21 0.425 0.311111 0.0375 0.0888889
21 0.44375 0.311111 0.025 0.0888889
21 0.45 0.322222 0.0375 0.111111
21 0.4625 0.322222 0.0125 0.111111
14 0.48125 0.322222 0.025 0.111111
14 0.53125 0.322222 0.125 0.111111
19 0.54375 0.322222 0.125 0.111111
19 0.575 0.322222 0.1125 0.111111
19 0.6 0.333333 0.1125 0.0888889
14 0.60625 0.333333 0.125 0.0888889
21 0.625 0.333333 0.1375 0.0888889
14 0.64375 0.333333 0.125 0.0888889
14 0.61875 0.311111 0.05 0.0444444
21 0.6375 0.322222 0.0375 0.0666667
43 0.93125 0.333333 0.125 0.0888889
6 0.940625 0.344444 0.11875 0.0666667
6 0.94375 0.333333 0.1 0.0444444
0 0.959375 0.333333 0.08125 0.0444444
2 0.053125 0.344444 0.10625 0.111111
2 0.015625 0.355556 0.03125 0.0888889
8 0.021875 0.366667 0.04375 0.111111
0 0.04375 0.344444 0.05 0.0666667
8 0.2 0.344444 0.1875 0.0666667
21 0.46875 0.322222 0.125 0.111111
21 0.48125 0.333333 0.125 0.133333
14 0.49375 0.344444 0.125 0.111111
14 0.46875 0.344444 0.025 0.111111
14 0.48125 0.355556 0.025 0.0888889
14 0.5375 0.344444 0.1125 0.0666667
14 0.53125 0.333333 0.05 0.0888889
19 0.575 0.344444 0.1125 0.111111
19 0.5375 0.344444 0.0375 0.111111
21 0.5625 0.355556 0.0375 0.0888889
14 0.625 0.344444 0.0625 0.0666667
21 0.63125 0.344444 0.05 0.0666667
1 0.990625 0.355556 0.01875 0.0444444
2 0.015625 0.377778 0.03125 0.0444444
8 0.16875 0.388889 0.25 0.0666667
23 0.23125 0.377778 0.125 0.0444444
11 0.2125 0.377778 0.0375 0.0444444
10 0.21875 0.377778 0.025 0.0444444
12 0.46875 0.377778 0 0.0444444
12 0.48125 0.377778 0 0.0444444
12 0.49375 0.366667 0.025 0.0666667
12 0.5 0.366667 0.0125 0.0666667
21 0.625 0.366667 0.0625 0.0666667
12 0.96875 0.377778 0.025 0.0444444
10 0.98125 0.377778 0.025 0.0444444
3 0.990625 0.377778 0.01875 0.0444444
2 0.053125 0.4 0.10625 0.0888889
4 0.015625 0.4 0.03125 0.0444444
8 0.046875 0.4 0.09375 0.0888889
6 0.15625 0.411111 0.175 0.0666667
25 0.2 0.422222 0.1875 0.0888889
12 0.2125 0.4 0.0375 0.0444444
8 0.053125 0.422222 0.10625 0.0888889
8 0.015625 0.422222 0.03125 0.0444444
8 0.015625 0.422222 0.03125 0.0888889
6 0.2 0.422222 0.1875 0.0888889
11 0.2125 0.411111 0.0375 0.0666667
25 0.940625 0.433333 0.11875 0.0666667
2 0.053125 0.433333 0.10625 0.0666667
4 0.015625 0.433333 0.03125 0.0666667
8 0.021875 0.422222 0.04375 0.133333
11 0.2125 0.433333 0.0375 0.0666667
2 0.053125 0.466667 0.10625 0.0888889
2 0.021875 0.477778 0.04375 0.0666667
4 0.078125 0.5 0.15625 0.0666667
21 0.0875 0.466667 0.1125 0.0444444
11 0.05625 0.466667 0.025 0.0444444
22 0.075 0.466667 0.0125 0.0444444
25 0.1125 0.477778 0.0625 0.0222222
11 0.10625 0.477778 0.025 0.0222222
23 0.125 0.466667 0.0375 0.0444444
6 0.959375 0.455556 0.08125 0.0666667
