44 0.25625 0.0111111 0.15 0.0222222
43 0.25 0.0111111 0.2125 0.0222222
43 0.2875 0.0111111 0.1625 0.0222222
44 0.325 0.0111111 0.2375 0.0222222
43 0.40625 0.0111111 0.15 0.0222222
43 0.375 0.0111111 0.2375 0.0222222
44 0.4375 0.0111111 0.2125 0.0222222
25 0.46875 0.0111111 0.2 0.0222222
29 0.48125 0.0111111 0.2 0.0222222
25 0.50625 0.0111111 0.2 0.0222222
25 0.54375 0.0111111 0.2 0.0222222
29 0.56875 0.0111111 0.2 0.0222222
44 0.59375 0.0111111 0.2 0.0222222
4 0.6375 0.0111111 0.2125 0.0222222
44 0.7125 0.0111111 0.1375 0.0222222
10 0.725 0.0111111 0.1375 0.0222222
10 0.74375 0.0111111 0.125 0.0222222
11 0.75625 0.0111111 0.125 0.0222222
21 0.7625 0.0111111 0.1375 0.0222222
21 0.7125 0.0111111 0.2625 0.0222222
4 0.7875 0.0111111 0.1375 0.0222222
42 0.78125 0.0111111 0.2 0.0222222
25 0.7875 0.0111111 0.2125 0.0222222
34 0.8 0.0111111 0.2125 0.0222222
29 0.80625 0.0111111 0.2 0.0222222
29 0.85 0.0111111 0.1875 0.0222222
25 0.89375 0.0111111 0.2 0.0222222
29 0.9 0.0111111 0.1875 0.0222222
44 0.903125 0.0111111 0.19375 0.0222222
34 0.909375 0.0111111 0.18125 0.0222222
44 0.26875 0.0222222 0.125 0.0444444
43 0.3125 0.0222222 0.1125 0.0444444
44 0.3375 0.0222222 0.1625 0.0444444
44 0.50625 0.0111111 0.2 0.0222222
43 0.53125 0.0111111 0.2 0.0222222
42 0.54375 0.0111111 0.2 0.0222222
42 0.58125 0.0111111 0.2 0.0222222
42 0.65625 0.0111111 0.1 0.0222222
43 0.68125 0.0111111 0.1 0.0222222
42 0.70625 0.0111111 0.1 0.0222222
42 0.71875 0.0111111 0.1 0.0222222
44 0.73125 0.0111111 0.1 0.0222222
44 0.75625 0.0111111 0.1 0.0222222
44 0.80625 0.0111111 0.1 0.0222222
43 0.81875 0.0111111 0.1 0.0222222
42 0.83125 0.0111111 0.1 0.0222222
43 0.84375 0.0111111 0.1 0.0222222
42 0.85625 0.0111111 0.1 0.0222222
42 0.86875 0.0111111 0.1 0.0222222
43 0.83125 0.0111111 0.2 0.0222222
44 0.84375 0.0111111 0.2 0.0222222
44 0.88125 0.0111111 0.2 0.0222222
44 0.965625 0.0111111 0.06875 0.0222222
44 0.921875 0.0111111 0.15625 0.0222222
44 0.971875 0.0111111 0.05625 0.0222222
44 0.984375 0.0222222 0.03125 0.0444444
44 0.978125 0.0222222 0.04375 0.0444444
44 0.55 0.0222222 0.1625 0.0444444
44 0.55625 0.0222222 0.175 0.0444444
19 0.053125 0.0555556 0.10625 0.111111
20 0.059375 0.0555556 0.11875 0.111111
23 0.06875 0.0777778 0.125 0.0666667
25 0.053125 0.0666667 0.10625 0.0888889
11 0.0375 0.0777778 0.0625 0.0666667
8 0.053125 0.1 0.10625 0.111111
8 0.034375 0.0888889 0.06875 0.0888889
6 0.09375 0.122222 0.175 0.0666667
8 0.4125 0.133333 0.1125 0.0444444
11 0.059375 0.122222 0.11875 0.111111
8 0.053125 0.144444 0.10625 0.111111
8 0.034375 0.155556 0.06875 0.0888889
11 0.0125 0.322222 0.0125 0.111111
11 0.0125 0.344444 0.0125 0.111111
4 0.053125 0.388889 0.10625 0.111111
4 0.053125 0.411111 0.10625 0.111111
8 0.028125 0.477778 0.05625 0.111111
4 0.021875 0.5 0.04375 0.111111
5 0.021875 0.522222 0.04375 0.111111
6 0.021875 0.533333 0.04375 0.0888889
4 0.028125 0.566667 0.05625 0.111111
4 0.021875 0.6 0.04375 0.133333
11 0.01875 0.6 0 0.0888889
4 0.021875 0.633333 0.04375 0.111111
11 0.01875 0.644444 0 0.0444444
6 0.021875 0.655556 0.04375 0.111111
11 0.01875 0.644444 0 0.0888889
4 0.021875 0.677778 0.04375 0.111111
4 0.021875 0.711111 0.04375 0.133333
4 0.053125 0.733333 0.10625 0.133333
8 0.0125 0.722222 0.0125 0.0666667
11 0.01875 0.733333 0 0.0888889
4 0.053125 0.766667 0.10625 0.111111
11 0.01875 0.755556 0 0.0888889
11 0.009375 0.777778 0.01875 0.0888889
4 0.053125 0.811111 0.10625 0.155556
4 0.021875 0.844444 0.04375 0.0888889
8 0.01875 0.855556 0 0.0666667
4 0.053125 0.855556 0.10625 0.111111
11 0.01875 0.855556 0.025 0.0666667
4 0.053125 0.866667 0.10625 0.133333
8 0.009375 0.888889 0.01875 0.133333
4 0.053125 0.9 0.10625 0.111111
8 0.01875 0.9 0 0.111111
4 0.053125 0.922222 0.10625 0.155556
11 0.03125 0.944444 0.025 0.111111
4 0.053125 0.955556 0.10625 0.0888889
9 0.034375 0.955556 0.06875 0.0888889
6 0.13125 0.327778 0.2625 0.655556
13 0.11875 0.0388889 0.2375 0.0777778
29 0.2375 0.0611111 0.4 0.122222
13 0.3 0.0388889 0.375 0.0777778
11 0.4 0.0388889 0.425 0.0777778
9 0.425 0.0388889 0.375 0.0777778
35 0.55 0.0388889 0.425 0.0777778
29 0.5625 0.0388889 0.45 0.0777778
9 0.5875 0.0611111 0.35 0.122222
13 0.6125 0.0611111 0.35 0.122222
29 0.675 0.0611111 0.325 0.122222
29 0.7375 0.0611111 0.3 0.122222
9 0.89375 0.0611111 0.2125 0.122222
13 0.25 0.0611111 0.375 0.122222
13 0.35 0.0611111 0.325 0.122222
29 0.5625 0.0388889 0.3 0.0777778
29 0.7625 0.0388889 0.35 0.0777778
29 0.8 0.0611111 0.325 0.122222
29 0.89375 0.0611111 0.2125 0.122222
29 0.89375 0.0611111 0.2125 0.122222
13 0.19375 0.283333 0.3875 0.566667
13 0.14375 0.388889 0.2875 0.711111
13 0.18125 0.1 0.3625 0.133333
13 0.18125 0.122222 0.3625 0.0888889
13 0.19375 0.144444 0.3875 0.133333
13 0.26875 0.105556 0.5375 0.211111
29 0.25 0.105556 0.475 0.211111
13 0.3 0.0833333 0.575 0.166667
13 0.3375 0.1 0.45 0.133333
29 0.4125 0.0833333 0.4 0.166667
29 0.5375 0.105556 0.55 0.211111
29 0.575 0.1 0.575 0.133333
29 0.675 0.1 0.525 0.133333
13 0.15625 0.255556 0.3125 0.444444
29 0.15625 0.122222 0.3125 0.177778
29 0.16875 0.122222 0.3375 0.0888889
29 0.19375 0.144444 0.3875 0.133333
29 0.26875 0.144444 0.5375 0.133333
57 0.2625 0.144444 0.5 0.133333
57 0.35 0.166667 0.375 0.177778
57 0.4625 0.166667 0.45 0.177778
57 0.5125 0.144444 0.45 0.133333
27 0.6125 0.122222 0.55 0.177778
27 0.71875 0.122222 0.5625 0.177778
27 0.75 0.144444 0.475 0.222222
57 0.7375 0.188889 0.45 0.311111
27 0.84375 0.144444 0.3125 0.222222
27 0.85625 0.122222 0.2875 0.177778
27 0.86875 0.233333 0.2625 0.4
29 0.88125 0.233333 0.2375 0.4
29 0.89375 0.122222 0.2125 0.177778
0 0.01875 0.322222 0.0375 0.488889
29 0.13125 0.344444 0.2625 0.444444
29 0.20625 0.166667 0.4125 0.177778
13 0.275 0.188889 0.375 0.133333
29 0.3125 0.188889 0.35 0.133333
13 0.3875 0.188889 0.45 0.133333
29 0.3875 0.188889 0.4 0.133333
20 0.45 0.188889 0.325 0.133333
29 0.4625 0.188889 0.35 0.133333
29 0.475 0.166667 0.375 0.177778
20 0.525 0.188889 0.475 0.222222
20 0.625 0.166667 0.525 0.177778
20 0.625 0.322222 0.575 0.488889
57 0.65 0.322222 0.475 0.488889
27 0.675 0.166667 0.475 0.266667
27 0.7 0.3 0.475 0.533333
29 0.7625 0.322222 0.4 0.488889
27 0.7875 0.3 0.4 0.533333
27 0.81875 0.3 0.3625 0.533333
29 0.84375 0.3 0.3125 0.533333
10 0.90625 0.166667 0.1875 0.266667
9 0.01875 0.211111 0.0375 0.177778
10 0.35 0.188889 0.375 0.133333
10 0.275 0.188889 0.175 0.133333
11 0.45 0.366667 0.325 0.488889
20 0.4625 0.233333 0.35 0.222222
29 0.5625 0.211111 0.5 0.177778
20 0.5875 0.233333 0.55 0.222222
16 0.625 0.366667 0.525 0.488889
29 0.7 0.3 0.525 0.533333
29 0.89375 0.166667 0.2125 0.266667
9 0.00625 0.211111 0.0125 0.177778
29 0.19375 0.255556 0.3875 0.266667
29 0.16875 0.277778 0.3375 0.222222
29 0.3375 0.233333 0.15 0.222222
18 0.4625 0.255556 0.3 0.266667
29 0.5125 0.255556 0.4 0.266667
20 0.5125 0.255556 0.45 0.266667
29 0.89375 0.277778 0.2125 0.0444444
29 0.89375 0.277778 0.2125 0.133333
29 0.19375 0.322222 0.3875 0.133333
29 0.20625 0.3 0.4125 0.266667
29 0.16875 0.322222 0.3375 0.222222
29 0.2875 0.344444 0.2 0.266667
29 0.35 0.322222 0.525 0.222222
29 0.4 0.322222 0.375 0.133333
20 0.5375 0.322222 0.35 0.133333
13 0.45 0.344444 0.675 0.177778
29 0.6375 0.344444 0.35 0.177778
29 0.675 0.3 0.375 0.0888889
18 0.5875 0.344444 0.2 0.177778
29 0.78125 0.255556 0.4375 0.266667
18 0.79375 0.277778 0.4125 0.222222
18 0.7375 0.277778 0.25 0.311111
18 0.8125 0.277778 0.3 0.311111
29 0.88125 0.388889 0.2375 0.355556
38 0.89375 0.388889 0.2125 0.355556
13 0.19375 0.627778 0.3875 0.744444
29 0.21875 0.344444 0.4375 0.177778
29 0.2875 0.388889 0.45 0.177778
29 0.3875 0.366667 0.4 0.222222
31 0.4625 0.388889 0.45 0.177778
13 0.525 0.366667 0.325 0.133333
31 0.6375 0.388889 0.3 0.177778
29 0.5875 0.366667 0.3 0.133333
29 0.675 0.411111 0.325 0.222222
29 0.74375 0.366667 0.5125 0.222222
29 0.78125 0.322222 0.4375 0.222222
29 0.7875 0.366667 0.4 0.133333
29 0.7875 0.3 0.35 0.266667
29 0.825 0.322222 0.275 0.222222
29 0.88125 0.411111 0.2375 0.4
10 0.89375 0.388889 0.2125 0.355556
10 0.89375 0.388889 0.2125 0.355556
29 0.18125 0.411111 0.3625 0.222222
20 0.19375 0.411111 0.3875 0.133333
29 0.18125 0.411111 0.3625 0.133333
29 0.2875 0.411111 0.4 0.133333
29 0.35 0.433333 0.375 0.177778
13 0.3375 0.388889 0.5 0.177778
13 0.375 0.411111 0.475 0.133333
13 0.4625 0.411111 0.45 0.133333
29 0.475 0.411111 0.475 0.133333
29 0.6375 0.388889 0.3 0.177778
57 0.6625 0.388889 0.4 0.177778
29 0.675 0.411111 0.625 0.133333
29 0.7125 0.433333 0.4 0.177778
29 0.10625 0.588889 0.2125 0.577778
29 0.13125 0.433333 0.2625 0.177778
29 0.09375 0.411111 0.1875 0.133333
29 0.225 0.433333 0.425 0.177778
13 0.275 0.433333 0.375 0.177778
29 0.3125 0.411111 0.25 0.133333
29 0.2875 0.588889 0.2 0.488889
29 0.4375 0.433333 0.25 0.177778
29 0.5 0.455556 0.325 0.222222
20 0.525 0.455556 0.325 0.222222
57 0.5625 0.433333 0.35 0.177778
29 0.5875 0.433333 0.45 0.177778
57 0.725 0.455556 0.525 0.133333
10 0.89375 0.544444 0.2125 0.577778
9 0.89375 0.477778 0.2125 0.355556
0 0.05625 0.611111 0.1125 0.444444
29 0.5375 0.477778 0.35 0.177778
20 0.5875 0.633333 0.45 0.488889
20 0.5625 0.477778 0.4 0.177778
20 0.4625 0.477778 0.7 0.177778
13 0.625 0.477778 0.575 0.177778
29 0.6125 0.588889 0.2 0.4
31 0.625 0.588889 0.225 0.4
29 0.625 0.477778 0.225 0.177778
20 0.775 0.588889 0.075 0.488889
20 0.8 0.588889 0.075 0.488889
20 0.825 0.588889 0.075 0.488889
20 0.8125 0.588889 0.15 0.488889
29 0.89375 0.588889 0.2125 0.577778
9 0.89375 0.566667 0.2125 0.266667
9 0.00625 0.522222 0.0125 0.177778
29 0.05625 0.655556 0.1125 0.533333
29 0.2 0.5 0.375 0.133333
29 0.225 0.477778 0.125 0.177778
29 0.25 0.477778 0.375 0.177778
29 0.35 0.655556 0.175 0.533333
29 0.4 0.655556 0.075 0.533333
20 0.6 0.522222 0.475 0.177778
13 0.4875 0.522222 0.75 0.177778
13 0.625 0.522222 0.525 0.177778
29 0.625 0.5 0.575 0.222222
57 0.6 0.694444 0.175 0.611111
29 0.625 0.694444 0.225 0.611111
13 0.6375 0.5 0.2 0.222222
10 0.7125 0.5 0.35 0.222222
29 0.75 0.611111 0.075 0.444444
51 0.7875 0.611111 0.05 0.444444
29 0.8125 0.694444 0.05 0.611111
10 0.90625 0.566667 0.1875 0.444444
9 0.19375 0.566667 0.3875 0.266667
20 0.09375 0.7 0.1875 0.533333
13 0.1375 0.544444 0.25 0.133333
10 0.2875 0.522222 0.05 0.0888889
29 0.3125 0.694444 0.1 0.611111
29 0.6 0.716667 0.375 0.566667
