6 0.76875 0.0111111 0.175 0.0222222
44 0.8 0.0111111 0.1875 0.0222222
44 0.8375 0.0111111 0.1875 0.0222222
44 0.915625 0.0111111 0.16875 0.0222222
43 0.946875 0.0111111 0.10625 0.0222222
8 0.021875 0.0333333 0.04375 0.0666667
11 0.0375 0.0333333 0.0625 0.0666667
10 0.125 0.0444444 0.0625 0.0444444
10 0.1375 0.0444444 0.0625 0.0444444
11 0.14375 0.0444444 0.075 0.0444444
11 0.15625 0.0444444 0.05 0.0444444
11 0.16875 0.0444444 0.05 0.0444444
23 0.1875 0.0444444 0.0375 0.0444444
23 0.2 0.0444444 0.0375 0.0444444
11 0.20625 0.0444444 0.025 0.0444444
23 0.25625 0.0444444 0.05 0.0444444
23 0.275 0.0444444 0.0625 0.0444444
23 0.2875 0.0444444 0.0625 0.0444444
6 0.4125 0.0333333 0.1375 0.0666667
4 0.39375 0.0333333 0.175 0.0666667
4 0.3875 0.0444444 0.0375 0.0444444
8 0.73125 0.0444444 0.075 0.0444444
8 0.015625 0.0666667 0.03125 0.133333
8 0.040625 0.0777778 0.08125 0.0666667
6 0.0625 0.0777778 0.0625 0.0222222
6 0.16875 0.0666667 0.175 0.0444444
3 0.16875 0.0666667 0.075 0.0444444
2 0.1875 0.0666667 0.0375 0.0444444
12 0.19375 0.0666667 0.05 0.0444444
6 0.225 0.0777778 0.1125 0.0666667
6 0.26875 0.0777778 0.15 0.0666667
5 0.26875 0.0555556 0.125 0.0666667
6 0.275 0.0555556 0.1125 0.0666667
6 0.29375 0.0555556 0.1 0.0666667
6 0.29375 0.0444444 0.1 0.0444444
6 0.3375 0.0555556 0.1125 0.0666667
5 0.34375 0.0444444 0.1 0.0888889
5 0.4 0.0666667 0.1875 0.0888889
2 0.39375 0.0666667 0.175 0.0888889
2 0.36875 0.0555556 0.1 0.0666667
5 0.4 0.0666667 0.1125 0.0888889
6 0.43125 0.0666667 0.1 0.0888889
5 0.48125 0.0555556 0.175 0.0666667
2 0.5 0.0666667 0.1625 0.0888889
4 0.50625 0.0555556 0.175 0.0666667
6 0.5 0.0666667 0.1125 0.0444444
6 0.5375 0.0777778 0.1125 0.0666667
6 0.59375 0.0555556 0.175 0.0666667
6 0.575 0.0444444 0.1125 0.0444444
5 0.6375 0.0777778 0.1375 0.0666667
6 0.675 0.0666667 0.0875 0.0444444
42 0.68125 0.0666667 0.1 0.0444444
43 0.71875 0.0666667 0.175 0.0444444
30 0.725 0.0666667 0.1625 0.0444444
6 0.7375 0.0666667 0.0625 0.0444444
0 0.75 0.0666667 0.0625 0.0444444
43 0.9125 0.0777778 0.1375 0.0666667
8 0.93125 0.0666667 0.1 0.0444444
8 0.040625 0.1 0.08125 0.111111
8 0.08125 0.0888889 0.125 0.0444444
4 0.071875 0.1 0.14375 0.0666667
6 0.046875 0.0888889 0.09375 0.0444444
6 0.0875 0.1 0.1125 0.0666667
6 0.1 0.0888889 0.1375 0.0888889
2 0.10625 0.0888889 0.125 0.0888889
4 0.15625 0.0888889 0.175 0.0888889
9 0.1375 0.0888889 0.1125 0.0444444
0 0.175 0.0888889 0.0625 0.0444444
1 0.19375 0.0777778 0.05 0.0666667
9 0.19375 0.0777778 0.05 0.0666667
1 0.21875 0.0777778 0.075 0.0666667
9 0.225 0.0777778 0.0875 0.0666667
4 0.225 0.0888889 0.1125 0.0888889
4 0.25 0.0888889 0.1375 0.0888889
4 0.28125 0.0777778 0.1 0.0666667
4 0.3125 0.0888889 0.0375 0.0444444
4 0.34375 0.111111 0.05 0.0888889
4 0.3375 0.0888889 0.1125 0.133333
4 0.3625 0.1 0.0625 0.111111
4 0.41875 0.1 0.15 0.111111
4 0.36875 0.111111 0.1 0.0888889
4 0.39375 0.1 0.125 0.0666667
6 0.41875 0.0888889 0.05 0.0444444
4 0.48125 0.1 0.075 0.111111
6 0.48125 0.111111 0.125 0.0888889
44 0.50625 0.122222 0.075 0.0666667
42 0.525 0.111111 0.0625 0.0444444
44 0.525 0.0888889 0.0375 0.0444444
1 0.54375 0.0888889 0.05 0.0444444
9 0.55 0.0888889 0.0625 0.0444444
44 0.625 0.0888889 0.1125 0.0888889
6 0.6375 0.0888889 0.1375 0.0888889
6 0.6625 0.0888889 0.1125 0.0888889
44 0.6875 0.0888889 0.1125 0.0888889
44 0.7125 0.1 0.1625 0.0666667
32 0.75625 0.0888889 0.1 0.0444444
44 0.76875 0.0888889 0.075 0.0444444
44 0.78125 0.1 0.075 0.0666667
44 0.79375 0.0888889 0.075 0.0888889
44 0.078125 0.133333 0.15625 0.0444444
44 0.071875 0.122222 0.14375 0.0666667
9 0.075 0.111111 0.0625 0.0444444
4 0.0875 0.111111 0.0875 0.0888889
4 0.10625 0.1 0.125 0.111111
4 0.1625 0.122222 0.1625 0.0666667
11 0.1375 0.133333 0.1125 0.0444444
11 0.16875 0.122222 0.05 0.0222222
44 0.23125 0.122222 0.075 0.0666667
6 0.25625 0.122222 0.125 0.0666667
4 0.2625 0.122222 0.1125 0.0666667
4 0.3 0.122222 0.0625 0.0666667
6 0.33125 0.133333 0.1 0.0444444
6 0.3375 0.122222 0.1125 0.0666667
4 0.36875 0.122222 0.075 0.0666667
4 0.4 0.122222 0.1625 0.0666667
4 0.4 0.122222 0.0875 0.0666667
11 0.425 0.122222 0.0625 0.0222222
6 0.065625 0.133333 0.13125 0.0444444
6 0.0875 0.133333 0.0875 0.0444444
4 0.08125 0.133333 0.1 0.0444444
4 0.1125 0.133333 0.1625 0.0444444
4 0.14375 0.133333 0.075 0.0444444
6 0.14375 0.133333 0.1 0.0444444
6 0.059375 0.155556 0.11875 0.0888889
4 0.0875 0.155556 0.0875 0.0444444
6 0.11875 0.155556 0.05 0.0444444
6 0.13125 0.155556 0.075 0.0444444
4 0.15 0.155556 0.0625 0.0888889
23 0.14375 0.155556 0.1 0.0888889
9 0.034375 0.177778 0.06875 0.0888889
44 0.1375 0.188889 0.0625 0.0666667
9 0.021875 0.2 0.04375 0.0444444
9 0.015625 0.211111 0.03125 0.0666667
9 0.021875 0.233333 0.04375 0.0666667
8 0.30625 0.288889 0.175 0.0444444
8 0.3125 0.3 0.1625 0.0666667
8 0.1375 0.311111 0.1125 0.0888889
8 0.021875 0.355556 0.04375 0.0444444
23 0.125 0.366667 0.1625 0.0666667
19 0.13125 0.355556 0.075 0.0444444
23 0.1625 0.366667 0.1375 0.0666667
9 0.028125 0.377778 0.05625 0.0888889
8 0.028125 0.388889 0.05625 0.0666667
6 0.6625 0.422222 0.1125 0.0444444
6 0.71875 0.422222 0.175 0.0444444
6 0.6875 0.422222 0.0875 0.0444444
6 0.71875 0.422222 0.1 0.0444444
6 0.7375 0.422222 0.0875 0.0444444
6 0.7625 0.422222 0.0375 0.0444444
6 0.84375 0.422222 0.175 0.0444444
6 0.8125 0.422222 0.0875 0.0444444
4 0.41875 0.444444 0.075 0.0444444
25 0.68125 0.444444 0.1 0.0444444
55 0.7125 0.444444 0.0375 0.0444444
6 0.71875 0.444444 0.025 0.0444444
6 0.7375 0.455556 0.0125 0.0222222
6 0.725 0.455556 0.0875 0.0222222
6 0.775 0.455556 0.0125 0.0222222
28 0.7125 0.466667 0.0375 0.0444444
9 0.71875 0.466667 0.025 0.0444444
11 0.034375 0.511111 0.06875 0.0444444
9 0.034375 0.544444 0.06875 0.0666667
25 0.85 0.522222 0.0875 0.0666667
4 0.015625 0.566667 0.03125 0.0666667
9 0.034375 0.566667 0.06875 0.0666667
9 0.015625 0.588889 0.03125 0.0666667
25 0.56875 0.744444 0.075 0.0666667
9 0.625 0.755556 0.1125 0.0888889
25 0.60625 0.766667 0.1 0.0666667
6 0.61875 0.766667 0.1 0.0666667
9 0.64375 0.777778 0.05 0.0888889
9 0.65625 0.777778 0.075 0.0888889
9 0.66875 0.766667 0.075 0.0666667
9 0.6875 0.788889 0.0375 0.0666667
6 0.5125 0.811111 0.0875 0.0666667
6 0.55 0.8 0.0875 0.0888889
6 0.59375 0.811111 0.1 0.111111
6 0.6625 0.811111 0.0875 0.0666667
6 0.6875 0.811111 0.1125 0.0666667
6 0.81875 0.811111 0.075 0.0666667
4 0.43125 0.855556 0.1 0.0666667
4 0.48125 0.855556 0.075 0.0666667
6 0.49375 0.855556 0.075 0.0666667
6 0.4875 0.855556 0.1125 0.0666667
6 0.53125 0.855556 0.075 0.0666667
4 0.5375 0.844444 0.1125 0.0444444
6 0.6625 0.844444 0.0875 0.0444444
6 0.7 0.822222 0.1125 0.0888889
6 0.7125 0.844444 0.1125 0.0444444
6 0.43125 0.877778 0.1 0.0666667
6 0.64375 0.877778 0.125 0.0666667
6 0.68125 0.877778 0.075 0.0666667
6 0.69375 0.866667 0.075 0.0444444
6 0.7 0.866667 0.1125 0.0444444
6 0.53125 0.888889 0.075 0.0444444
6 0.675 0.888889 0.0875 0.0444444
6 0.7 0.888889 0.0625 0.0444444
6 0.7125 0.888889 0.0625 0.0444444
6 0.7375 0.888889 0.0625 0.0444444
6 0.70625 0.911111 0.075 0.0444444
6 0.74375 0.911111 0.075 0.0444444
39 0.84375 0.9 0.025 0.0222222
6 0.89375 0.9 0.025 0.0222222
6 0.575 0.933333 0.1375 0.0444444
68 0.56875 0.922222 0.05 0.0222222
7 0.14375 0.933333 0.05 0.0444444
2 0.15 0.944444 0.0625 0.0666667
6 0.1625 0.944444 0.0625 0.0666667
6 0.175 0.933333 0.0625 0.0888889
43 0.18125 0.944444 0.05 0.0666667
12 0.39375 0.955556 0.025 0.0444444
10 0.51875 0.966667 0.075 0.0222222
10 0.51875 0.966667 0.025 0.0222222
55 0.525 0.966667 0.0375 0.0222222
47 0.53125 0.955556 0.025 0.0444444
47 0.5625 0.955556 0.0625 0.0444444
6 0.7375 0.944444 0.1625 0.111111
12 0.49375 0.977778 0.05 0.0444444
9 0.50625 0.977778 0.025 0.0444444
19 0.51875 0.977778 0.05 0.0444444
6 0.53125 0.977778 0.025 0.0444444
8 0.028125 1 0.05625 0
52 0.1125 0.0388889 0.15 0.0777778
29 0.325 0.0166667 0.225 0.0333333
9 0.09375 0.35 0.1875 0.7
9 0.1125 0.0388889 0.2 0.0777778
52 0.075 0.0388889 0.125 0.0777778
9 0.11875 0.105556 0.2375 0.211111
5 0.0875 0.122222 0.15 0.177778
9 0.1375 0.122222 0.05 0.177778
9 0.19375 0.122222 0.3875 0.177778
52 0.3875 0.122222 0.35 0.177778
54 0.3875 0.122222 0.3 0.177778
35 0.4875 0.122222 0.35 0.177778
52 0.7375 0.122222 0.35 0.177778
35 0.7125 0.122222 0.25 0.177778
5 0.04375 0.144444 0.0875 0.133333
5 0.125 0.166667 0.225 0.177778
9 0.0875 0.144444 0.15 0.222222
51 0.09375 0.144444 0.1875 0.222222
13 0.2625 0.144444 0.15 0.133333
5 0.875 0.144444 0.225 0.133333
49 0.06875 0.188889 0.1375 0.133333
9 0.08125 0.188889 0.1625 0.133333
49 0.325 0.166667 0.125 0.0888889
9 0.6625 0.188889 0.25 0.222222
9 0.7125 0.188889 0.15 0.133333
12 0.7375 0.166667 0.15 0.0888889
29 0.8 0.144444 0.175 0.222222
29 0.8125 0.144444 0.25 0.222222
29 0.85625 0.122222 0.2875 0.177778
29 0.8625 0.166667 0.25 0.177778
5 0.9125 0.188889 0.15 0.222222
5 0.04375 0.233333 0.0875 0.133333
2 0.04375 0.233333 0.0875 0.133333
29 0.05625 0.211111 0.1125 0.177778
29 0.2125 0.233333 0.1 0.133333
11 0.2125 0.233333 0.1 0.133333
11 0.2125 0.233333 0.15 0.133333
29 0.3875 0.233333 0.1 0.133333
49 0.5125 0.233333 0.25 0.133333
9 0.6875 0.188889 0.15 0.222222
29 0.925 0.233333 0.125 0.133333
29 0.04375 0.255556 0.0875 0.177778
29 0.06875 0.255556 0.1375 0.177778
29 0.1375 0.233333 0.2 0.133333
11 0.2625 0.233333 0.3 0.133333
5 0.2 0.233333 0.175 0.133333
11 0.2875 0.255556 0.4 0.177778
11 0.3875 0.255556 0.3 0.177778
29 0.35 0.233333 0.175 0.133333
49 0.3625 0.233333 0.15 0.133333
5 0.5375 0.233333 0.55 0.133333
54 0.5375 0.277778 0.35 0.133333
29 0.575 0.277778 0.175 0.133333
5 0.25 0.3 0.475 0.0888889
11 0.325 0.277778 0.425 0.222222
29 0.7125 0.255556 0.05 0.0888889
49 0.75 0.344444 0.175 0.0888889
54 0.9375 0.3 0.1 0.0888889
29 0.83125 0.411111 0.3375 0.222222
9 0.85625 0.411111 0.2875 0.222222
2 0.91875 0.366667 0.1625 0.222222
67 0.4625 0.477778 0.4 0.177778
54 0.7 0.477778 0.425 0.177778
5 0.8 0.433333 0.225 0.266667
5 0.80625 0.477778 0.3875 0.177778
11 0.83125 0.5 0.3375 0.133333
2 0.88125 0.522222 0.2375 0.177778
9 0.03125 0.566667 0.0625 0.533333
29 0.3 0.5 0.225 0.0444444
49 0.6 0.5 0.225 0.222222
5 0.76875 0.566667 0.4625 0.177778
29 0.7125 0.544444 0.2 0.133333
12 0.5625 0.544444 0.25 0.222222
5 0.825 0.611111 0.175 0.177778
5 0.85 0.588889 0.175 0.133333
5 0.8625 0.611111 0.25 0.177778
2 0.90625 0.611111 0.1875 0.177778
67 0.65 0.633333 0.225 0.222222
