8 0.015625 0.0111111 0.03125 0.0222222
8 0.059375 0.0111111 0.11875 0.0222222
8 0.071875 0 0.14375 0
8 0.078125 0 0.15625 0
8 0.078125 0.0111111 0.15625 0.0222222
8 0.103125 0 0.20625 0
47 0.128125 0 0.25625 0
8 0.134375 0 0.26875 0
8 0.146875 0.0111111 0.29375 0.0222222
8 0.46875 0.0111111 0.15 0.0222222
8 0.4875 0 0.1375 0
8 0.54375 0.0111111 0.15 0.0222222
8 0.51875 0 0.3 0
8 0.53125 0 0.3 0
11 0.63125 0 0.15 0
8 0.56875 0.0222222 0.3 0.0444444
8 0.6625 0 0.1375 0
8 0.675 0.0222222 0.1375 0.0444444
44 0.80625 0.0111111 0.3 0.0222222
8 0.81875 0 0.3 0
8 0.83125 0 0.3 0
6 0.84375 0.0222222 0.3 0.0444444
8 0.853125 0.0222222 0.29375 0.0444444
8 0.940625 0.0222222 0.11875 0.0444444
25 0.53125 0.0222222 0.3 0.0444444
49 0.61875 0.0111111 0.125 0.0222222
8 0.934375 0.0111111 0.13125 0.0222222
8 0.946875 0.0222222 0.10625 0.0444444
21 0.525 0.0333333 0.2875 0.0666667
21 0.6125 0.0222222 0.1375 0.0444444
11 0.58125 0.0333333 0.3 0.0666667
8 0.925 0.0222222 0.1375 0.0444444
8 0.934375 0.0333333 0.13125 0.0666667
8 0.946875 0.0333333 0.10625 0.0666667
8 0.94375 0.0333333 0.05 0.0666667
8 0.38125 0.0444444 0.15 0.0888889
37 0.40625 0.0555556 0.275 0.111111
17 0.61875 0.0555556 0.1 0.0666667
25 0.625 0.0555556 0.1125 0.0666667
10 0.9375 0.0333333 0.1125 0.0666667
29 0.978125 0.0888889 0.04375 0.177778
29 0.059375 0.0555556 0.11875 0.111111
26 0.51875 0.0666667 0.1 0.0888889
26 0.51875 0.0888889 0.125 0.0444444
26 0.575 0.0777778 0.1125 0.0666667
26 0.6 0.0777778 0.1125 0.0666667
25 0.6125 0.0777778 0.1125 0.0666667
25 0.625 0.0888889 0.1125 0.0444444
25 0.60625 0.0888889 0.025 0.0444444
29 0.61875 0.0888889 0.025 0.0444444
29 0.66875 0.1 0.125 0.0666667
11 0.68125 0.0888889 0.125 0.0444444
11 0.69375 0.0777778 0.125 0.0222222
11 0.7125 0.1 0.1125 0.0666667
11 0.725 0.0666667 0.1125 0.133333
26 0.91875 0.0555556 0.1 0.0666667
2 0.88125 0.0555556 0.025 0.0666667
10 0.940625 0.0444444 0.11875 0.0888889
8 0.946875 0.0444444 0.10625 0.0888889
10 0.978125 0.1 0.04375 0.2
8 0.053125 0.0777778 0.10625 0.111111
26 0.25625 0.0666667 0.15 0.133333
67 0.3125 0.1 0.1375 0.0222222
67 0.26875 0.1 0.3 0.0222222
67 0.35625 0.1 0.15 0.0222222
37 0.39375 0.1 0.15 0.0222222
67 0.48125 0.1 0.15 0.0222222
26 0.55625 0.111111 0.1 0.0444444
54 0.5875 0.111111 0.1125 0.0444444
26 0.6 0.111111 0.1125 0.0444444
17 0.6125 0.111111 0.1125 0.0444444
17 0.59375 0.111111 0.025 0.0444444
9 0.60625 0.122222 0.025 0.0666667
17 0.61875 0.122222 0.025 0.0666667
17 0.625 0.122222 0.0125 0.0666667
17 0.64375 0.122222 0.025 0.0666667
17 0.7 0.122222 0.1125 0.0666667
9 0.7125 0.122222 0.1125 0.0666667
9 0.725 0.111111 0.1125 0.0444444
26 0.75625 0.0666667 0.05 0.0888889
26 0.825 0.0888889 0.1125 0.0444444
26 0.814676 0.0777778 0.0668522 0.0222222
17 0.89375 0.0777778 0.125 0.0666667
17 0.9125 0.1 0.1125 0.111111
26 0.9125 0.0666667 0.1125 0.0888889
10 0.88125 0.0777778 0.025 0.111111
10 0.8875 0.0777778 0.0375 0.111111
10 0.940625 0.0777778 0.11875 0.111111
10 0.978125 0.0777778 0.04375 0.155556
8 0.053125 0.1 0.10625 0.111111
26 0.25 0.122222 0.1625 0.0666667
67 0.25625 0.133333 0.3 0.0444444
67 0.3625 0.122222 0.1125 0.0666667
67 0.39375 0.133333 0.125 0.0444444
65 0.46875 0.133333 0.125 0.0444444
29 0.49375 0.144444 0.125 0.0666667
65 0.50625 0.144444 0.15 0.0666667
29 0.51875 0.144444 0.125 0.0666667
26 0.5375 0.144444 0.1375 0.0666667
26 0.53125 0.144444 0.05 0.0666667
26 0.575 0.144444 0.1125 0.0666667
25 0.6 0.144444 0.1125 0.0666667
17 0.6125 0.144444 0.1125 0.0666667
17 0.58125 0.144444 0.025 0.0666667
17 0.59375 0.144444 0.025 0.0666667
9 0.60625 0.144444 0.025 0.0666667
9 0.6125 0.144444 0.0375 0.0666667
9 0.625 0.144444 0.0125 0.0666667
9 0.64375 0.144444 0.025 0.0666667
17 0.65 0.133333 0.0125 0.0888889
9 0.73125 0.122222 0.1 0.0666667
10 0.75 0.133333 0.1125 0.0888889
11 0.75 0.0777778 0.1125 0.111111
26 0.74375 0.1 0.05 0.111111
26 0.7625 0.0888889 0.0625 0.133333
26 0.7625 0.0777778 0.0875 0.155556
26 0.8 0.1 0.0875 0.111111
26 0.79375 0.0888889 0.3 0.133333
17 0.8 0.111111 0.2875 0.0444444
17 0.9125 0.111111 0.1125 0.0444444
26 0.9125 0.0888889 0.1125 0.0888889
26 0.88125 0.0888889 0.025 0.0888889
26 0.8875 0.0888889 0.0375 0.0888889
10 0.89375 0.0888889 0.05 0.0888889
10 0.93125 0.0888889 0.075 0.133333
26 0.053125 0.133333 0.10625 0.0888889
67 0.0875 0.144444 0.0375 0.0222222
67 0.1375 0.155556 0.1375 0.0444444
44 0.1 0.166667 0.0875 0.0666667
67 0.18125 0.144444 0.125 0.0222222
67 0.19375 0.155556 0.125 0.0444444
67 0.2125 0.166667 0.1375 0.0666667
67 0.23125 0.122222 0.125 0.155556
37 0.25 0.122222 0.1125 0.155556
67 0.36875 0.133333 0.1 0.0444444
65 0.45 0.144444 0.0875 0.0666667
67 0.51875 0.155556 0.125 0.0444444
26 0.5625 0.155556 0.1125 0.0444444
16 0.59375 0.155556 0.1 0.0444444
3 0.59375 0.155556 0.125 0.0444444
17 0.6125 0.155556 0.1125 0.0444444
17 0.58125 0.155556 0.025 0.0444444
9 0.59375 0.155556 0.025 0.0444444
9 0.60625 0.166667 0.025 0.0666667
9 0.6125 0.155556 0.0375 0.0444444
9 0.63125 0.155556 0.025 0.0888889
9 0.65625 0.155556 0.025 0.0444444
17 0.7125 0.155556 0.1125 0.0444444
11 0.725 0.2 0.1125 0.133333
11 0.69375 0.166667 0.025 0.0666667
17 0.75625 0.122222 0.1 0.155556
26 0.7625 0.1 0.1375 0.111111
26 0.7625 0.155556 0.0625 0.0444444
26 0.775 0.155556 0.0625 0.0444444
17 0.78125 0.2 0.075 0.133333
17 0.83125 0.155556 0.125 0.0444444
17 0.80625 0.155556 0.075 0.0444444
17 0.83125 0.155556 0.05 0.0444444
17 0.8875 0.155556 0.1375 0.0444444
26 0.9 0.144444 0.1125 0.0666667
26 0.90625 0.155556 0.1 0.0444444
26 0.8875 0.155556 0.0375 0.0444444
26 0.8875 0.111111 0.0375 0.0888889
10 0.89375 0.111111 0.05 0.0888889
10 0.91875 0.122222 0.025 0.0666667
10 0.93125 0.111111 0.025 0.0888889
16 0.93125 0.111111 0.05 0.0888889
10 0.984375 0.122222 0.03125 0.155556
26 0.053125 0.155556 0.10625 0.133333
37 0.028125 0.133333 0.05625 0.0888889
44 0.15625 0.166667 0.125 0.0666667
67 0.175 0.166667 0.1375 0.0666667
67 0.2 0.177778 0.1375 0.0444444
26 0.54375 0.166667 0.1 0.0222222
26 0.54375 0.222222 0.125 0.133333
3 0.58125 0.177778 0.1 0.0444444
3 0.5125 0.177778 0.2875 0.0444444
3 0.56875 0.177778 0 0.0444444
3 0.59375 0.177778 0.025 0.0444444
3 0.59375 0.222222 0.05 0.133333
17 0.6 0.222222 0.0375 0.133333
17 0.6125 0.188889 0.0375 0.0666667
17 0.68125 0.188889 0.125 0.0666667
25 0.6 0.188889 0.2875 0.0666667
25 0.7 0.177778 0.1125 0.0444444
25 0.725 0.222222 0.1125 0.133333
17 0.69375 0.188889 5.72205e-07 0.0666667
17 0.7125 0.222222 0.0125 0.133333
17 0.76875 0.188889 0.125 0.0666667
26 0.78125 0.177778 0.125 0.0444444
26 0.70625 0.177778 0.3 0.0444444
17 0.80625 0.177778 0.125 0.0444444
17 0.8125 0.222222 0.1375 0.133333
17 0.83125 0.177778 0.125 0.0444444
17 0.8875 0.166667 0.2125 0.0222222
17 0.86875 0.166667 0.125 0.0222222
26 0.89375 0.177778 0.1 0.0444444
28 0.90625 0.177778 0.1 0.0444444
2 0.86875 0.177778 0.075 0.0444444
17 0.8875 0.177778 0.0375 0.0444444
17 0.9 0.177778 0.0125 0.0444444
10 0.90625 0.133333 0.025 0.0888889
10 0.93125 0.155556 0.025 0.133333
34 0.028125 0.2 0.05625 0.0444444
65 0.475 0.2 0.1375 0.0444444
67 0.5 0.2 0.1375 0.0444444
26 0.54375 0.2 0.1 0.0444444
1 0.51875 0.2 0.05 0.0444444
16 0.5625 0.2 0.1125 0.0444444
3 0.58125 0.2 0.1 0.0444444
3 0.55625 0.2 0.025 0.0444444
16 0.5125 0.2 0.2875 0.0444444
16 0.55625 0.2 0.05 0.0444444
16 0.575 0.2 0.0125 0.0444444
2 0.6 0.2 0.0375 0.0444444
10 0.60625 0.2 0.05 0.0444444
10 0.61875 0.2 0.025 0.0444444
21 0.625 0.2 0.0125 0.0444444
6 0.66875 0.2 0.15 0.0444444
6 0.7 0.2 0.1125 0.0444444
2 0.675 0.2 0.0875 0.0444444
13 0.71875 0.2 0.15 0.0444444
26 0.66875 0.2 0.3 0.0444444
26 0.78125 0.2 0.125 0.0444444
2 0.71875 0.2 0.3 0.0444444
2 0.8125 0.2 0.1375 0.0444444
26 0.8125 0.2 0.1375 0.0444444
26 0.78125 0.211111 0.3 0.0666667
26 0.85625 0.2 0.15 0.0444444
26 0.8875 0.2 0.1125 0.0444444
28 0.8875 0.2 0.1375 0.0444444
2 0.8625 0.2 0.0875 0.0444444
26 0.8625 0.2 0.0875 0.0444444
10 0.875 0.2 0.1125 0.0444444
10 0.875 0.2 0.0875 0.0888889
10 0.91875 0.166667 0.025 0.155556
29 0.059375 0.177778 0.11875 0.133333
34 0.028125 0.222222 0.05625 0.0444444
65 0.4 0.222222 0.1125 0.0444444
29 0.4125 0.222222 0.1125 0.0444444
63 0.44375 0.222222 0.15 0.0444444
63 0.475 0.222222 0.1625 0.0444444
26 0.49375 0.222222 0.175 0.0444444
16 0.5125 0.222222 0.0625 0.0444444
16 0.5625 0.222222 0.1125 0.0444444
3 0.58125 0.222222 0.1 0.0444444
16 0.5875 0.211111 0.1125 0.0222222
26 0.6 0.211111 0.1125 0.0222222
26 0.55625 0.211111 0.05 0.0222222
28 0.625 0.222222 0.1125 0.0444444
59 0.5875 0.222222 0.0375 0.0444444
25 0.65625 0.222222 0.125 0.0444444
21 0.68125 0.222222 0.125 0.0444444
21 0.60625 0.222222 0.3 0.0444444
6 0.70625 0.222222 0.125 0.0444444
59 0.71875 0.222222 0.15 0.0444444
13 0.73125 0.222222 0.15 0.0444444
2 0.66875 0.222222 0.3 0.0444444
26 0.76875 0.222222 0.125 0.0444444
59 0.69375 0.222222 0.3 0.0444444
2 0.79375 0.222222 0.15 0.0444444
26 0.8125 0.222222 0.1375 0.0444444
26 0.78125 0.222222 0.3 0.0444444
49 0.88125 0.222222 0.125 0.0444444
28 0.8875 0.222222 0.1375 0.0444444
59 0.8625 0.222222 0.0875 0.0444444
3 0.9 0.222222 0.1625 0.0444444
10 0.8625 0.255556 0.0875 0.155556
10 0.875 0.222222 0.0875 0.0888889
77 0.9125 0.177778 0.0375 0.177778
29 0.053125 0.222222 0.10625 0.133333
44 0.021875 0.277778 0.04375 0.155556
65 0.40625 0.244444 0.075 0.0444444
29 0.41875 0.244444 0.075 0.0444444
29 0.4375 0.244444 0.0625 0.0444444
64 0.45 0.244444 0.0625 0.0444444
29 0.48125 0.244444 0.15 0.0444444
25 0.51875 0.244444 0.175 0.0444444
26 0.54375 0.244444 0.15 0.0444444
26 0.575 0.233333 0.1125 0.0222222
28 0.58125 0.233333 0.125 0.0222222
31 0.60625 0.233333 0.125 0.0222222
31 0.5375 0.233333 0.2875 0.0222222
65 0.61875 0.233333 0.15 0.0222222
29 0.5625 0.233333 0.2875 0.0222222
43 0.58125 0.233333 0.3 0.0222222
37 0.59375 0.233333 0.3 0.0222222
37 0.60625 0.244444 0.3 0.0444444
59 0.70625 0.244444 0.15 0.0444444
13 0.7125 0.244444 0.1625 0.0444444
28 0.66875 0.244444 0.3 0.0444444
25 0.75 0.244444 0.1625 0.0444444
1 0.7625 0.244444 0.1625 0.0444444
1 0.71875 0.244444 0.3 0.0444444
16 0.73125 0.244444 0.3 0.0444444
26 0.80625 0.244444 0.15 0.0444444
26 0.78125 0.244444 0.3 0.0444444
26 0.79375 0.255556 0.3 0.0666667
26 0.86875 0.244444 0.15 0.0444444
26 0.9 0.244444 0.1625 0.0444444
