11 0.15 0.0111111 0.0875 0.0222222
11 0.19375 0.0111111 0.025 0.0222222
23 0.20625 0.0111111 0.05 0.0222222
23 0.2375 0.0111111 0.0875 0.0222222
23 0.2875 0.0111111 0.0375 0.0222222
11 0.35 0.0222222 0.1125 0.0444444
23 0.35 0.0222222 0.0875 0.0444444
35 0.3625 0.0222222 0.0875 0.0444444
47 0.4 0.0111111 0.1125 0.0222222
23 0.44375 0.0111111 0.15 0.0222222
21 0.4625 0 0.0375 0
21 0.4625 0 0.0625 0
79 0.5 0 0.0125 0
35 0.575 0 0.1875 0
35 0.60625 0.0222222 0.175 0.0444444
11 0.68125 0 0.1 0
55 0.7 0 0.0625 0
44 0.70625 0.0111111 0.075 0.0222222
8 0.73125 0.0111111 0.175 0.0222222
8 0.78125 0.0111111 0.1 0.0222222
8 0.8 0.0111111 0.1125 0.0222222
8 0.825 0.0111111 0.1125 0.0222222
8 0.79375 0.0111111 0.075 0.0222222
8 0.83125 0 0.025 0
8 0.934375 0.0111111 0.13125 0.0222222
8 0.965625 0.0111111 0.06875 0.0222222
11 0.034375 0.0111111 0.06875 0.0222222
21 0.09375 0.0111111 0.05 0.0222222
51 0.13125 0.0222222 0.075 0.0444444
23 0.1375 0.0222222 0.0875 0.0444444
21 0.1625 0.0222222 0.1625 0.0444444
32 0.18125 0.0222222 0.025 0.0444444
21 0.19375 0.0111111 0.025 0.0222222
47 0.2375 0.0111111 0.0625 0.0222222
51 0.3125 0.0222222 0.0375 0.0444444
42 0.325 0.0222222 0.1125 0.0444444
23 0.3375 0.0222222 0.1125 0.0444444
23 0.375 0.0222222 0.1625 0.0444444
23 0.45 0.0333333 0.1625 0.0666667
25 0.45625 0.0222222 0.175 0.0444444
21 0.5125 0.0222222 0.1625 0.0444444
25 0.51875 0.0222222 0.175 0.0444444
25 0.53125 0.0111111 0.075 0.0222222
25 0.54375 0.0111111 0.075 0.0222222
25 0.575 0.0111111 0.1375 0.0222222
47 0.59375 0.0222222 0.175 0.0444444
25 0.36875 0.0333333 0.05 0.0666667
25 0.38125 0.0444444 0.05 0.0888889
60 0.39375 0.0444444 0.05 0.0888889
25 0.4125 0.0333333 0.0875 0.0666667
21 0.50625 0.0333333 0.125 0.0666667
25 0.53125 0.0333333 0.125 0.0666667
21 0.525 0.0333333 0.0875 0.0666667
21 0.55625 0.0333333 0.125 0.0666667
25 0.5625 0.0333333 0.1375 0.0666667
25 0.59375 0.0222222 0.125 0.0444444
47 0.6375 0.0222222 0.1625 0.0444444
21 0.0875 0.0555556 0.0875 0.0666667
21 0.1125 0.0555556 0.0375 0.0666667
21 0.11875 0.0444444 0.05 0.0444444
21 0.13125 0.0333333 0.05 0.0666667
11 0.1 0.0555556 0.1625 0.0666667
21 0.075 0.0666667 0.0875 0.0888889
21 0.10625 0.0777778 0.05 0.0666667
21 0.1125 0.0666667 0.0625 0.0888889
21 0.1375 0.0555556 0.0375 0.0666667
21 0.40625 0.0666667 0.075 0.0888889
11 0.06875 0.0666667 0.125 0.0888889
21 0.09375 0.0777778 0.05 0.0666667
21 0.09375 0.1 0.05 0.0666667
21 0.10625 0.1 0.05 0.0666667
27 0.425 0.0777778 0.0375 0.0666667
21 0.43125 0.0777778 0.05 0.0666667
23 0.4625 0.0777778 0.0875 0.0666667
23 0.48125 0.0777778 0.075 0.0666667
47 0.5375 0.0777778 0.0875 0.111111
11 0.1 0.111111 0.0625 0.0444444
21 0.8125 0.122222 0.1125 0.0666667
11 0.825 0.122222 0.1125 0.0666667
21 0.8375 0.122222 0.1125 0.0666667
11 0.85 0.122222 0.1125 0.0666667
11 0.8375 0.122222 0.0375 0.0666667
11 0.85625 0.122222 0.025 0.0666667
11 0.86875 0.122222 0.025 0.0666667
11 0.88125 0.122222 0.025 0.0666667
11 0.89375 0.111111 0.025 0.0444444
44 0.90625 0.111111 0.025 0.0444444
11 0.015625 0.122222 0.03125 0.0666667
25 0.09375 0.111111 0.075 0.0888889
21 0.09375 0.122222 0.1 0.111111
29 0.58125 0.0888889 0.125 0.177778
29 0.88125 0.133333 0.075 0.0888889
11 0.015625 0.144444 0.03125 0.0666667
25 0.053125 0.133333 0.10625 0.133333
21 0.13125 0.144444 0.125 0.111111
21 0.125 0.144444 0.1375 0.155556
11 0.025 0.166667 0.0125 0.0666667
11 0.1 0.166667 0.0625 0.0666667
23 0.09375 0.1 0.1 0.2
8 0.15 0.188889 0.0875 0.0222222
8 0.16875 0.2 0.075 0.0444444
8 0.18125 0.188889 0.075 0.0222222
44 0.19375 0.188889 0.075 0.0222222
11 0.625 0.177778 0.1625 0.0444444
60 0.015625 0.188889 0.03125 0.0666667
25 0.1625 0.211111 0.1125 0.0666667
44 0.28125 0.2 0.025 0.0444444
44 0.3375 0.2 0.1125 0.0444444
11 0.31875 0.2 0.025 0.0444444
11 0.33125 0.2 0.025 0.0444444
44 0.3875 0.2 0.1125 0.0444444
44 0.40625 0.2 0.1 0.0444444
11 0.41875 0.2 0.1 0.0444444
44 0.425 0.2 0.1125 0.0444444
11 0.39375 0.2 0.025 0.0444444
44 0.4125 0.2 0.0125 0.0444444
44 0.41875 0.2 0.025 0.0444444
44 0.43125 0.2 0.025 0.0444444
11 0.44375 0.2 0.025 0.0444444
11 0.45 0.2 0.0125 0.0444444
12 0.73125 0.2 0.025 0.0444444
10 0.83125 0.2 0.025 0.0444444
10 0.84375 0.2 0.025 0.0444444
25 0.14375 0.3 0.1 0.0666667
8 0.4875 0.3 0.0875 0.0666667
8 0.53125 0.311111 0.15 0.0444444
8 0.5375 0.3 0.1125 0.0666667
8 0.68125 0.3 0.075 0.0666667
8 0.69375 0.311111 0.075 0.0444444
11 0.70625 0.311111 0.075 0.0444444
29 0.69375 0.311111 0.025 0.0444444
8 0.85 0.322222 0.0625 0.0222222
8 0.91875 0.333333 0.125 0.0444444
8 0.940625 0.333333 0.11875 0.0444444
11 0.09375 0.311111 0.1 0.0444444
11 0.10625 0.322222 0.1 0.0666667
25 0.15 0.333333 0.1625 0.0444444
25 0.1625 0.322222 0.1875 0.0666667
25 0.175 0.322222 0.1125 0.0666667
25 0.66875 0.322222 0.175 0.0666667
25 0.68125 0.333333 0.075 0.0444444
25 0.70625 0.311111 0.1 0.0444444
8 0.7 0.322222 0.0875 0.0666667
8 0.725 0.322222 0.0875 0.0666667
8 0.75625 0.322222 0.05 0.0666667
8 0.76875 0.322222 0.05 0.0222222
8 0.78125 0.322222 0.05 0.0222222
8 0.79375 0.322222 0.05 0.0222222
8 0.80625 0.322222 0.05 0.0222222
8 0.81875 0.322222 0.05 0.0222222
8 0.86875 0.333333 0.075 0.0444444
8 0.89375 0.333333 0.075 0.0444444
55 0.90625 0.333333 0.075 0.0444444
19 0.959375 0.333333 0.08125 0.0444444
25 0.075 0.333333 0.1125 0.0888889
21 0.0875 0.322222 0.1125 0.0666667
19 0.10625 0.333333 0.075 0.0444444
21 0.15625 0.344444 0.175 0.0666667
21 0.14375 0.344444 0.1 0.0666667
25 0.1875 0.344444 0.1125 0.0666667
25 0.41875 0.344444 0.15 0.0666667
25 0.39375 0.344444 0.1 0.0666667
8 0.4 0.344444 0.1125 0.0666667
8 0.43125 0.344444 0.075 0.0666667
25 0.4375 0.344444 0.0875 0.0666667
25 0.64375 0.344444 0.1 0.0666667
25 0.66875 0.344444 0.1 0.0666667
25 0.69375 0.344444 0.075 0.0666667
8 0.7125 0.344444 0.1125 0.0666667
8 0.725 0.355556 0.0875 0.0444444
8 0.74375 0.355556 0.075 0.0444444
8 0.775 0.355556 0.0375 0.0444444
8 0.7875 0.355556 0.0375 0.0444444
8 0.8125 0.355556 0.0625 0.0444444
8 0.8375 0.355556 0.0875 0.0444444
8 0.9 0.355556 0.1375 0.0444444
8 0.88125 0.355556 0.075 0.0444444
25 0.88125 0.355556 0.075 0.0444444
25 0.15625 0.366667 0.15 0.0666667
25 0.19375 0.366667 0.15 0.0666667
25 0.1875 0.366667 0.0875 0.0666667
8 0.2875 0.377778 0.0875 0.0444444
8 0.30625 0.377778 0.1 0.0444444
8 0.33125 0.377778 0.075 0.0444444
8 0.35 0.377778 0.0625 0.0444444
8 0.39375 0.366667 0.15 0.0666667
8 0.43125 0.366667 0.175 0.0666667
8 0.44375 0.377778 0.175 0.0444444
8 0.43125 0.377778 0.1 0.0444444
25 0.65 0.355556 0.1625 0.0888889
25 0.64375 0.366667 0.1 0.0666667
25 0.66875 0.366667 0.1 0.0666667
25 0.73125 0.366667 0.15 0.0666667
25 0.74375 0.377778 0.1 0.0444444
25 0.7625 0.377778 0.0875 0.0444444
25 0.78125 0.377778 0.075 0.0444444
8 0.8 0.377778 0.0875 0.0444444
8 0.81875 0.377778 0.1 0.0444444
8 0.8375 0.377778 0.1125 0.0444444
25 0.85 0.377778 0.1125 0.0444444
25 0.8625 0.366667 0.1125 0.0666667
25 0.9 0.366667 0.1125 0.0666667
25 0.9125 0.355556 0.1125 0.0888889
25 0.9375 0.355556 0.0875 0.0888889
21 0.053125 0.388889 0.10625 0.111111
25 0.071875 0.377778 0.14375 0.0888889
23 0.11875 0.4 0.175 0.0444444
21 0.13125 0.4 0.15 0.0444444
23 0.15625 0.388889 0.15 0.0666667
25 0.15 0.388889 0.1625 0.0666667
25 0.1875 0.388889 0.1375 0.0666667
25 0.175 0.388889 0.0875 0.0666667
25 0.19375 0.388889 0.075 0.0666667
8 0.20625 0.388889 0.075 0.0666667
8 0.20625 0.4 0.075 0.0444444
8 0.23125 0.4 0.075 0.0444444
8 0.26875 0.4 0.075 0.0444444
8 0.30625 0.4 0.025 0.0444444
8 0.2875 0.4 0.0625 0.0444444
8 0.35 0.4 0.1625 0.0444444
8 0.39375 0.4 0.125 0.0444444
25 0.38125 0.4 0.175 0.0444444
25 0.41875 0.4 0.175 0.0444444
29 0.4125 0.4 0.1125 0.0444444
25 0.6375 0.388889 0.1625 0.0666667
25 0.66875 0.388889 0.175 0.0666667
25 0.65 0.388889 0.1125 0.0666667
25 0.68125 0.388889 0.075 0.0666667
25 0.7375 0.388889 0.1625 0.0666667
25 0.7375 0.4 0.1625 0.0444444
25 0.775 0.4 0.1375 0.0444444
25 0.775 0.4 0.0875 0.0444444
25 0.8 0.4 0.1125 0.0444444
25 0.825 0.4 0.1125 0.0444444
25 0.85625 0.4 0.1 0.0444444
25 0.91875 0.388889 0.15 0.0666667
25 0.921875 0.377778 0.15625 0.0888889
25 0.934375 0.388889 0.13125 0.0666667
25 0.93125 0.388889 0.1 0.0666667
8 0.94375 0.388889 0.075 0.0666667
8 0.953125 0.377778 0.09375 0.0888889
21 0.053125 0.411111 0.10625 0.111111
21 0.071875 0.411111 0.14375 0.155556
25 0.09375 0.422222 0.125 0.0444444
22 0.078125 0.422222 0.15625 0.0444444
4 0.10625 0.422222 0.2 0.0444444
4 0.11875 0.411111 0.175 0.0666667
4 0.15 0.411111 0.1375 0.0666667
23 0.14375 0.411111 0.175 0.0666667
25 0.15625 0.411111 0.175 0.0666667
25 0.1875 0.411111 0.1375 0.0666667
25 0.175 0.411111 0.0875 0.0666667
25 0.2125 0.411111 0.1125 0.0666667
8 0.25 0.422222 0.0625 0.0444444
8 0.2625 0.422222 0.1125 0.0444444
25 0.275 0.422222 0.1125 0.0444444
8 0.31875 0.422222 0.075 0.0444444
8 0.3375 0.422222 0.1625 0.0444444
25 0.35 0.422222 0.1625 0.0444444
25 0.4 0.422222 0.1375 0.0444444
25 0.4125 0.422222 0.0875 0.0444444
25 0.43125 0.422222 0.075 0.0444444
25 0.63125 0.411111 0.15 0.0666667
25 0.675 0.411111 0.1625 0.0666667
25 0.7375 0.411111 0.1625 0.0666667
25 0.91875 0.411111 0.1 0.0666667
21 0.053125 0.444444 0.10625 0.0888889
21 0.015625 0.455556 0.03125 0.0666667
21 0.08125 0.411111 0.15 0.2
21 0.0875 0.444444 0.1375 0.0444444
22 0.1125 0.455556 0.1125 0.0222222
23 0.125 0.455556 0.1375 0.0222222
19 0.1125 0.455556 0.1875 0.0222222
23 0.15625 0.455556 0.125 0.0222222
25 0.18125 0.444444 0.125 0.0444444
23 0.16875 0.444444 0.075 0.0444444
25 0.175 0.433333 0.0875 0.0666667
25 0.18125 0.422222 0.1 0.0888889
25 0.64375 0.422222 0.15 0.0888889
25 0.7125 0.422222 0.1375 0.0888889
25 0.7375 0.433333 0.1625 0.0666667
25 0.9 0.444444 0.1625 0.0888889
21 0.921875 0.433333 0.15625 0.0666667
25 0.928125 0.433333 0.14375 0.0666667
21 0.946875 0.433333 0.10625 0.0666667
25 0.9375 0.444444 0.0625 0.0444444
25 0.925 0.444444 0.0625 0.0444444
21 0.9375 0.444444 0.0875 0.0444444
25 0.971875 0.444444 0.05625 0.0888889
21 0.053125 0.466667 0.10625 0.0888889
21 0.08125 0.466667 0.15 0.0888889
19 0.0875 0.477778 0.1375 0.0666667
19 0.11875 0.488889 0.125 0.0444444
19 0.14375 0.488889 0.125 0.0444444
19 0.175 0.488889 0.1125 0.0444444
19 0.1875 0.477778 0.1125 0.0222222
19 0.15 0.477778 0.0375 0.0222222
25 0.16875 0.466667 0.025 0.0444444
25 0.2125 0.444444 0.1625 0.0444444
25 0.225 0.455556 0.1625 0.0666667
