43 0.121875 0.0111111 0.24375 0.0222222
43 0.16875 0.0111111 0.15 0.0222222
43 0.15625 0 0.25 0
43 0.18125 0.0111111 0.25 0.0222222
25 0.20625 0.0111111 0.125 0.0222222
25 0.25 0.0111111 0.1875 0.0222222
25 0.24375 0.0111111 0.275 0.0222222
25 0.24375 0.0111111 0.125 0.0222222
25 0.3375 0.0111111 0.1875 0.0222222
25 0.29375 0 0.1 0
60 0.45 0.0111111 0.0625 0.0222222
21 0.49375 0.0111111 0.125 0.0222222
25 0.5 0.0111111 0.1375 0.0222222
6 0.5125 0.0111111 0.1625 0.0222222
42 0.525 0.0111111 0.1625 0.0222222
42 0.5 0 0.1125 0
43 0.5125 0 0.1125 0
43 0.85 0.0111111 0.1125 0.0222222
43 0.8625 0 0.1125 0
43 0.88125 0.0111111 0.125 0.0222222
8 0.9125 0.0111111 0.1625 0.0222222
44 0.990625 0 0.01875 0
11 0.046875 0.0111111 0.09375 0.0222222
44 0.115625 0.0111111 0.23125 0.0222222
44 0.14375 0.0111111 0.075 0.0222222
42 0.1625 0.0111111 0.0875 0.0222222
44 0.16875 0.0222222 0.125 0.0444444
44 0.1625 0.0222222 0.1875 0.0444444
25 0.28125 0.0111111 0.075 0.0222222
47 0.3125 0.0222222 0.0625 0.0444444
60 0.34375 0.0111111 0.175 0.0222222
23 0.50625 0.0222222 0.125 0.0444444
8 0.50625 0.0111111 0.15 0.0222222
44 0.49375 0.0111111 0.1 0.0222222
44 0.53125 0.0111111 0.1 0.0222222
44 0.55 0.0222222 0.1875 0.0444444
44 0.6375 0.0111111 0.0875 0.0222222
44 0.65625 0.0111111 0.1 0.0222222
44 0.7125 0.0111111 0.1125 0.0222222
44 0.825 0.0111111 0.1125 0.0222222
44 0.8625 0.0111111 0.1125 0.0222222
44 0.8375 0.0111111 0.1875 0.0222222
6 0.95 0.0111111 0.0875 0.0222222
8 0.953125 0.0111111 0.09375 0.0222222
11 0.915625 0.0222222 0.16875 0.0444444
8 0.021875 0.0222222 0.04375 0.0444444
21 0.30625 0.0222222 0.025 0.0444444
21 0.30625 0.0333333 0.025 0.0666667
21 0.3125 0.0333333 0.0375 0.0666667
44 0.50625 0.0222222 0.05 0.0444444
44 0.86875 0.0333333 0.1 0.0222222
44 0.9 0.0222222 0.1125 0.0444444
43 0.946875 0.0222222 0.10625 0.0444444
47 0.053125 0.0444444 0.10625 0.0888889
8 0.021875 0.0333333 0.04375 0.0666667
21 0.3 0.0333333 0.0625 0.0666667
21 0.3 0.0333333 0.0375 0.0666667
20 0.3125 0.0444444 0.0375 0.0444444
25 0.46875 0.0333333 0.075 0.0666667
44 0.7625 0.0555556 0.0875 0.0222222
43 0.775 0.0555556 0.0875 0.0222222
44 0.83125 0.0555556 0.2 0.0222222
44 0.85 0.0555556 0.0625 0.0222222
21 0.028125 0.0555556 0.05625 0.0666667
21 0.021875 0.0555556 0.04375 0.0666667
44 0.74375 0.0666667 0.1 0.0444444
44 0.78125 0.0666667 0.075 0.0444444
44 0.775 0.0666667 0.1125 0.0444444
43 0.83125 0.0666667 0.2 0.0444444
44 0.83125 0.0666667 0.2 0.0444444
44 0.81875 0.0666667 0.1 0.0444444
21 0.5375 0.0888889 0.0625 0.0888889
21 0.028125 0.122222 0.05625 0.111111
11 0.028125 0.1 0.05625 0.0666667
11 0.5375 0.111111 0.0625 0.0444444
8 0.575 0.1 0.0625 0.0666667
25 0.78125 0.1 0.1 0.0666667
25 0.83125 0.0888889 0.175 0.0888889
8 0.034375 0.144444 0.06875 0.0222222
43 0.09375 0.155556 0.175 0.0444444
21 0.575 0.122222 0.1125 0.0666667
8 0.575 0.122222 0.1375 0.0666667
11 0.54375 0.122222 0.05 0.0666667
8 0.60625 0.122222 0.15 0.0666667
11 0.63125 0.133333 0.1 0.0444444
44 0.6 0.133333 0.0125 0.0444444
65 0.64375 0.133333 0 0.0444444
29 0.63125 0.133333 0.15 0.0444444
25 0.775 0.133333 0.0875 0.0444444
25 0.825 0.122222 0.1875 0.0666667
8 0.015625 0.155556 0.03125 0.0444444
43 0.090625 0.166667 0.18125 0.0666667
6 0.09375 0.166667 0.175 0.0666667
21 0.525 0.133333 0.0625 0.0444444
2 0.58125 0.133333 0.125 0.0444444
21 0.58125 0.133333 0.15 0.0444444
11 0.53125 0.144444 0.05 0.0666667
44 0.6 0.144444 0.1375 0.0666667
8 0.015625 0.166667 0.03125 0.0666667
10 0.51875 0.155556 0.125 0.0888889
21 0.525 0.177778 0.1125 0.0888889
25 0.65 0.177778 0.0375 0.0444444
10 0.8625 0.177778 0.0375 0.0444444
47 0.015625 0.222222 0.03125 0.0444444
11 0.015625 0.2 0.03125 0.0444444
47 0.55625 0.188889 0.1 0.111111
11 0.59375 0.2 0.075 0.0888889
11 0.86875 0.2 0.15 0.0888889
47 0.015625 0.233333 0.03125 0.0666667
11 0.015625 0.222222 0.03125 0.0444444
44 0.425 0.233333 0.1375 0.0666667
8 0.48125 0.222222 0.075 0.0444444
21 0.59375 0.233333 0.05 0.0666667
6 0.825 0.255556 0.1625 0.0666667
6 0.85625 0.244444 0.075 0.0444444
21 0.39375 0.255556 0.15 0.0666667
8 0.4625 0.244444 0.0875 0.0888889
8 0.48125 0.233333 0.1 0.0666667
10 0.5625 0.244444 0.0625 0.0888889
6 0.59375 0.244444 0.05 0.0888889
6 0.7125 0.255556 0.1375 0.0666667
6 0.76875 0.255556 0.125 0.0666667
6 0.8 0.255556 0.0875 0.0666667
47 0.3875 0.255556 0.1125 0.0666667
6 0.59375 0.266667 0.05 0.0444444
8 0.59375 0.266667 0.025 0.0444444
8 0.021875 0.288889 0.04375 0.0444444
6 0.3125 0.3 0.1375 0.0666667
47 0.36875 0.288889 0.05 0.0444444
44 0.39375 0.277778 0.1 0.0666667
25 0.53125 0.288889 0.025 0.0444444
25 0.55625 0.288889 0 0.0888889
8 0.63125 0.3 0.15 0.0666667
6 0.5875 0.288889 0.0625 0.0444444
8 0.5875 0.277778 0.0375 0.0666667
6 0.021875 0.311111 0.04375 0.0888889
11 0.01875 0.3 0.025 0.0666667
44 0.3875 0.311111 0.1375 0.0444444
44 0.36875 0.311111 0.075 0.0444444
47 0.36875 0.311111 0.05 0.0444444
44 0.38125 0.311111 0.025 0.0444444
44 0.39375 0.3 0.1 0.0666667
44 0.48125 0.3 0.1 0.0666667
21 0.625 0.288889 0.1375 0.0888889
6 0.63125 0.311111 0.15 0.0888889
8 0.59375 0.3 0.075 0.0666667
8 0.58125 0.311111 0.05 0.0444444
6 0.021875 0.344444 0.04375 0.0666667
44 0.3625 0.333333 0.1625 0.0444444
44 0.35 0.333333 0.1125 0.0444444
44 0.38125 0.322222 0.075 0.0222222
25 0.39375 0.322222 0.1 0.0666667
44 0.39375 0.322222 0.1 0.0666667
11 0.5625 0.322222 0.0125 0.0666667
25 0.63125 0.322222 0.15 0.0666667
6 0.59375 0.333333 0.075 0.0444444
6 0.015625 0.355556 0.03125 0.0444444
29 0.39375 0.355556 0.075 0.0444444
44 0.3875 0.355556 0.1125 0.0444444
6 0.021875 0.377778 0.04375 0.0888889
8 0.01875 0.366667 0.025 0.0666667
23 0.5375 0.366667 0.0875 0.0666667
6 0.021875 0.411111 0.04375 0.0666667
11 0.015625 0.411111 0.03125 0.0222222
11 0.5 0.455556 0.0875 0.0222222
44 0.5375 0.455556 0.0625 0.0222222
43 0.39375 0.477778 0.1 0.0222222
44 0.50625 0.466667 0.1 0.0444444
26 0.16875 0.488889 0.075 0.0888889
8 0.525 0.488889 0.1625 0.0888889
6 0.021875 0.6 0.04375 0.0444444
6 0.028125 0.744444 0.05625 0.0666667
6 0.028125 0.766667 0.05625 0.0666667
8 0.028125 0.788889 0.05625 0.0666667
44 0.028125 0.822222 0.05625 0.0444444
9 0.034375 0.822222 0.06875 0.0444444
9 0.034375 0.844444 0.06875 0.0444444
44 0.4625 0.855556 0.1125 0.0666667
9 0.015625 0.866667 0.03125 0.0444444
9 0.015625 0.888889 0.03125 0.0444444
6 0.021875 0.9 0.04375 0.0666667
11 0.01875 0.977778 0.025 0.0444444
11 0.034375 1 0.06875 0
35 0.13125 0.0611111 0.2625 0.122222
9 0.08125 0.0166667 0.1625 0.0333333
29 0.09375 0.0166667 0.1875 0.0333333
35 0.18125 0.0611111 0.3625 0.122222
35 0.225 0.0611111 0.225 0.122222
29 0.5125 0.0611111 0.7 0.122222
29 0.525 0.0166667 0.625 0.0333333
29 0.5875 0.0388889 0.65 0.0777778
29 0.625 0.0388889 0.675 0.0777778
6 0.78125 0.0166667 0.4375 0.0333333
57 0.725 0.0388889 0.325 0.0777778
35 0.7125 0.0166667 0.2 0.0333333
34 0.86875 0.0166667 0.2625 0.0333333
29 0.875 0.0166667 0.225 0.0333333
29 0.4125 0.105556 0.2 0.211111
9 0.81875 0.105556 0.3625 0.211111
29 0.1625 0.122222 0.25 0.177778
29 0.25 0.105556 0.375 0.211111
29 0.3625 0.105556 0.35 0.211111
57 0.575 0.0833333 0.475 0.166667
6 0.5125 0.127778 0.7 0.255556
29 0.80625 0.105556 0.3875 0.211111
65 0.11875 0.144444 0.2375 0.133333
13 0.13125 0.144444 0.2625 0.133333
13 0.15625 0.166667 0.3125 0.0888889
35 0.1375 0.122222 0.2 0.177778
29 0.4375 0.127778 0.25 0.255556
18 0.375 0.127778 0.275 0.255556
13 0.575 0.238889 0.475 0.477778
6 0.14375 0.166667 0.2875 0.0888889
29 0.175 0.166667 0.175 0.0888889
13 0.575 0.3 0.475 0.444444
9 0.6125 0.3 0.35 0.444444
9 0.6375 0.188889 0.2 0.133333
9 0.6 0.322222 0.125 0.488889
52 0.625 0.211111 0.075 0.177778
12 0.83125 0.15 0.3375 0.3
11 0.15625 0.344444 0.3125 0.444444
9 0.20625 0.233333 0.4125 0.133333
9 0.05625 0.233333 0.1125 0.133333
18 0.15 0.233333 0.275 0.133333
18 0.1625 0.233333 0.15 0.133333
9 0.6 0.322222 0.075 0.488889
9 0.6375 0.211111 0.15 0.177778
38 0.81875 0.233333 0.3625 0.133333
11 0.09375 0.411111 0.1875 0.488889
5 0.18125 0.327778 0.3625 0.655556
9 0.11875 0.411111 0.2375 0.488889
17 0.2875 0.277778 0.4 0.222222
6 0.55 0.344444 0.125 0.622222
0 0.575 0.344444 0.125 0.622222
5 0.6375 0.344444 0.15 0.622222
11 0.6375 0.211111 0.15 0.177778
11 0.675 0.188889 0.175 0.222222
5 0.05625 0.233333 0.1125 0.133333
29 0.1375 0.3 0.2 0.0888889
29 0.2875 0.322222 0.4 0.133333
3 0.75 0.322222 0.325 0.0444444
13 0.8 0.3 0.225 0.0888889
13 0.75 0.322222 0.225 0.0444444
29 0.7625 0.3 0.25 0.0888889
0 0.09375 0.455556 0.1875 0.577778
0 0.04375 0.455556 0.0875 0.577778
29 0.1125 0.366667 0.2 0.133333
29 0.10625 0.322222 0.2125 0.222222
29 0.375 0.366667 0.275 0.133333
29 0.525 0.366667 0.125 0.133333
9 0.4875 0.366667 0.15 0.133333
9 0.575 0.277778 0.175 0.311111
9 0.5875 0.322222 0.15 0.311111
9 0.6125 0.5 0.15 0.4
13 0.7125 0.388889 0.25 0.177778
13 0.7625 0.366667 0.15 0.222222
13 0.7875 0.366667 0.15 0.133333
29 0.7875 0.388889 0.1 0.177778
9 0.7875 0.366667 0.2 0.133333
0 0.16875 0.455556 0.3375 0.577778
9 0.1125 0.411111 0.2 0.222222
57 0.2375 0.388889 0.35 0.177778
13 0.275 0.411111 0.375 0.222222
9 0.525 0.388889 0.325 0.177778
9 0.55 0.411111 0.375 0.222222
9 0.575 0.322222 0.375 0.311111
9 0.5375 0.3 0.25 0.355556
38 0.6625 0.411111 0.15 0.222222
57 0.775 0.411111 0.375 0.133333
29 0.775 0.411111 0.125 0.222222
0 0.03125 0.433333 0.0625 0.8
9 0.25 0.433333 0.425 0.177778
29 0.325 0.433333 0.275 0.177778
11 0.35 0.411111 0.225 0.222222
9 0.4 0.411111 0.275 0.311111
57 0.525 0.455556 0.375 0.222222
9 0.5875 0.5 0.35 0.222222
9 0.675 0.522222 0.425 0.622222
29 0.65 0.522222 0.125 0.177778
6 0.7 0.455556 0.175 0.133333
6 0.81875 0.455556 0.3625 0.133333
57 0.85625 0.477778 0.2875 0.177778
57 0.8625 0.455556 0.25 0.222222
65 0.275 0.5 0.375 0.133333
57 0.4875 0.477778 0.4 0.177778
29 0.5625 0.5 0.4 0.133333
2 0.8 0.5 0.375 0.133333
5 0.81875 0.5 0.3625 0.133333
6 0.7875 0.5 0.25 0.133333
29 0.875 0.455556 0.225 0.222222
9 0.19375 0.655556 0.3875 0.444444
57 0.14375 0.544444 0.2875 0.133333
38 0.1625 0.544444 0.25 0.133333
9 0.10625 0.588889 0.2125 0.133333
35 0.19375 0.611111 0.3875 0.177778
9 0.225 0.522222 0.425 0.0888889
29 0.3625 0.544444 0.2 0.133333
57 0.4875 0.522222 0.4 0.177778
13 0.6 0.522222 0.325 0.177778
29 0.6875 0.544444 0.2 0.133333
