11 0.1375 0.0111111 0.1125 0.0222222
11 0.15 0.0111111 0.0875 0.0222222
8 0.16875 0.0111111 0.05 0.0222222
2 0.19375 0.0111111 0.025 0.0222222
5 0.2 0.0111111 0.0375 0.0222222
5 0.2375 0.0111111 0.0875 0.0222222
5 0.2625 0.0111111 0.0875 0.0222222
6 0.28125 0.0111111 0.075 0.0222222
11 0.3 0.0111111 0.0875 0.0222222
6 0.30625 0.0111111 0.1 0.0222222
25 0.30625 0.0111111 0.125 0.0222222
11 0.3375 0.0111111 0.0625 0.0222222
11 0.33125 0.0111111 0.1 0.0222222
11 0.38125 0.0111111 0.1 0.0222222
21 0.3875 0.0111111 0.0625 0.0222222
25 0.40625 0.0111111 0.1 0.0222222
25 0.46875 0.0111111 0.175 0.0222222
6 0.50625 0.0111111 0.15 0.0222222
6 0.5375 0.0111111 0.1375 0.0222222
43 0.6875 0.0111111 0.1375 0.0222222
6 0.66875 0.0222222 0.125 0.0444444
6 0.7 0.0111111 0.1625 0.0222222
6 0.71875 0.0111111 0.175 0.0222222
4 0.73125 0.0222222 0.15 0.0444444
6 0.73125 0.0111111 0.125 0.0222222
43 0.775 0.0111111 0.1625 0.0222222
4 0.79375 0.0222222 0.175 0.0444444
43 0.8 0.0222222 0.1625 0.0444444
6 0.8125 0.0111111 0.1625 0.0222222
25 0.825 0.0111111 0.1625 0.0222222
6 0.85 0.0111111 0.1625 0.0222222
4 0.88125 0.0111111 0.175 0.0222222
43 0.8875 0.0111111 0.1625 0.0222222
43 0.921875 0.0111111 0.15625 0.0222222
25 0.928125 0.0111111 0.14375 0.0222222
25 0.946875 0.0111111 0.10625 0.0222222
6 0.953125 0.0111111 0.09375 0.0222222
11 0.953125 0.0111111 0.09375 0.0222222
0 0.990625 0.0222222 0.01875 0.0444444
8 0.053125 0.0222222 0.10625 0.0444444
8 0.09375 0.0333333 0.1 0.0666667
2 0.125 0.0333333 0.0875 0.0666667
11 0.13125 0.0333333 0.1 0.0666667
2 0.1375 0.0333333 0.0875 0.0666667
2 0.15 0.0333333 0.0875 0.0666667
26 0.18125 0.0333333 0.075 0.0666667
2 0.2 0.0333333 0.0375 0.0666667
2 0.20625 0.0333333 0.05 0.0666667
2 0.24375 0.0333333 0.1 0.0666667
2 0.2625 0.0333333 0.0875 0.0666667
2 0.30625 0.0333333 0.15 0.0666667
5 0.3 0.0333333 0.0875 0.0666667
6 0.34375 0.0222222 0.15 0.0444444
4 0.35 0.0333333 0.1375 0.0666667
4 0.34375 0.0333333 0.075 0.0666667
5 0.35 0.0333333 0.0625 0.0666667
7 0.35 0.0222222 0.0375 0.0444444
6 0.40625 0.0333333 0.075 0.0666667
11 0.4375 0.0333333 0.0625 0.0666667
6 0.4875 0.0222222 0.1375 0.0444444
6 0.51875 0.0333333 0.175 0.0666667
25 0.61875 0.0222222 0.175 0.0444444
43 0.63125 0.0222222 0.175 0.0444444
43 0.6625 0.0222222 0.0875 0.0444444
6 0.7 0.0222222 0.1625 0.0444444
4 0.71875 0.0222222 0.125 0.0444444
2 0.7375 0.0222222 0.1375 0.0444444
6 0.75 0.0222222 0.1125 0.0444444
4 0.76875 0.0222222 0.125 0.0444444
6 0.8 0.0222222 0.1625 0.0444444
6 0.81875 0.0222222 0.1 0.0444444
6 0.8375 0.0222222 0.1625 0.0444444
6 0.88125 0.0222222 0.175 0.0444444
6 0.88125 0.0222222 0.175 0.0444444
25 0.959375 0.0111111 0.08125 0.0222222
4 0.965625 0.0111111 0.06875 0.0222222
11 0.96875 0.0222222 0.05 0.0444444
0 0.990625 0.0444444 0.01875 0.0888889
11 0.021875 0.0333333 0.04375 0.0666667
8 0.09375 0.0333333 0.1 0.0666667
0 0.1125 0.0333333 0.0875 0.0666667
0 0.1125 0.0444444 0.0625 0.0444444
8 0.11875 0.0444444 0.075 0.0444444
8 0.1375 0.0333333 0.0875 0.0666667
8 0.15 0.0444444 0.0875 0.0444444
8 0.1625 0.0333333 0.0875 0.0666667
4 0.20625 0.0333333 0.125 0.0666667
8 0.2125 0.0444444 0.1375 0.0444444
8 0.2125 0.0444444 0.0625 0.0444444
8 0.23125 0.0444444 0.075 0.0444444
8 0.25 0.0444444 0.0875 0.0444444
8 0.30625 0.0444444 0.15 0.0444444
8 0.30625 0.0333333 0.125 0.0666667
8 0.33125 0.0333333 0.15 0.0666667
8 0.35625 0.0444444 0.15 0.0444444
6 0.34375 0.0333333 0.075 0.0666667
8 0.3625 0.0333333 0.0875 0.0666667
8 0.38125 0.0444444 0.125 0.0444444
8 0.4 0.0444444 0.0875 0.0444444
6 0.41875 0.0444444 0.1 0.0444444
8 0.49375 0.0222222 0.125 0.0444444
6 0.50625 0.0333333 0.15 0.0666667
8 0.525 0.0333333 0.1375 0.0666667
8 0.51875 0.0333333 0.075 0.0666667
8 0.65625 0.0222222 0.075 0.0444444
6 0.66875 0.0333333 0.1 0.0666667
6 0.69375 0.0333333 0.125 0.0666667
6 0.7375 0.0333333 0.1625 0.0666667
6 0.725 0.0333333 0.1125 0.0666667
6 0.79375 0.0333333 0.175 0.0666667
8 0.8 0.0333333 0.1625 0.0666667
8 0.83125 0.0333333 0.15 0.0666667
43 0.8375 0.0333333 0.1625 0.0666667
6 0.85 0.0333333 0.1625 0.0666667
6 0.88125 0.0333333 0.175 0.0666667
6 0.85625 0.0333333 0.1 0.0666667
8 0.8625 0.0333333 0.0875 0.0666667
8 0.921875 0.0333333 0.15625 0.0666667
8 0.946875 0.0333333 0.10625 0.0666667
8 0.94375 0.0333333 0.075 0.0666667
51 0.965625 0.0222222 0.06875 0.0444444
55 0.95625 0.0444444 0.075 0.0888889
21 0.990625 0.0555556 0.01875 0.0666667
11 0.028125 0.0555556 0.05625 0.0666667
32 0.125 0.0444444 0.0375 0.0444444
44 0.13125 0.0555556 0.05 0.0222222
29 0.1625 0.0555556 0.0625 0.0222222
29 0.16875 0.0666667 0.075 0.0444444
13 0.18125 0.0666667 0.075 0.0444444
6 0.1875 0.0666667 0.0875 0.0444444
29 0.1875 0.0666667 0.1125 0.0444444
8 0.21875 0.0555556 0.075 0.0222222
29 0.24375 0.0444444 0.075 0.0444444
29 0.26875 0.0555556 0.075 0.0222222
29 0.2875 0.0555556 0.0625 0.0222222
29 0.3125 0.0555556 0.0625 0.0222222
8 0.31875 0.0555556 0.05 0.0222222
43 0.49375 0.0666667 0.075 0.0444444
43 0.50625 0.0555556 0.075 0.0222222
29 0.525 0.0666667 0.1125 0.0444444
29 0.55625 0.0666667 0.075 0.0444444
8 0.56875 0.0555556 0.075 0.0222222
8 0.58125 0.0666667 0.075 0.0444444
8 0.6125 0.0666667 0.0875 0.0444444
25 0.65 0.0666667 0.1375 0.0444444
8 0.6625 0.0666667 0.1375 0.0444444
25 0.65 0.0555556 0.0875 0.0222222
6 0.6625 0.0555556 0.0625 0.0222222
6 0.675 0.0555556 0.0625 0.0222222
6 0.66875 0.0555556 0.1 0.0222222
29 0.6875 0.0666667 0.1375 0.0444444
6 0.71875 0.0555556 0.075 0.0222222
6 0.75625 0.0555556 0.125 0.0222222
25 0.725 0.0666667 0.1125 0.0444444
6 0.75625 0.0555556 0.075 0.0222222
6 0.775 0.0555556 0.0625 0.0222222
6 0.78125 0.0666667 0.075 0.0444444
6 0.80625 0.0555556 0.075 0.0222222
6 0.825 0.0666667 0.0625 0.0444444
43 0.8375 0.0666667 0.0625 0.0444444
6 0.84375 0.0555556 0.075 0.0222222
6 0.85625 0.0666667 0.075 0.0444444
43 0.85 0.0666667 0.1125 0.0444444
25 0.875 0.0666667 0.1625 0.0444444
6 0.89375 0.0666667 0.15 0.0444444
25 0.90625 0.0666667 0.075 0.0444444
8 0.91875 0.0666667 0.075 0.0444444
25 0.9375 0.0666667 0.0875 0.0444444
43 0.946875 0.0666667 0.10625 0.0444444
43 0.959375 0.0777778 0.08125 0.0666667
11 0.040625 0.0777778 0.08125 0.111111
6 0.16875 0.0666667 0.125 0.0444444
6 0.1875 0.0777778 0.1125 0.0666667
8 0.2 0.0666667 0.1125 0.0444444
43 0.24375 0.0666667 0.1 0.0444444
65 0.26875 0.0666667 0.1 0.0444444
8 0.5875 0.0777778 0.1375 0.0666667
6 0.56875 0.0777778 0.1 0.0666667
8 0.6125 0.0666667 0.1625 0.0444444
21 0.6375 0.0777778 0.1625 0.0666667
8 0.63125 0.0777778 0.125 0.0666667
6 0.65 0.0777778 0.0875 0.0666667
6 0.6625 0.0666667 0.0875 0.0444444
8 0.69375 0.0777778 0.125 0.0666667
8 0.725 0.0777778 0.0875 0.0666667
6 0.7375 0.0666667 0.1625 0.0444444
8 0.725 0.0666667 0.1125 0.0444444
8 0.75625 0.0666667 0.075 0.0444444
6 0.7625 0.0666667 0.0875 0.0444444
6 0.76875 0.0777778 0.1 0.0666667
25 0.921875 0.0777778 0.15625 0.0666667
25 0.946875 0.0777778 0.10625 0.0666667
25 0.575 0.0888889 0.0875 0.0888889
25 0.58125 0.0888889 0.125 0.0888889
44 0.59375 0.0888889 0.125 0.0888889
44 0.64375 0.0888889 0.075 0.0888889
6 0.034375 0.122222 0.06875 0.0666667
8 0.5875 0.122222 0.0875 0.0666667
8 0.58125 0.111111 0.125 0.0444444
6 0.028125 0.133333 0.05625 0.0888889
9 0.4375 0.122222 0.0625 0.0666667
10 0.4625 0.133333 0.0625 0.0444444
6 0.021875 0.144444 0.04375 0.0666667
6 0.028125 0.166667 0.05625 0.0666667
9 0.021875 0.188889 0.04375 0.111111
9 0.021875 0.211111 0.04375 0.0666667
9 0.025 0.222222 0.0125 0.0444444
9 0.021875 0.244444 0.04375 0.0888889
9 0.025 0.244444 0.0125 0.0444444
7 0.015625 0.255556 0.03125 0.0666667
9 0.015625 0.266667 0.03125 0.0444444
8 0.015625 0.266667 0.03125 0.0888889
11 0.015625 0.277778 0.03125 0.0666667
11 0.0875 0.288889 0.1125 0.0888889
9 0.1375 0.266667 0.0625 0.0888889
25 0.16875 0.277778 0.05 0.0666667
4 0.43125 0.277778 0.05 0.0666667
6 0.4375 0.277778 0.0625 0.0666667
8 0.4375 0.277778 0.1125 0.0666667
6 0.46875 0.277778 0.075 0.0666667
6 0.4625 0.277778 0.1125 0.0666667
6 0.5125 0.266667 0.1125 0.0444444
9 0.5375 0.266667 0.0875 0.0444444
8 0.6 0.277778 0.1125 0.0666667
8 0.63125 0.277778 0.075 0.0666667
8 0.65 0.277778 0.0625 0.0666667
8 0.021875 0.288889 0.04375 0.0888889
5 0.040625 0.288889 0.08125 0.0888889
2 0.046875 0.288889 0.09375 0.0888889
8 0.075 0.288889 0.1125 0.0888889
8 0.125 0.288889 0.1625 0.0888889
21 0.2 0.288889 0.1125 0.0888889
6 0.16875 0.3 0.05 0.0666667
8 0.16875 0.3 0.05 0.0666667
6 0.3 0.288889 0.0875 0.0888889
6 0.325 0.288889 0.0625 0.0888889
25 0.34375 0.3 0.075 0.0666667
25 0.375 0.3 0.0875 0.0666667
25 0.4 0.3 0.0875 0.0666667
4 0.4375 0.3 0.0625 0.0666667
2 0.44375 0.3 0.075 0.0666667
2 0.46875 0.3 0.075 0.0666667
2 0.46875 0.288889 0.1 0.0888889
2 0.4875 0.288889 0.1125 0.0888889
2 0.51875 0.288889 0.075 0.0888889
6 0.53125 0.288889 0.075 0.0888889
25 0.54375 0.3 0.075 0.0666667
6 0.58125 0.3 0.075 0.0666667
6 0.6125 0.3 0.0625 0.0666667
2 0.625 0.3 0.0625 0.0666667
8 0.6375 0.3 0.0625 0.0666667
2 0.6625 0.3 0.1125 0.0666667
6 0.7 0.3 0.1625 0.0666667
2 0.70625 0.3 0.075 0.0666667
6 0.725 0.288889 0.0375 0.0888889
6 0.71875 0.3 0.075 0.0666667
8 0.89375 0.3 0.075 0.0666667
8 0.9125 0.3 0.0375 0.0666667
8 0.021875 0.311111 0.04375 0.0888889
8 0.16875 0.3 0.05 0.111111
6 0.43125 0.333333 0.125 0.0444444
11 0.028125 0.333333 0.05625 0.0888889
4 0.125 0.366667 0.1125 0.111111
11 0.1625 0.355556 0.0875 0.133333
6 0.3875 0.366667 0.1375 0.0666667
6 0.40625 0.355556 0.125 0.0444444
6 0.43125 0.344444 0.125 0.0666667
60 0.88125 0.344444 0.125 0.0666667
8 0.021875 0.366667 0.04375 0.111111
7 0.075 0.377778 0.1125 0.0888889
5 0.125 0.377778 0.0875 0.0888889
55 0.15 0.377778 0.0875 0.0888889
6 0.021875 0.411111 0.04375 0.0666667
6 0.015625 0.4 0.03125 0.0444444
4 0.05 0.422222 0.0625 0.0444444
44 0.06875 0.4 0.075 0.0444444
6 0.11875 0.411111 0.075 0.0222222
6 0.13125 0.422222 0.075 0.0444444
6 0.14375 0.411111 0.075 0.0222222
6 0.16875 0.411111 0.075 0.0222222
6 0.20625 0.422222 0.075 0.0444444
6 0.23125 0.411111 0.075 0.0222222
6 0.40625 0.388889 0.125 0.0666667
4 0.41875 0.388889 0.125 0.0666667
4 0.45625 0.388889 0.075 0.0666667
4 0.475 0.388889 0.0625 0.0666667
4 0.4875 0.388889 0.0625 0.0666667
6 0.55625 0.388889 0.125 0.0666667
6 0.58125 0.388889 0.125 0.0666667
6 0.028125 0.433333 0.05625 0.0666667
6 0.08125 0.433333 0.125 0.0666667
6 0.1125 0.444444 0.1375 0.0444444
6 0.15 0.444444 0.1375 0.0444444
6 0.1625 0.433333 0.1375 0.0666667
6 0.1875 0.433333 0.1375 0.0666667
6 0.21875 0.433333 0.125 0.0666667
6 0.24375 0.433333 0.125 0.0666667
6 0.26875 0.433333 0.125 0.0666667
6 0.29375 0.433333 0.125 0.0666667
6 0.325 0.433333 0.1125 0.0666667
