4 0.078125 0.0222222 0.15625 0.0444444
4 0.090625 0.0111111 0.18125 0.0222222
55 0.103125 0.0111111 0.20625 0.0222222
11 0.946875 0.0111111 0.10625 0.0222222
10 0.921875 0.0111111 0.15625 0.0222222
23 0.034375 0.0222222 0.06875 0.0444444
44 0.70625 0.0222222 0.175 0.0444444
50 0.965625 0.0111111 0.06875 0.0222222
19 0.1 0.0222222 0.1875 0.0444444
21 0.1375 0.0222222 0.1375 0.0444444
21 0.31875 0.0333333 0.15 0.0222222
50 0.66875 0.0333333 0.175 0.0666667
21 0.90625 0.0222222 0.15 0.0444444
21 0.928125 0.0222222 0.14375 0.0444444
9 0.959375 0.0333333 0.08125 0.0222222
14 0.971875 0.0333333 0.05625 0.0222222
19 0.971875 0.0222222 0.05625 0.0444444
19 0.053125 0.0444444 0.10625 0.0888889
19 0.021875 0.0444444 0.04375 0.0444444
19 0.028125 0.0666667 0.05625 0.0444444
14 0.034375 0.0555556 0.06875 0.0666667
21 0.034375 0.0555556 0.06875 0.0666667
21 0.128125 0.0333333 0.25625 0.0666667
14 0.0625 0.0333333 0.1125 0.0666667
14 0.075 0.0444444 0.1125 0.0444444
14 0.125 0.0444444 0.0625 0.0444444
19 0.14375 0.0333333 0.05 0.0666667
19 0.14375 0.0444444 0.075 0.0444444
20 0.2 0.0444444 0.1875 0.0444444
21 0.20625 0.0444444 0.175 0.0444444
20 0.2 0.0444444 0.0625 0.0444444
20 0.2125 0.0444444 0.0625 0.0444444
21 0.225 0.0444444 0.0625 0.0444444
21 0.24375 0.0333333 0.05 0.0666667
21 0.21875 0.0333333 0.15 0.0666667
21 0.29375 0.0444444 0.05 0.0444444
20 0.2875 0.0444444 0.0625 0.0444444
20 0.325 0.0444444 0.0375 0.0444444
20 0.375 0.0444444 0.1125 0.0444444
20 0.38125 0.0444444 0.175 0.0444444
64 0.44375 0.0555556 0.15 0.0222222
74 0.4375 0.0444444 0.1125 0.0444444
1 0.4125 0.0444444 0.0375 0.0444444
74 0.475 0.0444444 0.1375 0.0444444
44 0.70625 0.0333333 0.175 0.0666667
42 0.7125 0.0444444 0.1875 0.0444444
42 0.73125 0.0666667 0.175 0.0444444
42 0.74375 0.0555556 0.175 0.0222222
42 0.725 0.0555556 0.1125 0.0222222
44 0.73125 0.0555556 0.1 0.0222222
44 0.775 0.0555556 0.1875 0.0222222
44 0.8375 0.0555556 0.1625 0.0222222
54 0.85 0.0444444 0.1625 0.0444444
16 0.85 0.0444444 0.0125 0.0444444
9 0.9625 0.0444444 0.0625 0.0444444
9 0.9375 0.0444444 0.1125 0.0444444
2 0.025 0.0555556 0.0375 0.0666667
2 0.021875 0.0777778 0.04375 0.0666667
2 0.034375 0.0666667 0.06875 0.0444444
74 0.071875 0.0666667 0.14375 0.0444444
4 0.075 0.0666667 0.1375 0.0444444
4 0.18125 0.0666667 0.225 0.0888889
4 0.19375 0.0777778 0.2 0.0666667
4 0.19375 0.0666667 0.175 0.0444444
4 0.275 0.0777778 0.2125 0.0666667
4 0.30625 0.0666667 0.2 0.0444444
13 0.375 0.0666667 0.2375 0.0444444
74 0.36875 0.0666667 0.075 0.0444444
74 0.35 0.0666667 0.1375 0.0444444
74 0.425 0.0777778 0.0375 0.0222222
64 0.61875 0.0777778 0.05 0.0222222
64 0.6375 0.0666667 0.0375 0.0444444
64 0.65 0.0555556 0.0375 0.0666667
13 0.94375 0.0666667 0.1 0.0444444
71 0.946875 0.0666667 0.10625 0.0444444
4 0.053125 0.0666667 0.10625 0.133333
2 0.021875 0.111111 0.04375 0.0888889
2 0.0375 0.0888889 0.0375 0.0444444
2 0.04375 0.0777778 0.05 0.0222222
64 0.084375 0.0888889 0.16875 0.0444444
4 0.09375 0.0888889 0.175 0.0444444
4 0.05625 0.0888889 0.075 0.0444444
34 0.09375 0.0888889 0.125 0.0444444
4 0.15625 0.0666667 0.1 0.0888889
4 0.21875 0.0777778 0.125 0.0666667
4 0.1875 0.0888889 0.0625 0.0444444
30 0.225 0.0888889 0.0375 0.0444444
44 0.23125 0.1 0.075 0.0222222
13 0.23125 0.1 0.15 0.0666667
30 0.24375 0.1 0.15 0.0222222
13 0.2875 0.1 0.1125 0.0222222
30 0.28125 0.1 0.15 0.0222222
30 0.3125 0.1 0.0625 0.0222222
30 0.325 0.1 0.1375 0.0222222
4 0.55625 0.0888889 0.175 0.0444444
4 0.59375 0.0888889 0.125 0.0444444
4 0.625 0.0888889 0.1625 0.0444444
2 0.6375 0.0888889 0.1875 0.0444444
4 0.053125 0.122222 0.10625 0.0666667
7 0.021875 0.144444 0.04375 0.0666667
2 0.0375 0.133333 0.0375 0.0444444
74 0.0625 0.111111 0.0375 0
44 0.1625 0.0888889 0.0375 0.0888889
0 0.1875 0.111111 0.0875 0.0444444
32 0.19375 0.122222 0.075 0.0222222
32 0.2125 0.122222 0.0875 0.0222222
44 0.21875 0.122222 0.15 0.0222222
44 0.23125 0.122222 0.05 0.0222222
44 0.24375 0.122222 0.05 0.0222222
6 0.325 0.122222 0.0625 0.0222222
6 0.35625 0.133333 0.15 0.0444444
4 0.375 0.122222 0.1375 0.0222222
4 0.39375 0.133333 0.125 0.0444444
4 0.55625 0.0888889 0.15 0.0888889
4 0.56875 0.111111 0.15 0.0444444
4 0.56875 0.111111 0.1 0.0444444
2 0.56875 0.1 0.1 0.0666667
2 0.5875 0.1 0.1125 0.0666667
64 0.6 0.0888889 0.1125 0.0444444
4 0.94375 0.1 0.1 0.0666667
71 0.946875 0.0777778 0.10625 0.111111
8 0.015625 0.155556 0.03125 0.0888889
64 0.01875 0.166667 0.025 0.0666667
2 0.021875 0.166667 0.04375 0.0666667
2 0.028125 0.144444 0.05625 0.0222222
44 0.075 0.122222 0.1125 0.111111
0 0.13125 0.155556 0.025 0.0444444
39 0.09375 0.122222 0.125 0.111111
66 0.1625 0.155556 0.1875 0.0888889
6 0.175 0.155556 0.1875 0.0888889
6 0.26875 0.144444 0.175 0.0666667
4 0.29375 0.144444 0.175 0.0666667
4 0.3 0.133333 0.1375 0.0444444
4 0.33125 0.133333 0.15 0.0444444
4 0.3875 0.133333 0.1875 0.0444444
4 0.40625 0.144444 0.125 0.0666667
4 0.48125 0.144444 0.15 0.0666667
4 0.4875 0.133333 0.1125 0.0444444
6 0.5375 0.133333 0.1625 0.0444444
4 0.55625 0.133333 0.175 0.0444444
4 0.55 0.133333 0.1125 0.0444444
6 0.56875 0.144444 0.1 0.0666667
5 0.58125 0.155556 0.1 0.0888889
6 0.5875 0.155556 0.1125 0.0888889
6 0.6125 0.166667 0.1125 0.0666667
6 0.625 0.155556 0.1125 0.0888889
6 0.65625 0.155556 0.15 0.0888889
5 0.65625 0.166667 0.125 0.0666667
6 0.66875 0.166667 0.1 0.0666667
6 0.69375 0.144444 0.125 0.0666667
6 0.70625 0.155556 0.125 0.0444444
6 0.725 0.144444 0.1125 0.0666667
44 0.925 0.133333 0.1375 0.0444444
6 0.93125 0.133333 0.125 0.0444444
53 0.015625 0.155556 0.03125 0.133333
8 0.015625 0.177778 0.03125 0.0888889
2 0.021875 0.188889 0.04375 0.0666667
6 0.040625 0.177778 0.08125 0.0444444
6 0.109375 0.166667 0.21875 0.111111
6 0.09375 0.144444 0.175 0.0666667
53 0.1 0.133333 0.1125 0.133333
6 0.16875 0.155556 0.175 0.133333
44 0.16875 0.166667 0.15 0.111111
6 0.26875 0.155556 0.15 0.0888889
2 0.28125 0.155556 0.15 0.0888889
6 0.36875 0.144444 0.175 0.0666667
4 0.40625 0.155556 0.175 0.0444444
2 0.4 0.155556 0.1125 0.0444444
64 0.425 0.144444 0.1125 0.0666667
6 0.55625 0.155556 0.175 0.0888889
4 0.56875 0.155556 0.175 0.0888889
6 0.55 0.155556 0.1125 0.0888889
6 0.5625 0.177778 0.1125 0.0444444
6 0.575 0.166667 0.1125 0.111111
6 0.59375 0.188889 0.1 0.0666667
50 0.63125 0.177778 0.1 0.0888889
6 0.6875 0.177778 0.1875 0.0888889
44 0.66875 0.177778 0.1 0.0888889
44 0.7375 0.177778 0.0375 0.0444444
6 0.725 0.177778 0.0875 0.0444444
44 0.928125 0.155556 0.14375 0.0444444
6 0.93125 0.155556 0.125 0.0444444
6 0.028125 0.2 0.05625 0.0444444
6 0.034375 0.188889 0.06875 0.0222222
6 0.09375 0.188889 0.175 0.0222222
30 0.075 0.188889 0.1125 0.0222222
6 0.075 0.211111 0.1125 0.0666667
6 0.0875 0.2 0.1125 0.0444444
6 0.1 0.188889 0.1125 0.0222222
6 0.1125 0.2 0.1125 0.0444444
44 0.13125 0.2 0.1 0.0444444
6 0.18125 0.2 0.175 0.0444444
44 0.1625 0.2 0.1125 0.0444444
44 0.18125 0.2 0.1 0.0444444
44 0.20625 0.2 0.1 0.0444444
6 0.2125 0.2 0.1125 0.0444444
44 0.225 0.2 0.1125 0.0444444
6 0.2375 0.2 0.1125 0.0444444
44 0.2875 0.2 0.1875 0.0444444
44 0.29375 0.2 0.1 0.0444444
6 0.3875 0.188889 0.1875 0.0666667
6 0.40625 0.188889 0.175 0.0222222
6 0.48125 0.2 0.175 0.0444444
6 0.5375 0.2 0.1125 0.0444444
44 0.55 0.2 0.1125 0.0444444
6 0.5625 0.2 0.1125 0.0444444
6 0.58125 0.2 0.1 0.0444444
6 0.6 0.2 0.1125 0.0444444
6 0.61875 0.2 0.1 0.0444444
8 0.63125 0.2 0.1 0.0444444
8 0.68125 0.2 0.175 0.0444444
42 0.66875 0.2 0.1 0.0444444
44 0.6875 0.2 0.1125 0.0444444
44 0.73125 0.2 0.175 0.0444444
44 0.74375 0.211111 0.175 0.0666667
44 0.73125 0.2 0.1 0.0444444
44 0.775 0.2 0.1625 0.0444444
6 0.934375 0.177778 0.13125 0.0444444
4 0.9375 0.177778 0.1125 0.0444444
13 0.946875 0.166667 0.10625 0.0666667
8 0.015625 0.222222 0.03125 0.0888889
8 0.028125 0.222222 0.05625 0.0888889
6 0.034375 0.211111 0.06875 0.0666667
44 0.08125 0.211111 0.125 0.0666667
6 0.11875 0.211111 0.175 0.0666667
6 0.1 0.211111 0.1125 0.0666667
6 0.10625 0.222222 0.125 0.0444444
6 0.16875 0.222222 0.175 0.0444444
6 0.2 0.211111 0.1875 0.0666667
6 0.24375 0.211111 0.175 0.0666667
6 0.2125 0.211111 0.1125 0.0666667
6 0.23125 0.222222 0.1 0.0444444
6 0.28125 0.211111 0.175 0.0666667
44 0.29375 0.211111 0.175 0.0666667
6 0.39375 0.211111 0.175 0.0666667
6 0.375 0.222222 0.1125 0.0444444
8 0.525 0.211111 0.1125 0.0666667
6 0.5375 0.211111 0.1125 0.0666667
6 0.5875 0.211111 0.1625 0.0666667
6 0.61875 0.211111 0.175 0.0666667
6 0.59375 0.222222 0.1 0.0444444
6 0.64375 0.222222 0.175 0.0444444
6 0.68125 0.211111 0.175 0.0666667
8 0.69375 0.211111 0.175 0.0666667
44 0.7375 0.222222 0.1125 0.0444444
44 0.78125 0.211111 0.175 0.0666667
6 0.934375 0.2 0.13125 0.0444444
4 0.946875 0.2 0.10625 0.0444444
64 0.09375 0.211111 0.05 0.0666667
44 0.23125 0.233333 0.175 0.0666667
44 0.2125 0.233333 0.1125 0.0666667
4 0.940625 0.211111 0.11875 0.0666667
4 0.940625 0.222222 0.11875 0.0444444
8 0.025 0.244444 0.0375 0.0888889
6 0.3875 0.266667 0.1375 0.0444444
4 0.4 0.255556 0.1375 0.0222222
4 0.940625 0.233333 0.11875 0.0666667
4 0.946875 0.222222 0.10625 0.0888889
8 0.015625 0.266667 0.03125 0.0444444
6 0.09375 0.255556 0.175 0.0666667
5 0.940625 0.255556 0.11875 0.0666667
6 0.9375 0.255556 0.1125 0.0222222
8 0.01875 0.288889 0.025 0.0444444
8 0.021875 0.288889 0.04375 0.0444444
4 0.09375 0.3 0.175 0.0666667
4 0.08125 0.288889 0.125 0.0444444
6 0.4 0.288889 0.1375 0.0444444
6 0.934375 0.277778 0.13125 0.0666667
4 0.9375 0.266667 0.1125 0.0888889
8 0.01875 0.311111 0.025 0.0444444
8 0.025 0.322222 0.0375 0.0222222
2 0.08125 0.311111 0.125 0.0444444
2 0.2875 0.311111 0.1375 0.0444444
6 0.3875 0.311111 0.1375 0.0444444
4 0.39375 0.311111 0.15 0.0444444
5 0.45625 0.311111 0.15 0.0444444
6 0.51875 0.311111 0.15 0.0444444
6 0.73125 0.311111 0.15 0.0444444
5 0.74375 0.311111 0.125 0.0444444
4 0.81875 0.311111 0.1 0.0444444
6 0.934375 0.311111 0.13125 0.0444444
4 0.9375 0.311111 0.1125 0.0444444
6 0.946875 0.288889 0.10625 0.0888889
8 0.053125 0.344444 0.10625 0.0666667
8 0.01875 0.344444 0.025 0.0222222
6 0.025 0.355556 0.0375 0.0444444
4 0.059375 0.355556 0.11875 0.0444444
4 0.0625 0.344444 0.1125 0.0222222
4 0.1 0.344444 0.0625 0.0222222
13 0.1375 0.344444 0.0625 0.0222222
13 0.15 0.344444 0.0625 0.0222222
13 0.1625 0.344444 0.0625 0.0222222
4 0.1625 0.344444 0.0625 0.0222222
4 0.14375 0.344444 0.125 0.0222222
4 0.15625 0.333333 0.15 0.0444444
4 0.21875 0.333333 0.05 0.0444444
4 0.26875 0.344444 0.15 0.0222222
13 0.29375 0.344444 0.15 0.0222222
4 0.34375 0.344444 0.05 0.0222222
64 0.34375 0.333333 0.15 0.0444444
