6 0.021875 0.0111111 0.04375 0.0222222
6 0.084375 0.0111111 0.16875 0.0222222
3 0.1125 0.0111111 0.1125 0.0222222
3 0.1 0 0.0625 0
6 0.1125 0 0.0625 0
6 0.13125 0 0.075 0
6 0.15 0 0.0625 0
6 0.1625 0 0.0625 0
6 0.175 0 0.0625 0
6 0.19375 0 0.075 0
6 0.21875 0 0.075 0
6 0.24375 0 0.075 0
6 0.26875 0 0.075 0
6 0.3125 0.0111111 0.1375 0.0222222
6 0.29375 0 0.075 0
6 0.30625 0.0111111 0.075 0.0222222
9 0.31875 0.0111111 0.075 0.0222222
3 0.325 0.0111111 0.0625 0.0222222
3 0.33125 0.0222222 0.05 0.0444444
3 0.35 0.0222222 0.0625 0.0444444
3 0.36875 0.0111111 0.05 0.0222222
54 0.3875 0.0111111 0.0625 0.0222222
54 0.40625 0.0111111 0.05 0.0222222
54 0.4125 0 0.0625 0
10 0.4625 0 0.0625 0
54 0.475 0.0111111 0.0375 0.0222222
1 0.54375 0 0.075 0
1 0.575 0.0111111 0.1375 0.0222222
1 0.5625 0.0111111 0.0875 0.0222222
1 0.58125 0.0111111 0.05 0.0222222
1 0.59375 0.0111111 0.075 0.0222222
20 0.65625 0 0.15 0
6 0.6625 0.0111111 0.1375 0.0222222
6 0.675 0 0.1125 0
47 0.725 0 0.1375 0
20 0.8125 0.0111111 0.0625 0.0222222
9 0.81875 0.0111111 0.075 0.0222222
6 0.83125 0.0111111 0.05 0.0222222
6 0.85 0.0111111 0.0875 0.0222222
6 0.875 0.0111111 0.0625 0.0222222
5 0.9125 0.0111111 0.1375 0.0222222
1 0.9 0.0111111 0.0875 0.0222222
0 0.90625 0.0111111 0.05 0.0222222
6 0.9375 0 0.0875 0
6 0.98125 0 0.025 0
0 0.9875 0 0.0125 0
8 0.021875 0.0111111 0.04375 0.0222222
8 0.015625 0.0111111 0.03125 0.0222222
6 0.071875 0.0222222 0.14375 0.0444444
2 0.1 0.0222222 0.1875 0.0444444
6 0.10625 0.0222222 0.175 0.0444444
4 0.1375 0.0222222 0.1875 0.0444444
6 0.16875 0.0222222 0.175 0.0444444
6 0.2 0.0222222 0.1625 0.0444444
5 0.2375 0.0222222 0.1625 0.0444444
5 0.275 0.0222222 0.1625 0.0444444
5 0.30625 0.0222222 0.175 0.0444444
6 0.33125 0.0222222 0.175 0.0444444
1 0.35625 0.0222222 0.175 0.0444444
1 0.3625 0.0333333 0.1625 0.0666667
1 0.3375 0.0333333 0.0875 0.0666667
1 0.36875 0.0333333 0.1 0.0666667
1 0.38125 0.0222222 0.075 0.0444444
1 0.4125 0.0111111 0.0625 0.0222222
2 0.425 0.0111111 0.0375 0.0222222
53 0.44375 0.0111111 0.05 0.0222222
44 0.45625 0.0222222 0.05 0.0444444
53 0.4625 0.0111111 0.0375 0.0222222
74 0.4875 0.0111111 0.0625 0.0222222
2 0.5625 0.0111111 0.1625 0.0222222
6 0.56875 0.0222222 0.15 0.0444444
53 0.575 0.0222222 0.1375 0.0444444
6 0.575 0.0111111 0.1375 0.0222222
23 0.58125 0.0111111 0.15 0.0222222
1 0.5875 0.0222222 0.1625 0.0444444
1 0.58125 0.0333333 0.05 0.0666667
6 0.6375 0.0222222 0.1375 0.0444444
22 0.675 0.0222222 0.1125 0.0444444
20 0.6875 0.0111111 0.1375 0.0222222
22 0.7 0.0222222 0.1375 0.0444444
22 0.63125 0.0111111 0.3 0.0222222
6 0.70625 0.0111111 0.175 0.0222222
20 0.7125 0.0222222 0.1625 0.0444444
17 0.6875 0.0222222 0.0875 0.0444444
20 0.75 0.0222222 0.1625 0.0444444
20 0.78125 0.0222222 0.15 0.0444444
18 0.74375 0.0222222 0.075 0.0444444
18 0.78125 0.0222222 0.1 0.0444444
18 0.8 0.0222222 0.0875 0.0444444
6 0.81875 0.0111111 0.075 0.0222222
6 0.81875 0.0222222 0.075 0.0444444
6 0.84375 0.0222222 0.1 0.0444444
5 0.971875 0.0111111 0.05625 0.0222222
6 0.021875 0.0222222 0.04375 0.0444444
6 0.071875 0.0333333 0.14375 0.0666667
5 0.1 0.0333333 0.1875 0.0666667
6 0.1125 0.0333333 0.1875 0.0666667
6 0.15625 0.0333333 0.175 0.0666667
6 0.16875 0.0444444 0.175 0.0444444
6 0.20625 0.0444444 0.175 0.0444444
5 0.2125 0.0444444 0.1625 0.0444444
5 0.24375 0.0444444 0.175 0.0444444
5 0.275 0.0444444 0.1625 0.0444444
5 0.30625 0.0444444 0.175 0.0444444
5 0.34375 0.0444444 0.175 0.0444444
6 0.38125 0.0444444 0.175 0.0444444
1 0.39375 0.0444444 0.175 0.0444444
3 0.40625 0.0444444 0.175 0.0444444
3 0.43125 0.0333333 0.175 0.0666667
3 0.475 0.0333333 0.1625 0.0666667
3 0.5125 0.0333333 0.1375 0.0666667
8 0.55625 0.0333333 0.15 0.0666667
8 0.5 0.0333333 0.2875 0.0666667
8 0.575 0.0333333 0.1375 0.0666667
6 0.5875 0.0333333 0.1375 0.0222222
6 0.59375 0.0444444 0.15 0.0444444
2 0.55625 0.0444444 0.075 0.0444444
6 0.6 0.0444444 0.0625 0.0444444
22 0.65625 0.0333333 0.175 0.0666667
22 0.6625 0.0333333 0.1875 0.0222222
20 0.68125 0.0444444 0.175 0.0444444
20 0.7125 0.0444444 0.1375 0.0444444
20 0.68125 0.0444444 0.075 0.0444444
18 0.7 0.0444444 0.0375 0.0444444
18 0.7 0.0444444 0.0625 0.0444444
18 0.76875 0.0333333 0.125 0.0222222
18 0.775 0.0444444 0.1375 0.0444444
18 0.7375 0.0444444 0.0625 0.0444444
18 0.7625 0.0333333 0.0375 0.0222222
18 0.775 0.0333333 0.0375 0.0222222
18 0.80625 0.0333333 0.075 0.0222222
6 0.81875 0.0333333 0.075 0.0222222
6 0.84375 0.0333333 0.1 0.0222222
6 0.875 0.0333333 0.1625 0.0222222
6 0.8875 0.0444444 0.1625 0.0444444
6 0.915625 0.0444444 0.16875 0.0444444
5 0.9375 0.0444444 0.1125 0.0888889
5 0.946875 0.0444444 0.10625 0.0444444
5 0.946875 0.0333333 0.10625 0.0666667
8 0.028125 0.0444444 0.05625 0.0444444
6 0.01875 0.0444444 0.025 0.0444444
6 0.059375 0.0666667 0.11875 0.0444444
6 0.2125 0.0555556 0.0625 0.0222222
6 0.23125 0.0555556 0.075 0.0222222
6 0.28125 0.0555556 0.125 0.0222222
6 0.30625 0.0666667 0.125 0.0444444
6 0.33125 0.0555556 0.125 0.0222222
6 0.34375 0.0666667 0.125 0.0444444
6 0.38125 0.0666667 0.175 0.0444444
20 0.39375 0.0666667 0.175 0.0444444
21 0.41875 0.0666667 0.175 0.0444444
6 0.44375 0.0666667 0.175 0.0444444
6 0.4875 0.0666667 0.1625 0.0444444
6 0.51875 0.0666667 0.175 0.0444444
8 0.525 0.0777778 0.1875 0.0666667
8 0.575 0.0666667 0.1375 0.0444444
11 0.56875 0.0666667 0.15 0.0444444
6 0.5625 0.0666667 0.0875 0.0444444
6 0.575 0.0777778 0.0625 0.0666667
6 0.58125 0.0666667 0.1 0.0444444
17 0.6625 0.0444444 0.1875 0.0444444
17 0.6875 0.0555556 0.1375 0.0222222
17 0.675 0.0555556 0.0375 0.0222222
17 0.6875 0.0555556 0.0375 0.0222222
17 0.7 0.0555556 0.0375 0.0222222
17 0.7125 0.0555556 0.0375 0.0222222
17 0.725 0.0666667 0.0375 0.0444444
18 0.7375 0.0666667 0.0375 0.0444444
17 0.75 0.0666667 0.0375 0.0444444
18 0.7625 0.0666667 0.0375 0.0444444
18 0.775 0.0666667 0.0375 0.0444444
18 0.79375 0.0555556 0.025 0.0222222
17 0.8125 0.0444444 0.0625 0.0444444
6 0.81875 0.0444444 0.05 0.0444444
2 0.81875 0.0333333 0.075 0.0222222
2 0.86875 0.0333333 0.15 0.0222222
6 0.8875 0.0333333 0.1625 0.0666667
6 0.915625 0.0333333 0.16875 0.0666667
6 0.9375 0.0444444 0.1125 0.0888889
6 0.946875 0.0444444 0.10625 0.0444444
8 0.028125 0.0666667 0.05625 0.0444444
6 0.021875 0.0666667 0.04375 0.0444444
6 0.090625 0.0777778 0.18125 0.0666667
6 0.10625 0.0777778 0.175 0.0666667
6 0.15625 0.0666667 0.175 0.0444444
6 0.19375 0.0666667 0.175 0.0444444
6 0.175 0.0666667 0.1125 0.0444444
6 0.2 0.0666667 0.1125 0.0444444
6 0.225 0.0666667 0.1125 0.0444444
6 0.25 0.0666667 0.1125 0.0444444
5 0.2625 0.0666667 0.1125 0.0444444
6 0.275 0.0666667 0.1125 0.0444444
5 0.2875 0.0666667 0.1125 0.0444444
5 0.34375 0.0666667 0.175 0.0444444
2 0.36875 0.0888889 0.175 0.0444444
6 0.38125 0.0888889 0.175 0.0444444
20 0.40625 0.0888889 0.175 0.0444444
6 0.41875 0.0888889 0.175 0.0444444
6 0.45625 0.0888889 0.175 0.0444444
4 0.46875 0.0888889 0.175 0.0444444
4 0.5125 0.0777778 0.1875 0.0666667
6 0.525 0.0777778 0.1875 0.0666667
6 0.5625 0.0777778 0.1375 0.0666667
6 0.54375 0.0888889 0.1 0.0444444
6 0.5625 0.0777778 0.0875 0.0222222
4 0.575 0.0888889 0.0625 0.0444444
2 0.575 0.0777778 0.0875 0.0666667
2 0.625 0.0666667 0.1125 0.0444444
6 0.65625 0.0666667 0.075 0.0444444
18 0.675 0.0777778 0.0375 0.0222222
17 0.675 0.0777778 0.0125 0.0222222
17 0.68125 0.0666667 0.025 0.0444444
17 0.69375 0.0666667 0.025 0.0444444
17 0.7 0.0666667 0.0375 0.0444444
17 0.7125 0.0666667 0.0375 0.0444444
6 0.7375 0.0666667 0.0625 0.0444444
17 0.74375 0.0666667 0.025 0.0444444
17 0.7625 0.0666667 0.0375 0.0444444
17 0.775 0.0666667 0.0375 0.0444444
18 0.79375 0.0666667 0.025 0.0444444
6 0.80625 0.0666667 0.025 0.0444444
6 0.8125 0.0666667 0.0375 0.0444444
2 0.825 0.0666667 0.0375 0.0444444
2 0.8375 0.0666667 0.0375 0.0444444
2 0.85625 0.0777778 0.025 0.0222222
9 0.959375 0.0666667 0.08125 0.0444444
8 0.021875 0.0888889 0.04375 0.0444444
6 0.021875 0.0888889 0.04375 0.0444444
8 0.040625 0.0888889 0.08125 0.0444444
6 0.059375 0.0888889 0.11875 0.0444444
6 0.2125 0.0888889 0.1125 0.0444444
6 0.2375 0.0888889 0.1125 0.0444444
6 0.25 0.1 0.1125 0.0222222
6 0.28125 0.1 0.125 0.0222222
6 0.3 0.111111 0.1125 0.0444444
4 0.3125 0.111111 0.1125 0.0444444
4 0.375 0.111111 0.1875 0.0444444
4 0.35625 0.111111 0.125 0.0444444
4 0.38125 0.111111 0.125 0.0444444
4 0.41875 0.122222 0.175 0.0666667
4 0.45625 0.111111 0.175 0.0444444
4 0.49375 0.111111 0.175 0.0444444
4 0.50625 0.122222 0.175 0.0666667
4 0.525 0.1 0.1875 0.0666667
4 0.5375 0.111111 0.1125 0.0444444
4 0.56875 0.111111 0.075 0.0444444
6 0.58125 0.111111 0.075 0.0444444
2 0.575 0.1 0.0875 0.0666667
6 0.5875 0.0888889 0.0875 0.0444444
6 0.625 0.0888889 0.0875 0.0444444
6 0.65625 0.1 0.05 0.0222222
20 0.66875 0.0888889 0.075 0.0444444
17 0.68125 0.0888889 0.05 0.0444444
6 0.6875 0.1 0.0625 0.0222222
6 0.6875 0.111111 0.0875 0.0444444
6 0.7125 0.111111 0.0625 0.0444444
6 0.73125 0.111111 0.175 0.0444444
11 0.76875 0.111111 0.175 0.0444444
6 0.78125 0.111111 0.175 0.0444444
6 0.81875 0.111111 0.175 0.0444444
6 0.83125 0.122222 0.175 0.0666667
6 0.86875 0.122222 0.175 0.0666667
6 0.90625 0.111111 0.125 0.0444444
20 0.86875 0.111111 0.125 0.0444444
6 0.90625 0.111111 0.075 0.0444444
2 0.93125 0.111111 0.075 0.0444444
6 0.925 0.122222 0.1125 0.0666667
6 0.946875 0.111111 0.10625 0.0444444
6 0.946875 0.1 0.10625 0.0222222
23 0.021875 0.122222 0.04375 0.0666667
6 0.01875 0.111111 0.025 0.0444444
6 0.0625 0.1 0.0625 0.0666667
6 0.225 0.111111 0.1125 0.0444444
6 0.25 0.111111 0.1125 0.0444444
6 0.275 0.111111 0.1125 0.0444444
4 0.36875 0.122222 0.175 0.0666667
5 0.3625 0.133333 0.2375 0.0444444
4 0.40625 0.133333 0.175 0.0444444
5 0.41875 0.133333 0.175 0.0444444
4 0.45625 0.122222 0.175 0.0666667
5 0.54375 0.122222 0.175 0.0666667
4 0.5375 0.122222 0.1125 0.0666667
4 0.5625 0.122222 0.1125 0.0666667
4 0.6 0.122222 0.1625 0.0666667
2 0.625 0.122222 0.1875 0.0666667
6 0.5875 0.122222 0.0875 0.0666667
25 0.65 0.122222 0.0625 0.0666667
6 0.6625 0.122222 0.0375 0.0666667
6 0.7125 0.133333 0.1375 0.0444444
6 0.71875 0.122222 0.175 0.0666667
6 0.75625 0.122222 0.175 0.0666667
6 0.79375 0.122222 0.175 0.0666667
6 0.80625 0.133333 0.175 0.0444444
5 0.83125 0.133333 0.175 0.0444444
6 0.86875 0.133333 0.175 0.0444444
5 0.88125 0.133333 0.175 0.0444444
5 0.88125 0.122222 0.125 0.0666667
5 0.9125 0.122222 0.1125 0.0666667
4 0.9375 0.122222 0.1125 0.0666667
5 0.946875 0.122222 0.10625 0.0666667
