4 0.034375 0.0111111 0.06875 0.0222222
4 0.040625 0.0222222 0.08125 0.0444444
4 0.078125 0.0222222 0.15625 0.0444444
4 0.084375 0.0111111 0.16875 0.0222222
55 0.14375 0.0111111 0.175 0.0222222
4 0.44375 0.0111111 0.15 0.0222222
4 0.71875 0.0111111 0.175 0.0222222
4 0.7375 0.0111111 0.0875 0.0222222
6 0.7875 0.0111111 0.1375 0.0222222
4 0.7875 0.0111111 0.1375 0.0222222
4 0.775 0.0111111 0.0875 0.0222222
53 0.79375 0.0111111 0.075 0.0222222
7 0.015625 0.0222222 0.03125 0.0444444
4 0.034375 0.0333333 0.06875 0.0666667
10 0.06875 0.0111111 0.075 0.0222222
10 0.29375 0.0333333 0.175 0.0666667
10 0.31875 0.0222222 0.125 0.0444444
10 0.38125 0.0333333 0.2 0.0666667
10 0.425 0.0222222 0.1625 0.0444444
4 0.4125 0.0111111 0.0875 0.0222222
2 0.41875 0.0111111 0.1 0.0222222
6 0.50625 0.0111111 0.1 0.0222222
4 0.69375 0.0222222 0.175 0.0444444
4 0.69375 0.0111111 0.125 0.0222222
30 0.73125 0.0333333 0.075 0.0666667
44 0.7875 0.0333333 0.1625 0.0666667
44 0.79375 0.0222222 0.15 0.0444444
44 0.775 0.0222222 0.0875 0.0444444
10 0.81875 0.0222222 0.1 0.0444444
10 0.84375 0.0222222 0.125 0.0444444
10 0.86875 0.0222222 0.125 0.0444444
8 0.88125 0.0111111 0.125 0.0222222
8 0.89375 0.0222222 0.125 0.0444444
8 0.921875 0.0111111 0.15625 0.0222222
8 0.946875 0.0222222 0.10625 0.0444444
8 0.946875 0.0222222 0.10625 0.0444444
10 0.953125 0.0222222 0.09375 0.0444444
10 0.984375 0.0111111 0.03125 0.0222222
8 0.015625 0.0333333 0.03125 0.0666667
8 0.015625 0.0333333 0.03125 0.0666667
4 0.021875 0.0333333 0.04375 0.0666667
30 0.090625 0.0333333 0.18125 0.0666667
30 0.71875 0.0333333 0.175 0.0666667
4 0.75625 0.0333333 0.2 0.0666667
43 0.775 0.0333333 0.1875 0.0666667
66 0.76875 0.0222222 0.175 0.0444444
30 0.80625 0.0222222 0.175 0.0444444
30 0.84375 0.0333333 0.175 0.0666667
10 0.953125 0.0333333 0.09375 0.0666667
10 0.990625 0.0444444 0.01875 0.0888889
4 0.015625 0.0444444 0.03125 0.0444444
4 0.021875 0.0666667 0.04375 0.0444444
10 0.3625 0.0555556 0.0375 0.0666667
10 0.43125 0.0444444 0.15 0.0888889
8 0.38125 0.0444444 0.05 0.0888889
4 0.425 0.0444444 0.0125 0.0444444
4 0.44375 0.0444444 0.05 0.0444444
4 0.43125 0.0555556 0.075 0.0666667
4 0.50625 0.0444444 0.15 0.0888889
2 0.51875 0.0555556 0.125 0.0666667
2 0.4875 0.0666667 0.0625 0.0444444
2 0.50625 0.0666667 0.1 0.0444444
4 0.5125 0.0555556 0.0875 0.0222222
4 0.5375 0.0666667 0.0875 0.0444444
6 0.5625 0.0666667 0.1375 0.0444444
4 0.5625 0.0666667 0.0625 0.0444444
6 0.58125 0.0666667 0.075 0.0444444
4 0.59375 0.0666667 0.075 0.0444444
4 0.60625 0.0555556 0.075 0.0222222
44 0.74375 0.0666667 0.075 0.0444444
44 0.7875 0.0555556 0.1375 0.0222222
44 0.76875 0.0555556 0.075 0.0222222
43 0.775 0.0555556 0.0375 0.0222222
43 0.78125 0.0555556 0.025 0.0222222
43 0.84375 0.0555556 0.125 0.0222222
43 0.8125 0.0666667 0.0375 0.0444444
43 0.86875 0.0666667 0.125 0.0444444
31 0.88125 0.0555556 0.125 0.0222222
3 0.8625 0.0555556 0.0125 0.0222222
0 0.875 0.0666667 0.0125 0.0444444
0 0.8875 0.0555556 0.0125 0.0222222
16 0.90625 0.0555556 0.025 0.0222222
16 0.9125 0.0555556 0.0125 0.0222222
3 0.93125 0.0555556 0.025 0.0222222
44 0.9625 0.0555556 0.0625 0.0222222
44 0.971875 0.0555556 0.05625 0.0222222
2 0.021875 0.0777778 0.04375 0.0666667
4 0.021875 0.0777778 0.04375 0.0666667
39 0.25625 0.0777778 0.125 0.0666667
44 0.3125 0.0777778 0.1125 0.0666667
44 0.36875 0.0777778 0.2 0.0666667
30 0.3625 0.0777778 0.1625 0.0666667
6 0.36875 0.0555556 0.025 0.0666667
10 0.43125 0.0666667 0.15 0.0888889
4 0.41875 0.0777778 0.125 0.0666667
4 0.39375 0.0777778 0.05 0.0666667
4 0.39375 0.0777778 0.05 0.111111
10 0.46875 0.0666667 0.15 0.0888889
6 0.525 0.0666667 0.1625 0.0888889
2 0.49375 0.0555556 0.05 0.0666667
6 0.525 0.0666667 0.0625 0.0444444
4 0.5375 0.0777778 0.0875 0.0666667
4 0.59375 0.0777778 0.125 0.0666667
6 0.55625 0.0777778 0.25 0.0666667
2 0.6625 0.0666667 0.0875 0.0444444
2 0.75 0.0666667 0.1875 0.0444444
2 0.73125 0.0666667 0.1 0.0444444
2 0.75625 0.0666667 0.05 0.0444444
2 0.76875 0.0666667 0.075 0.0444444
9 0.78125 0.0666667 0.05 0.0444444
32 0.79375 0.0666667 0.05 0.0444444
6 0.021875 0.0777778 0.04375 0.0666667
4 0.3875 0.0888889 0.2125 0.0888889
4 0.425 0.0888889 0.1375 0.0888889
2 0.39375 0.111111 0.05 0.0444444
2 0.40625 0.1 0.075 0.0666667
4 0.51875 0.0888889 0.125 0.0888889
4 0.49375 0.0777778 0.05 0.0666667
4 0.51875 0.0888889 0.05 0.0444444
6 0.525 0.0888889 0.0625 0.0444444
6 0.53125 0.1 0.075 0.0222222
6 0.5625 0.0777778 0.1625 0.0666667
6 0.5875 0.0888889 0.1875 0.0888889
4 0.56875 0.0888889 0.25 0.0888889
2 0.61875 0.0777778 0.075 0.0666667
2 0.6625 0.0777778 0.0875 0.0666667
2 0.68125 0.0777778 0.075 0.0666667
2 0.74375 0.0777778 0.175 0.0666667
2 0.7125 0.0777778 0.0875 0.0666667
44 0.80625 0.0888889 0.075 0.0444444
44 0.825 0.0888889 0.0625 0.0444444
44 0.8375 0.0888889 0.0625 0.0444444
28 0.85 0.0888889 0.0875 0.0444444
44 0.86875 0.0888889 0.075 0.0444444
31 0.89375 0.0888889 0.1 0.0444444
28 0.9 0.0888889 0.0875 0.0444444
44 0.940625 0.0777778 0.11875 0.0666667
8 0.021875 0.111111 0.04375 0.0888889
7 0.021875 0.122222 0.04375 0.0666667
8 0.040625 0.122222 0.08125 0.0666667
30 0.046875 0.111111 0.09375 0.0444444
6 0.0625 0.111111 0.1125 0.0444444
30 0.18125 0.111111 0.125 0.0444444
30 0.2125 0.111111 0.1125 0.0444444
30 0.29375 0.111111 0.05 0.0444444
30 0.3 0.111111 0.1125 0.0444444
30 0.325 0.111111 0.1125 0.0444444
6 0.3625 0.111111 0.1875 0.0444444
4 0.4 0.111111 0.1875 0.0888889
2 0.39375 0.122222 0.05 0.0666667
4 0.40625 0.111111 0.075 0.0888889
6 0.4375 0.111111 0.0375 0.0444444
44 0.4375 0.111111 0.0875 0.0444444
30 0.45 0.1 0.1375 0.0666667
30 0.5 0.122222 0.2125 0.0666667
6 0.49375 0.111111 0.175 0.0444444
4 0.5 0.111111 0.0625 0.0444444
4 0.53125 0.111111 0.05 0.0444444
6 0.525 0.111111 0.0625 0.0444444
6 0.5375 0.1 0.0875 0.0666667
6 0.5375 0.111111 0.1125 0.0444444
6 0.5875 0.1 0.1625 0.0666667
6 0.6 0.111111 0.1875 0.0888889
2 0.5625 0.1 0.0875 0.0666667
2 0.59375 0.111111 0.05 0.0444444
2 0.6125 0.111111 0.0375 0.0444444
2 0.6125 0.1 0.0625 0.0666667
2 0.6375 0.1 0.0875 0.0666667
2 0.6625 0.1 0.0875 0.0666667
2 0.66875 0.0888889 0.075 0.0444444
2 0.68125 0.1 0.075 0.0666667
2 0.7 0.1 0.0875 0.0666667
2 0.7125 0.111111 0.0875 0.0444444
2 0.73125 0.111111 0.075 0.0444444
2 0.75625 0.111111 0.05 0.0444444
2 0.75625 0.111111 0.075 0.0444444
2 0.78125 0.111111 0.075 0.0444444
2 0.8 0.111111 0.0875 0.0444444
44 0.85 0.1 0.1125 0.0666667
8 0.021875 0.133333 0.04375 0.0888889
79 0.35625 0.133333 0.2 0.0888889
4 0.41875 0.133333 0.125 0.0444444
4 0.38125 0.144444 0.05 0.0666667
4 0.51875 0.133333 0.125 0.0888889
0 0.54375 0.133333 0.15 0.0888889
9 0.525 0.133333 0.0625 0.0444444
6 0.5125 0.133333 0.0375 0.0444444
6 0.5375 0.122222 0.0875 0.0666667
6 0.55625 0.144444 0.05 0.0666667
6 0.55625 0.144444 0.075 0.0666667
2 0.5875 0.155556 0.0375 0.0444444
2 0.59375 0.155556 0.025 0.0444444
0 0.60625 0.144444 0.025 0.0222222
0 0.625 0.155556 0.0375 0.0444444
0 0.64375 0.133333 0.025 0.0444444
0 0.65625 0.144444 0.025 0.0222222
0 0.6625 0.144444 0.0375 0.0666667
2 0.675 0.133333 0.0375 0.0444444
2 0.6875 0.133333 0.0375 0.0444444
0 0.7 0.133333 0.0375 0.0444444
0 0.7375 0.133333 0.0625 0.0444444
2 0.75 0.133333 0.0625 0.0444444
4 0.7375 0.133333 0.1375 0.0888889
2 0.76875 0.133333 0.075 0.0888889
43 0.8625 0.133333 0.1125 0.0888889
6 0.940625 0.133333 0.11875 0.0888889
5 0.946875 0.133333 0.10625 0.0888889
6 0.959375 0.133333 0.08125 0.0888889
4 0.015625 0.144444 0.03125 0.0666667
4 0.040625 0.144444 0.08125 0.0666667
6 0.040625 0.166667 0.08125 0.0666667
43 0.225 0.144444 0.1125 0.0666667
6 0.24375 0.133333 0.1 0.0888889
6 0.2625 0.133333 0.1125 0.0888889
28 0.275 0.144444 0.0875 0.0666667
79 0.3125 0.144444 0.1125 0.0666667
4 0.3875 0.155556 0.0625 0.0444444
4 0.4125 0.155556 0.0875 0.0444444
6 0.425 0.155556 0.0875 0.0444444
4 0.51875 0.155556 0.125 0.0888889
2 0.55 0.166667 0.1625 0.0666667
4 0.5125 0.155556 0.0875 0.0444444
6 0.53125 0.166667 0.075 0.0222222
6 0.55 0.155556 0.0625 0.0444444
5 0.55625 0.155556 0.075 0.0444444
4 0.55625 0.155556 0.1 0.0444444
2 0.60625 0.166667 0.175 0.0666667
7 0.61875 0.166667 0.175 0.0666667
0 0.69375 0.144444 0.175 0.0666667
4 0.725 0.155556 0.1625 0.0888889
44 0.71875 0.155556 0.125 0.0888889
6 0.76875 0.144444 0.075 0.0666667
44 0.7875 0.144444 0.1125 0.0666667
39 0.8 0.133333 0.1125 0.0888889
44 0.8125 0.133333 0.1125 0.0888889
5 0.940625 0.144444 0.11875 0.0666667
4 0.965625 0.144444 0.06875 0.0666667
2 0.965625 0.144444 0.06875 0.0666667
4 0.015625 0.177778 0.03125 0.0444444
4 0.034375 0.166667 0.06875 0.0666667
39 0.040625 0.166667 0.08125 0.0666667
39 0.059375 0.166667 0.11875 0.0666667
39 0.065625 0.188889 0.13125 0.0666667
39 0.1 0.166667 0.0875 0.0666667
9 0.10625 0.177778 0.1 0.0888889
0 0.13125 0.166667 0.1 0.0666667
39 0.15 0.177778 0.0875 0.0444444
39 0.1625 0.155556 0.0875 0.0888889
5 0.175 0.155556 0.0875 0.0888889
39 0.1875 0.155556 0.0875 0.0888889
68 0.2375 0.166667 0.0875 0.0666667
5 0.275 0.166667 0.1375 0.0666667
69 0.3 0.166667 0.1875 0.0666667
28 0.29375 0.166667 0.05 0.0666667
79 0.35 0.166667 0.1875 0.0666667
8 0.4125 0.155556 0.1375 0.0888889
6 0.41875 0.166667 0.075 0.0666667
4 0.50625 0.166667 0.075 0.0666667
2 0.5125 0.177778 0.0875 0.0888889
4 0.5125 0.177778 0.0875 0.0888889
6 0.525 0.177778 0.0875 0.0444444
6 0.55 0.166667 0.0875 0.0666667
39 0.78125 0.155556 0.1 0.0888889
6 0.965625 0.2 0.06875 0.0444444
10 0.015625 0.2 0.03125 0.0444444
4 0.015625 0.2 0.03125 0.0444444
4 0.021875 0.211111 0.04375 0.0666667
10 0.028125 0.2 0.05625 0.0444444
31 0.078125 0.211111 0.15625 0.0666667
9 0.06875 0.211111 0.125 0.0666667
30 0.08125 0.211111 0.125 0.0666667
9 0.1375 0.211111 0.1625 0.0666667
30 0.14375 0.211111 0.15 0.0666667
44 0.15625 0.211111 0.125 0.0666667
44 0.20625 0.2 0.175 0.0888889
44 0.225 0.188889 0.1125 0.0666667
44 0.2625 0.2 0.0875 0.0888889
44 0.29375 0.2 0.175 0.0888889
39 0.33125 0.2 0.05 0.0444444
2 0.525 0.188889 0.1125 0.0666667
0 0.54375 0.2 0.15 0.0888889
4 0.5 0.2 0.1125 0.0888889
39 0.53125 0.2 0.075 0.0444444
6 0.5375 0.188889 0.0875 0.0666667
6 0.55625 0.188889 0.05 0.0666667
6 0.5625 0.188889 0.0875 0.0666667
6 0.58125 0.188889 0.125 0.0666667
44 0.6125 0.2 0.1125 0.0444444
44 0.61875 0.188889 0.125 0.0666667
44 0.63125 0.2 0.1 0.0444444
44 0.65625 0.2 0.125 0.0444444
6 0.74375 0.2 0.175 0.0888889
6 0.8875 0.211111 0.1125 0.0666667
6 0.934375 0.211111 0.13125 0.0666667
5 0.940625 0.211111 0.11875 0.0666667
4 0.015625 0.233333 0.03125 0.0666667
2 0.015625 0.222222 0.03125 0.0444444
2 0.015625 0.211111 0.03125 0.0666667
7 0.021875 0.222222 0.04375 0.0888889
10 0.078125 0.233333 0.15625 0.0666667
