63 0.009375 0.0111111 0.01875 0.0222222
35 0.071875 0.0111111 0.14375 0.0222222
29 0.0875 0.0111111 0.1375 0.0222222
29 0.084375 0 0.16875 0
35 0.15625 0 0.2 0
35 0.08125 0 0.025 0
69 0.0875 0 0.0375 0
66 0.10625 0 0 0
66 0.15625 0 0.05 0
58 0.11875 0.0444444 0.15 0.0888889
71 0.15625 0.0222222 0.1 0.0444444
29 0.175 0.0222222 0.0875 0.0444444
60 0.20625 0.0222222 0.075 0.0444444
60 0.18125 0.0222222 0.15 0.0444444
60 0.2125 0.0222222 0.1125 0.0444444
45 0.2375 0.0222222 0.0875 0.0444444
60 0.2375 0.0222222 0.1125 0.0444444
67 0.53125 0.0222222 0.025 0.0444444
24 0.53125 0.0222222 0.05 0.0444444
24 0.56875 0.0222222 0 0.0444444
24 0.58125 0.0222222 0 0.0444444
26 0.59375 0 0 0
26 0.60625 0 0 0
26 0.61875 0 0 0
26 0.625 0 0.0125 0
26 0.6375 0.0111111 0.0125 0.0222222
0 0.65 0.0111111 0.0125 0.0222222
26 0.6625 0.0111111 0.0125 0.0222222
26 0.675 0.0111111 0.0125 0.0222222
26 0.6875 0.0111111 0.0125 0.0222222
24 0.7 0 0.0125 0
26 0.7125 0 0.0125 0
26 0.725 0 0.0125 0
26 0.7375 0 0.0125 0
26 0.75625 0.0111111 0.025 0.0222222
26 0.7625 0.0111111 0.0375 0.0222222
26 0.775 0.0111111 0.0125 0.0222222
26 0.7875 0 0.0125 0
26 0.8 0 0.0125 0
26 0.8125 0 0.0125 0
26 0.81875 0 0.025 0
26 0.83125 0 0.025 0
26 0.84375 0 0.025 0
26 0.85625 0 0.025 0
26 0.86875 0 0.025 0
26 0.88125 0 0.025 0
26 0.9 0 0.0125 0
26 0.90625 0 0.025 0
24 0.91875 0 0.025 0
24 0.93125 0 0.025 0
24 0.94375 0.0111111 0.025 0.0222222
13 0.9625 0.0111111 0.0125 0.0222222
26 0.975 0 0.0125 0
26 0.98125 0 0.025 0
26 0.009375 0.0111111 0.01875 0.0222222
29 0.0125 0.0111111 0.0125 0.0222222
8 0.03125 0.0222222 0.025 0.0444444
8 0.05 0.0222222 0.0375 0.0444444
8 0.05625 0.0222222 0.025 0.0444444
8 0.06875 0.0111111 0 0.0222222
8 0.075 0.0111111 0.0125 0.0222222
8 0.09375 0.0111111 0.025 0.0222222
8 0.10625 0.0111111 0 0.0222222
55 0.11875 0.0111111 0 0.0222222
45 0.13125 0.0222222 0 0.0444444
45 0.14375 0.0222222 0.025 0.0444444
2 0.15 0.0222222 0.0125 0.0444444
2 0.1875 0.0222222 0.0625 0.0444444
8 0.2 0.0222222 0.0625 0.0444444
29 0.20625 0.0222222 0.075 0.0444444
45 0.225 0.0333333 0.0625 0.0666667
45 0.21875 0.0333333 0.125 0.0666667
29 0.2375 0.0333333 0.0875 0.0666667
8 0.24375 0.0333333 0.1 0.0666667
8 0.25 0.0333333 0.1125 0.0666667
71 0.275 0.0333333 0.1125 0.0666667
45 0.29375 0.0333333 0.125 0.0666667
28 0.50625 0.0222222 0.075 0.0444444
29 0.50625 0.0222222 0.075 0.0444444
29 0.51875 0.0111111 0.025 0.0222222
29 0.53125 0.0222222 0.05 0.0444444
29 0.54375 0.0222222 0.025 0.0444444
26 0.55 0.0222222 0.0375 0.0444444
26 0.56875 0.0222222 0.05 0.0444444
26 0.58125 0.0222222 0.05 0.0444444
26 0.59375 0.0222222 0.05 0.0444444
26 0.60625 0.0222222 0.05 0.0444444
26 0.625 0.0222222 0.0375 0.0444444
26 0.6375 0.0111111 0.0375 0.0222222
26 0.65 0.0222222 0.0375 0.0444444
26 0.675 0.0111111 0.0375 0.0222222
26 0.6875 0.0111111 0.0375 0.0222222
26 0.7 0.0111111 0.0375 0.0222222
26 0.7125 0.0111111 0.0375 0.0222222
26 0.725 0.0111111 0.0375 0.0222222
26 0.7375 0.0111111 0.0375 0.0222222
26 0.75 0.0111111 0.0375 0.0222222
26 0.775 0.0111111 0.0375 0.0222222
26 0.7875 0.0111111 0.0375 0.0222222
26 0.8 0.0111111 0.0375 0.0222222
26 0.8125 0.0111111 0.0375 0.0222222
26 0.825 0.0111111 0.0375 0.0222222
26 0.8375 0.0222222 0.0375 0.0444444
26 0.85 0.0222222 0.0375 0.0444444
26 0.8625 0.0222222 0.0375 0.0444444
26 0.875 0.0222222 0.0375 0.0444444
26 0.8875 0.0222222 0.0375 0.0444444
26 0.9 0.0222222 0.0375 0.0444444
26 0.90625 0.0888889 0.05 0.177778
26 0.91875 0.0888889 0.05 0.177778
26 0.93125 0.0888889 0.05 0.177778
13 0.94375 0.0444444 0.05 0.0888889
13 0.9625 0.0333333 0.0375 0.0666667
26 0.978125 0.0222222 0.04375 0.0444444
26 0.0125 0.0222222 0.0125 0.0444444
67 0.025 0.0222222 0.0375 0.0444444
26 0.15 0.0222222 0.0125 0.0444444
26 0.1625 0.0222222 0.0125 0.0444444
8 0.175 0.0222222 0.0125 0.0444444
26 0.19375 0.0333333 0.075 0.0666667
45 0.20625 0.0333333 0.025 0.0666667
26 0.51875 0.0333333 0.025 0.0222222
3 0.5375 0.0444444 0.0875 0.0444444
1 0.5625 0.0333333 0.0625 0.0222222
3 0.55625 0.0333333 0.075 0.0222222
3 0.575 0.0333333 0.0875 0.0222222
3 0.59375 0.0444444 0.075 0.0444444
26 0.60625 0.0444444 0.075 0.0444444
43 0.60625 0.0444444 0.05 0.0444444
48 0.625 0.0333333 0.0375 0.0222222
48 0.64375 0.0333333 0.075 0.0222222
35 0.65 0.0333333 0.0625 0.0222222
26 0.65625 0.0333333 0.05 0.0222222
26 0.675 0.0444444 0.0375 0.0444444
26 0.68125 0.0333333 0.05 0.0666667
26 0.69375 0.0444444 0.05 0.0888889
26 0.70625 0.0222222 0.05 0.0444444
26 0.725 0.0333333 0.0375 0.0666667
26 0.7375 0.0666667 0.0375 0.133333
26 0.75625 0.0222222 0.05 0.0444444
26 0.76875 0.0333333 0.05 0.0666667
26 0.7875 0.0555556 0.0375 0.111111
67 0.91875 0.0222222 0.05 0.0444444
48 0.9375 0.0222222 0.0375 0.0444444
13 0.94375 0.0222222 0.05 0.0444444
67 0.978125 0.0222222 0.04375 0.0444444
26 0.034375 0.0333333 0.06875 0.0666667
8 0.33125 0.0666667 0.075 0.0444444
8 0.35625 0.0777778 0.075 0.0666667
60 0.3875 0.0666667 0.1125 0.0888889
60 0.45625 0.0666667 0.075 0.0444444
3 0.50625 0.0555556 0.075 0.0666667
60 0.5125 0.0555556 0.0875 0.0666667
1 0.5375 0.0555556 0.0875 0.0666667
3 0.54375 0.0555556 0.075 0.0666667
1 0.5625 0.0666667 0.0875 0.0444444
1 0.58125 0.0666667 0.1 0.0444444
1 0.6 0.0666667 0.0875 0.0444444
34 0.625 0.0666667 0.0875 0.0444444
26 0.6375 0.0555556 0.0875 0.0666667
42 0.65 0.0666667 0.0875 0.0444444
17 0.65625 0.0666667 0.075 0.0444444
16 0.66875 0.0666667 0.075 0.0444444
26 0.675 0.0666667 0.0625 0.0444444
26 0.69375 0.0666667 0.075 0.0444444
26 0.725 0.0666667 0.0875 0.0444444
26 0.74375 0.0666667 0.05 0.0444444
26 0.75625 0.0666667 0.05 0.0444444
26 0.775 0.0666667 0.0375 0.0444444
26 0.78125 0.0666667 0.025 0.0444444
67 0.79375 0.0666667 0.05 0.0444444
67 0.80625 0.0666667 0.05 0.0444444
67 0.81875 0.0555556 0.05 0.0222222
67 0.83125 0.0555556 0.05 0.0222222
67 0.84375 0.0555556 0.05 0.0222222
67 0.85625 0.0555556 0.05 0.0222222
67 0.86875 0.0555556 0.05 0.0222222
67 0.90625 0.0555556 0.05 0.0222222
26 0.925 0.0555556 0.0375 0.0222222
26 0.9375 0.0555556 0.0375 0.0222222
45 0.95 0.0555556 0.0375 0.0222222
26 0.9625 0.0555556 0.0375 0.0222222
3 0.028125 0.0555556 0.05625 0.111111
60 0.034375 0.0777778 0.06875 0.0666667
45 0.3125 0.0666667 0.0625 0.0888889
28 0.325 0.0888889 0.0625 0.0444444
2 0.3375 0.0888889 0.0875 0.0444444
3 0.34375 0.0888889 0.1 0.0444444
60 0.3625 0.0888889 0.0875 0.0444444
3 0.38125 0.0888889 0.1 0.0444444
3 0.4 0.0888889 0.1125 0.0444444
3 0.425 0.0888889 0.0875 0.0444444
1 0.43125 0.0888889 0.1 0.0444444
1 0.45625 0.0888889 0.1 0.0444444
1 0.50625 0.0888889 0.075 0.0444444
1 0.525 0.0777778 0.1125 0.0666667
1 0.54375 0.0777778 0.075 0.0222222
1 0.55 0.0777778 0.0875 0.0666667
1 0.575 0.0777778 0.1125 0.0666667
1 0.59375 0.0888889 0.1 0.0444444
1 0.6125 0.0888889 0.0875 0.0444444
1 0.65 0.0666667 0.1375 0.0888889
1 0.675 0.0666667 0.1375 0.0888889
1 0.71875 0.0777778 0.1 0.0666667
1 0.65 0.0777778 0.3125 0.0666667
3 0.725 0.0888889 0.1625 0.0444444
3 0.75625 0.0888889 0.15 0.0444444
3 0.78125 0.0888889 0.125 0.0444444
1 0.80625 0.0888889 0.125 0.0444444
3 0.81875 0.0888889 0.125 0.0444444
26 0.83125 0.0888889 0.125 0.0444444
26 0.79375 0.0888889 0.05 0.0444444
26 0.80625 0.0888889 0.05 0.0444444
26 0.81875 0.0888889 0.05 0.0444444
26 0.8375 0.0888889 0.0375 0.0444444
26 0.84375 0.0888889 0.025 0.0444444
26 0.85625 0.0888889 0.05 0.0444444
26 0.86875 0.0888889 0.05 0.0444444
26 0.88125 0.0888889 0.05 0.0444444
26 0.9 0.0888889 0.0375 0.0444444
26 0.9125 0.0888889 0.0375 0.0444444
26 0.925 0.0888889 0.0375 0.0444444
26 0.9375 0.0777778 0.0375 0.0222222
26 0.95 0.0777778 0.0375 0.0222222
13 0.9625 0.1 0.0375 0.0666667
67 0.984375 0.0666667 0.03125 0.0888889
3 0.028125 0.0777778 0.05625 0.0666667
11 0.16875 0.0888889 0 0.0444444
1 0.1875 0.0888889 0.0125 0.0444444
1 0.2 0.0888889 0.0125 0.0888889
3 0.3375 0.1 0.1125 0.111111
15 0.325 0.1 0.0625 0.0666667
1 0.35 0.1 0.1125 0.0666667
1 0.3625 0.111111 0.1375 0.0444444
3 0.36875 0.1 0.15 0.0666667
3 0.3875 0.1 0.0875 0.0666667
3 0.45 0.1 0.1375 0.0666667
1 0.44375 0.0888889 0.125 0.0888889
1 0.4625 0.0777778 0.0875 0.0666667
1 0.475 0.0888889 0.1375 0.0888889
3 0.5125 0.0888889 0.0875 0.0888889
1 0.51875 0.0888889 0.125 0.0888889
1 0.55 0.1 0.0875 0.0666667
3 0.5375 0.1 0.1375 0.0666667
1 0.56875 0.0888889 0.075 0.0444444
1 0.5625 0.1 0.1625 0.0666667
1 0.60625 0.1 0.075 0.0222222
1 0.6 0.111111 0.1125 0.0444444
1 0.63125 0.111111 0.075 0.0444444
1 0.675 0.1 0.1375 0.0222222
1 0.70625 0.1 0.1 0.0222222
1 0.6875 0.1 0.0375 0.0222222
1 0.75 0.111111 0.1375 0.0444444
3 0.7375 0.1 0.1375 0.0666667
1 0.75625 0.1 0.05 0.0222222
1 0.79375 0.111111 0.125 0.0444444
1 0.81875 0.111111 0.125 0.0444444
1 0.84375 0.111111 0.125 0.0444444
26 0.84375 0.111111 0.125 0.0444444
26 0.875 0.111111 0.1375 0.0444444
26 0.9 0.111111 0.1375 0.0444444
26 0.8625 0.111111 0.0375 0.0444444
26 0.89375 0.111111 0.05 0.0444444
26 0.9 0.1 0.0375 0.0666667
26 0.9375 0.0888889 0.0375 0.0444444
26 0.95 0.0888889 0.0375 0.0444444
26 0.95625 0.122222 0.05 0.0666667
67 0.984375 0.0888889 0.03125 0.0444444
28 0.059375 0.1 0.11875 0.111111
45 0.065625 0.1 0.13125 0.0666667
1 0.20625 0.1 0.025 0.0666667
15 0.31875 0.111111 0.05 0.0888889
8 0.3375 0.122222 0.0875 0.0666667
3 0.3625 0.122222 0.1375 0.0666667
3 0.3875 0.122222 0.0875 0.0666667
3 0.39375 0.144444 0.1 0.0666667
3 0.41875 0.111111 0.075 0.0888889
3 0.4625 0.122222 0.1125 0.0222222
1 0.45 0.111111 0.0625 0.0888889
1 0.46875 0.1 0.075 0.0666667
1 0.48125 0.1 0.125 0.0666667
1 0.475 0.122222 0.0875 0.0222222
3 0.50625 0.133333 0.075 0.0444444
1 0.51875 0.122222 0.075 0.0222222
1 0.525 0.133333 0.0625 0.0444444
1 0.5375 0.111111 0.0875 0.0888889
1 0.55 0.111111 0.0875 0.0444444
1 0.5375 0.111111 0.1375 0.0444444
1 0.56875 0.122222 0.075 0.0222222
1 0.55625 0.122222 0.125 0.0222222
1 0.59375 0.122222 0.1 0.0222222
1 0.66875 0.111111 0.15 0.0444444
1 0.65 0.122222 0.1875 0.0222222
1 0.6875 0.122222 0.1375 0.0222222
1 0.68125 0.122222 0.05 0.0222222
1 0.7375 0.122222 0.1625 0.0222222
3 0.7375 0.122222 0.1375 0.0222222
16 0.74375 0.111111 0.125 0.0444444
28 0.76875 0.111111 0.15 0.0444444
1 0.7875 0.122222 0.1375 0.0222222
