4 0.071875 0.0222222 0.14375 0.0444444
4 0.090625 0.0111111 0.18125 0.0222222
6 0.096875 0.0222222 0.19375 0.0444444
6 0.225 0.0111111 0.1375 0.0222222
43 0.275 0.0111111 0.1875 0.0222222
6 0.3 0.0111111 0.1875 0.0222222
43 0.44375 0.0111111 0.125 0.0222222
6 0.5 0.0111111 0.1875 0.0222222
6 0.75 0.0222222 0.1375 0.0444444
4 0.7875 0.0222222 0.1625 0.0444444
6 0.84375 0.0222222 0.275 0.0444444
44 0.85 0.0222222 0.2625 0.0444444
6 0.91875 0.0222222 0.15 0.0444444
6 0.934375 0.0222222 0.13125 0.0444444
6 0.953125 0.0111111 0.09375 0.0222222
8 0.015625 0.0222222 0.03125 0.0444444
8 0.015625 0.0111111 0.03125 0.0222222
6 0.034375 0.0222222 0.06875 0.0444444
6 0.065625 0.0222222 0.13125 0.0444444
6 0.55 0.0111111 0.1125 0.0222222
5 0.75 0.0222222 0.1625 0.0444444
6 0.76875 0.0222222 0.175 0.0444444
6 0.79375 0.0222222 0.175 0.0444444
34 0.91875 0.0222222 0.15 0.0444444
8 0.015625 0.0222222 0.03125 0.0444444
8 0.015625 0.0333333 0.03125 0.0666667
6 0.09375 0.0444444 0.175 0.0444444
6 0.1375 0.0444444 0.1625 0.0444444
6 0.24375 0.0444444 0.175 0.0444444
6 0.2875 0.0444444 0.1875 0.0444444
6 0.29375 0.0333333 0.175 0.0666667
6 0.38125 0.0444444 0.125 0.0444444
44 0.3875 0.0444444 0.1625 0.0444444
10 0.984375 0.0333333 0.03125 0.0222222
4 0.11875 0.0444444 0.125 0.0444444
4 0.15625 0.0444444 0.175 0.0444444
6 0.16875 0.0444444 0.15 0.0444444
6 0.19375 0.0444444 0.125 0.0444444
4 0.25 0.0444444 0.1625 0.0444444
4 0.225 0.0444444 0.1125 0.0444444
4 0.24375 0.0444444 0.1 0.0444444
4 0.2875 0.0444444 0.1875 0.0444444
6 0.34375 0.0444444 0.175 0.0444444
6 0.3875 0.0555556 0.1625 0.0222222
6 0.36875 0.0555556 0.1 0.0222222
66 0.3875 0.0444444 0.1125 0.0444444
6 0.46875 0.0444444 0.175 0.0444444
2 0.475 0.0444444 0.1125 0.0444444
6 0.54375 0.0444444 0.125 0.0444444
4 0.55 0.0444444 0.1375 0.0444444
6 0.56875 0.0444444 0.125 0.0444444
4 0.58125 0.0444444 0.125 0.0444444
4 0.60625 0.0444444 0.125 0.0444444
6 0.65625 0.0444444 0.15 0.0444444
4 0.6625 0.0444444 0.1625 0.0444444
6 0.69375 0.0444444 0.175 0.0444444
6 0.7375 0.0444444 0.1625 0.0444444
6 0.76875 0.0444444 0.15 0.0444444
6 0.74375 0.0444444 0.1 0.0444444
2 0.775 0.0444444 0.1375 0.0444444
6 0.90625 0.0444444 0.125 0.0444444
6 0.9375 0.0444444 0.0875 0.0444444
2 0.9375 0.0444444 0.0625 0.0444444
2 0.990625 0.0555556 0.01875 0.0222222
6 0.021875 0.0666667 0.04375 0.0444444
6 0.125 0.0777778 0.1125 0.0222222
2 0.15 0.0777778 0.1125 0.0222222
5 0.175 0.0777778 0.0875 0.0222222
6 0.18125 0.0777778 0.125 0.0666667
6 0.1875 0.0666667 0.1125 0.0888889
6 0.26875 0.0777778 0.025 0.0222222
5 0.275 0.0777778 0.0375 0.0222222
2 0.275 0.0777778 0.0375 0.0222222
2 0.30625 0.0777778 0.025 0.0222222
2 0.33125 0.0777778 0.075 0.0222222
2 0.35 0.0777778 0.0625 0.0222222
2 0.36875 0.0777778 0.075 0.0222222
5 0.375 0.0666667 0.0875 0.0444444
6 0.3875 0.0666667 0.0625 0.0444444
6 0.38125 0.0666667 0.1 0.0444444
6 0.51875 0.0555556 0.075 0.0666667
4 0.525 0.0555556 0.0875 0.0666667
6 0.5375 0.0555556 0.1125 0.0666667
6 0.5625 0.0555556 0.1125 0.0666667
4 0.55 0.0555556 0.1875 0.0666667
4 0.60625 0.0555556 0.175 0.0666667
4 0.6125 0.0777778 0.1875 0.0666667
4 0.6375 0.0666667 0.1875 0.0444444
4 0.6625 0.0555556 0.1625 0.111111
6 0.675 0.0666667 0.1875 0.0888889
2 0.725 0.0888889 0.1875 0.0444444
4 0.70625 0.0666667 0.2 0.0888889
5 0.68125 0.0555556 0.125 0.0666667
6 0.71875 0.0555556 0.1 0.0666667
19 0.86875 0.0666667 0.1 0.0444444
18 0.81875 0.0777778 0.025 0.0222222
18 0.8375 0.0777778 0.0125 0.0222222
6 0.9375 0.0555556 0.0625 0.0666667
2 0.990625 0.0888889 0.01875 0.0444444
14 0.046875 0.0666667 0.09375 0.0888889
14 0.021875 0.0777778 0.04375 0.0666667
6 0.046875 0.0888889 0.09375 0.0444444
4 0.08125 0.0888889 0.025 0.0444444
2 0.1 0.1 0.0375 0.0222222
6 0.1125 0.1 0.0375 0.0222222
2 0.13125 0.1 0.05 0.0222222
2 0.1375 0.0888889 0.0375 0.0444444
2 0.1375 0.0888889 0.0125 0.0444444
2 0.1625 0.0888889 0.0625 0.0444444
4 0.175 0.1 0.0625 0.0222222
6 0.18125 0.1 0.05 0.0222222
6 0.2625 0.111111 0.0875 0.0444444
6 0.29375 0.1 0.125 0.0222222
2 0.325 0.1 0.0625 0.0222222
2 0.3375 0.1 0.0625 0.0222222
2 0.35625 0.1 0.075 0.0222222
5 0.3625 0.1 0.0625 0.0222222
5 0.38125 0.1 0.075 0.0222222
6 0.40625 0.1 0.05 0.0222222
6 0.39375 0.1 0.125 0.0222222
4 0.41875 0.1 0.125 0.0222222
6 0.41875 0.1 0.125 0.0666667
6 0.43125 0.0888889 0.1 0.0444444
6 0.5 0.1 0.0625 0.0222222
6 0.5125 0.111111 0.0625 0.0444444
6 0.5 0.122222 0.1125 0.0666667
6 0.5375 0.0888889 0.1125 0.0444444
6 0.5625 0.111111 0.1125 0.0444444
4 0.58125 0.111111 0.125 0.0444444
4 0.60625 0.111111 0.1 0.0444444
6 0.63125 0.111111 0.05 0.0444444
6 0.625 0.111111 0.0875 0.0444444
6 0.625 0.1 0.0875 0.0666667
4 0.7 0.111111 0.0875 0.0444444
4 0.725 0.1 0.1125 0.0222222
2 0.7625 0.1 0.0375 0.0222222
6 0.76875 0.1 0.125 0.0222222
2 0.78125 0.1 0.125 0.0222222
6 0.81875 0.1 0.075 0.0222222
2 0.81875 0.1 0.075 0.0222222
6 0.80625 0.0888889 0.05 0.0444444
2 0.81875 0.1 0.1 0.0666667
2 0.85 0.0888889 0.0375 0.0444444
2 0.8625 0.0888889 0.0375 0.0444444
2 0.875 0.0777778 0.0375 0.0666667
10 0.8875 0.0777778 0.0375 0.0666667
6 0.90625 0.0777778 0.025 0.0666667
6 0.925 0.0777778 0.0125 0.0666667
6 0.94375 0.0888889 0.075 0.0444444
6 0.95625 0.111111 0.05 0.0444444
6 0.953125 0.1 0.09375 0.0666667
6 0.990625 0.0888889 0.01875 0.0444444
2 0.990625 0.1 0.01875 0.0666667
4 0.09375 0.122222 0.175 0.0666667
6 0.10625 0.133333 0.175 0.0444444
4 0.11875 0.133333 0.175 0.0444444
4 0.1625 0.133333 0.1875 0.0444444
2 0.16875 0.133333 0.175 0.0444444
4 0.18125 0.133333 0.125 0.0444444
4 0.2125 0.133333 0.1625 0.0444444
6 0.2375 0.133333 0.1875 0.0444444
6 0.25 0.122222 0.1875 0.0666667
6 0.2875 0.122222 0.1875 0.0666667
6 0.325 0.122222 0.1875 0.0666667
4 0.3375 0.122222 0.1875 0.0666667
5 0.3625 0.122222 0.1625 0.0666667
6 0.375 0.122222 0.1875 0.0666667
6 0.3875 0.111111 0.1875 0.0444444
4 0.40625 0.122222 0.15 0.0666667
4 0.41875 0.133333 0.15 0.0444444
4 0.4375 0.122222 0.1375 0.0666667
6 0.4875 0.122222 0.1875 0.0666667
6 0.55 0.122222 0.1875 0.0666667
4 0.575 0.122222 0.1875 0.0666667
4 0.5875 0.133333 0.1875 0.0444444
6 0.6 0.133333 0.1875 0.0444444
6 0.63125 0.122222 0.15 0.0666667
6 0.60625 0.122222 0.1 0.0666667
6 0.675 0.122222 0.1875 0.0666667
6 0.71875 0.122222 0.175 0.0666667
6 0.73125 0.133333 0.175 0.0444444
4 0.7375 0.133333 0.1625 0.0444444
4 0.76875 0.133333 0.175 0.0444444
6 0.78125 0.133333 0.175 0.0444444
6 0.79375 0.122222 0.125 0.0222222
4 0.80625 0.122222 0.075 0.0222222
2 0.8125 0.122222 0.0875 0.0222222
2 0.83125 0.133333 0.075 0.0444444
2 0.86875 0.111111 0.05 0.0444444
2 0.89375 0.111111 0.075 0.0444444
2 0.934375 0.111111 0.13125 0.0444444
5 0.865625 0.111111 0.26875 0.0444444
6 0.953125 0.122222 0.09375 0.0222222
6 0.959375 0.133333 0.08125 0.0444444
4 0.959375 0.133333 0.08125 0.0444444
4 0.95625 0.122222 0.075 0.0666667
21 0.990625 0.111111 0.01875 0.0444444
2 0.990625 0.122222 0.01875 0.0666667
4 0.053125 0.122222 0.10625 0.0666667
6 0.071875 0.122222 0.14375 0.0666667
6 0.06875 0.155556 0.125 0.0444444
4 0.0875 0.155556 0.1375 0.0444444
4 0.1125 0.155556 0.1375 0.0444444
4 0.15625 0.155556 0.175 0.0444444
4 0.16875 0.144444 0.175 0.0666667
4 0.2875 0.144444 0.1875 0.0666667
4 0.29375 0.133333 0.175 0.0444444
6 0.275 0.133333 0.1125 0.0444444
6 0.3125 0.133333 0.1625 0.0444444
4 0.33125 0.144444 0.175 0.0666667
6 0.34375 0.133333 0.125 0.0444444
4 0.4 0.144444 0.1625 0.0666667
6 0.4 0.133333 0.1375 0.0444444
4 0.45625 0.144444 0.15 0.0666667
4 0.5 0.144444 0.1875 0.0666667
6 0.50625 0.133333 0.175 0.0444444
4 0.55 0.133333 0.1875 0.0444444
4 0.5875 0.144444 0.1875 0.0222222
6 0.6 0.144444 0.1875 0.0666667
4 0.625 0.144444 0.1625 0.0666667
4 0.6 0.144444 0.0875 0.0666667
4 0.60625 0.133333 0.1 0.0888889
6 0.64375 0.144444 0.1 0.0666667
4 0.74375 0.144444 0.15 0.0666667
4 0.74375 0.155556 0.175 0.0444444
4 0.75625 0.166667 0.175 0.0666667
6 0.78125 0.155556 0.175 0.0444444
5 0.7625 0.155556 0.1125 0.0444444
2 0.78125 0.133333 0.125 0.0444444
2 0.81875 0.144444 0.075 0.0222222
2 0.83125 0.155556 0.05 0.0444444
2 0.84375 0.155556 0.075 0.0444444
2 0.9 0.144444 0.0625 0.0222222
2 0.953125 0.144444 0.09375 0.0222222
20 0.865625 0.144444 0.26875 0.0222222
4 0.959375 0.155556 0.08125 0.0444444
4 0.95625 0.144444 0.075 0.0666667
21 0.990625 0.111111 0.01875 0.0888889
2 0.990625 0.122222 0.01875 0.111111
6 0.034375 0.133333 0.06875 0.0888889
6 0.05625 0.166667 0.075 0.0666667
6 0.0875 0.166667 0.1625 0.0666667
6 0.1 0.177778 0.1625 0.0444444
4 0.09375 0.177778 0.1 0.0444444
4 0.125 0.177778 0.1625 0.0444444
4 0.15625 0.177778 0.175 0.0444444
4 0.15 0.177778 0.1125 0.0444444
4 0.2125 0.177778 0.1125 0.0444444
4 0.1875 0.155556 0.1125 0.0444444
4 0.21875 0.177778 0.175 0.0444444
6 0.24375 0.177778 0.175 0.0444444
6 0.275 0.166667 0.1125 0.0222222
6 0.2875 0.177778 0.1125 0.0444444
6 0.3125 0.177778 0.1375 0.0444444
6 0.34375 0.177778 0.125 0.0444444
6 0.3875 0.177778 0.1375 0.0444444
4 0.41875 0.177778 0.125 0.0444444
4 0.4125 0.166667 0.1125 0.0666667
4 0.41875 0.155556 0.1 0.0444444
4 0.45625 0.166667 0.125 0.0666667
6 0.46875 0.166667 0.125 0.0666667
4 0.475 0.177778 0.1125 0.0444444
4 0.51875 0.155556 0.175 0.0888889
4 0.54375 0.166667 0.175 0.0666667
2 0.55625 0.177778 0.075 0.0444444
2 0.58125 0.177778 0.075 0.0444444
4 0.59375 0.166667 0.075 0.0666667
6 0.60625 0.155556 0.1 0.0888889
6 0.725 0.177778 0.0625 0.0444444
4 0.725 0.177778 0.0625 0.0444444
4 0.76875 0.177778 0.125 0.0444444
2 0.78125 0.166667 0.075 0.0666667
2 0.78125 0.166667 0.05 0.0666667
2 0.80625 0.177778 0.075 0.0444444
2 0.79375 0.177778 0.05 0.0444444
2 0.825 0.177778 0.0625 0.0444444
2 0.8375 0.166667 0.0375 0.0222222
47 0.84375 0.166667 0.075 0.0222222
20 0.9 0.177778 0.1875 0.0444444
2 0.90625 0.177778 0.175 0.0444444
6 0.953125 0.177778 0.09375 0.0444444
21 0.865625 0.166667 0.26875 0.0666667
6 0.94375 0.166667 0.075 0.0666667
6 0.959375 0.177778 0.08125 0.0444444
4 0.990625 0.144444 0.01875 0.0666667
2 0.990625 0.177778 0.01875 0.0444444
14 0.021875 0.166667 0.04375 0.0666667
6 0.08125 0.188889 0.1 0.0666667
6 0.13125 0.188889 0.175 0.0666667
6 0.1625 0.188889 0.1625 0.0666667
6 0.1875 0.177778 0.1375 0.0444444
6 0.21875 0.188889 0.175 0.0666667
5 0.225 0.177778 0.1125 0.0444444
6 0.275 0.177778 0.1625 0.0444444
6 0.2875 0.177778 0.0625 0.0444444
43 0.31875 0.177778 0.125 0.0888889
6 0.4 0.188889 0.1625 0.0666667
6 0.4 0.188889 0.1125 0.0666667
4 0.44375 0.177778 0.175 0.0888889
6 0.81875 0.188889 0.075 0.0222222
