5 0.021875 0.0111111 0.04375 0.0222222
6 0.015625 0.0222222 0.03125 0.0444444
6 0.1 0.0222222 0.1625 0.0444444
4 0.1125 0.0222222 0.1625 0.0444444
4 0.125 0.0222222 0.0875 0.0444444
3 0.1375 0.0222222 0.0875 0.0444444
4 0.44375 0.0222222 0.175 0.0444444
6 0.45625 0.0222222 0.175 0.0444444
3 0.4625 0.0111111 0.1125 0.0222222
1 0.475 0.0222222 0.1125 0.0444444
2 0.51875 0.0222222 0.1 0.0444444
2 0.54375 0.0222222 0.125 0.0444444
3 0.54375 0.0222222 0.1 0.0444444
11 0.58125 0.0222222 0.15 0.0444444
4 0.5875 0.0222222 0.1625 0.0444444
6 0.6125 0.0222222 0.1625 0.0444444
4 0.625 0.0222222 0.1625 0.0444444
4 0.63125 0.0111111 0.125 0.0222222
6 0.675 0.0222222 0.1625 0.0444444
4 0.6875 0.0222222 0.1625 0.0444444
8 0.70625 0.0222222 0.175 0.0444444
6 0.725 0.0222222 0.1625 0.0444444
6 0.7375 0.0111111 0.1875 0.0222222
6 0.75625 0.0222222 0.175 0.0444444
43 0.81875 0.0111111 0.175 0.0222222
6 0.946875 0.0222222 0.10625 0.0444444
8 0.95 0.0111111 0.0875 0.0222222
9 0.015625 0.0222222 0.03125 0.0444444
4 0.425 0.0333333 0.1125 0.0666667
6 0.45 0.0333333 0.1625 0.0666667
6 0.61875 0.0333333 0.1 0.0666667
6 0.65 0.0222222 0.0875 0.0444444
6 0.66875 0.0333333 0.1 0.0666667
43 0.73125 0.0222222 0.075 0.0444444
6 0.74375 0.0222222 0.075 0.0444444
25 0.75 0.0333333 0.1125 0.0666667
8 0.8125 0.0222222 0.0875 0.0444444
8 0.825 0.0222222 0.1125 0.0444444
8 0.959375 0.0222222 0.08125 0.0444444
6 0.021875 0.0333333 0.04375 0.0666667
6 0.015625 0.0333333 0.03125 0.0666667
6 0.64375 0.0333333 0.15 0.0666667
21 0.73125 0.0333333 0.05 0.0666667
21 0.775 0.0333333 0.1375 0.0666667
21 0.78125 0.0444444 0.125 0.0888889
21 0.7625 0.0444444 0.0375 0.0888889
6 0.015625 0.0444444 0.03125 0.0444444
5 0.015625 0.0444444 0.03125 0.0444444
6 0.015625 0.0666667 0.03125 0.0444444
25 0.021875 0.0888889 0.04375 0.0444444
11 0.015625 0.0888889 0.03125 0.0444444
19 0.028125 0.122222 0.05625 0.0222222
11 0.028125 0.111111 0.05625 0.0444444
21 0.034375 0.144444 0.06875 0.0666667
11 0.040625 0.133333 0.08125 0.0444444
11 0.040625 0.144444 0.08125 0.0666667
19 0.021875 0.3 0.04375 0.0666667
11 0.028125 0.322222 0.05625 0.0666667
11 0.3 0.322222 0.0375 0.0666667
44 0.3125 0.311111 0.0375 0.0444444
44 0.325 0.311111 0.0125 0.0444444
19 0.028125 0.344444 0.05625 0.0666667
17 0.028125 0.344444 0.05625 0.0666667
18 0.03125 0.333333 0.05 0.0444444
44 0.2875 0.344444 0.0875 0.0666667
19 0.053125 0.355556 0.10625 0.0444444
4 0.028125 0.355556 0.05625 0.0444444
18 0.0375 0.355556 0.0625 0.0444444
25 0.053125 0.377778 0.10625 0.133333
4 0.028125 0.377778 0.05625 0.0444444
9 0.0375 0.388889 0.0625 0.0666667
6 0.0375 0.411111 0.0625 0.0666667
25 0.03125 0.411111 0.05 0.0666667
25 0.028125 0.433333 0.05625 0.0666667
6 0.0375 0.433333 0.0625 0.0666667
8 0.0375 0.422222 0.0625 0.0444444
21 0.028125 0.444444 0.05625 0.0888889
20 0.059375 0.444444 0.11875 0.0888889
19 0.04375 0.433333 0.075 0.0666667
25 0.028125 0.466667 0.05625 0.0888889
11 0.028125 0.466667 0.05625 0.0888889
43 0.075 0.466667 0.1125 0.0888889
25 0.18125 0.455556 0.075 0.0666667
6 0.028125 0.5 0.05625 0.0666667
11 0.021875 0.5 0.04375 0.0666667
4 0.046875 0.488889 0.09375 0.0888889
6 0.14375 0.477778 0.1 0.0666667
25 0.19375 0.488889 0.05 0.0444444
25 0.175 0.488889 0.0875 0.0444444
25 0.2 0.488889 0.0875 0.0444444
11 0.015625 0.511111 0.03125 0.0888889
6 0.046875 0.511111 0.09375 0.0444444
25 0.1875 0.511111 0.1125 0.0444444
11 0.021875 0.533333 0.04375 0.0444444
6 0.053125 0.533333 0.10625 0.0444444
6 0.1 0.522222 0.0875 0.0666667
25 0.19375 0.533333 0.125 0.0444444
11 0.053125 0.555556 0.10625 0.0888889
8 0.01875 0.544444 0.025 0.0666667
9 0.053125 0.544444 0.10625 0.0666667
21 0.16875 0.544444 0.05 0.0666667
8 0.053125 0.577778 0.10625 0.0888889
11 0.01875 0.577778 0.025 0.0444444
21 0.14375 0.6 0.05 0.0444444
21 0.1625 0.577778 0.0625 0.133333
6 0.1875 0.555556 0.0875 0.0888889
6 0.021875 0.611111 0.04375 0.0666667
4 0.15625 0.611111 0.075 0.0666667
4 0.175 0.622222 0.0875 0.0444444
4 0.18125 0.6 0.075 0.0444444
11 0.015625 0.622222 0.03125 0.0444444
2 0.1375 0.622222 0.1375 0.0444444
2 0.18125 0.622222 0.075 0.0444444
21 0.58125 0.622222 0.075 0.0444444
11 0.5875 0.622222 0.0625 0.0444444
25 0.959375 0.622222 0.08125 0.0444444
2 0.021875 0.633333 0.04375 0.0666667
11 0.015625 0.633333 0.03125 0.0666667
10 0.13125 0.633333 0.125 0.0666667
20 0.16875 0.633333 0.05 0.0666667
2 0.16875 0.633333 0.05 0.0222222
11 0.16875 0.644444 0.05 0.0444444
11 0.2 0.644444 0.0625 0.0444444
23 0.21875 0.633333 0.1 0.0666667
23 0.2125 0.655556 0.1125 0.0222222
4 0.23125 0.655556 0.05 0.0222222
25 0.34375 0.622222 0.075 0.133333
25 0.36875 0.633333 0.05 0.0666667
25 0.95625 0.644444 0.075 0.0444444
11 0.046875 0.644444 0.09375 0.0888889
11 0.01875 0.666667 0.025 0.0444444
6 0.2 0.666667 0.0625 0.0444444
19 0.20625 0.666667 0.075 0.0444444
22 0.2375 0.677778 0.1375 0.0222222
25 0.24375 0.666667 0.15 0.0444444
4 0.24375 0.677778 0.175 0.0222222
4 0.2625 0.677778 0.0375 0.0222222
11 0.25625 0.666667 0.05 0.0444444
21 0.3125 0.611111 0.0625 0.155556
25 0.3375 0.677778 0.0375 0.0666667
8 0.015625 0.677778 0.03125 0.111111
11 0.015625 0.688889 0.03125 0.0444444
18 0.20625 0.7 0.075 0.0222222
19 0.25 0.688889 0.1125 0.0444444
4 0.2375 0.688889 0.1625 0.0444444
4 0.20625 0.7 0.1 0.0222222
4 0.24375 0.7 0.025 0.0222222
4 0.24375 0.677778 0.025 0.0222222
21 0.26875 0.677778 0.05 0.0666667
25 0.34375 0.688889 0.025 0.0444444
21 0.35 0.688889 0.0375 0.0444444
4 0.021875 0.7 0.04375 0.111111
23 0.1625 0.7 0.1125 0.0666667
2 0.2125 0.711111 0.0375 0.0444444
4 0.25 0.711111 0.1125 0.0444444
4 0.21875 0.711111 0.05 0.0444444
4 0.23125 0.711111 0.025 0.0444444
4 0.25625 0.7 0.05 0.0666667
11 0.30625 0.655556 0.075 0.155556
6 0.91875 0.7 0.1 0.0666667
4 0.021875 0.722222 0.04375 0.111111
2 0.21875 0.722222 0.05 0.0666667
2 0.225 0.733333 0.0625 0.0444444
4 0.225 0.733333 0.0625 0.0444444
4 0.2375 0.733333 0.0375 0.0444444
4 0.25625 0.744444 0.05 0.0222222
4 0.30625 0.744444 0.1 0.0222222
4 0.26875 0.733333 0.05 0.0444444
11 0.26875 0.733333 0.075 0.0444444
11 0.34375 0.688889 0.15 0.133333
2 0.021875 0.744444 0.04375 0.111111
11 0.2375 0.766667 0.1125 0.0666667
2 0.24375 0.755556 0.1 0.0444444
2 0.25 0.766667 0.1125 0.0222222
4 0.26875 0.766667 0.125 0.0222222
4 0.29375 0.766667 0.1 0.0222222
11 0.30625 0.766667 0.125 0.0222222
8 0.68125 0.755556 0.15 0.0888889
10 0.83125 0.755556 0.125 0.0888889
4 0.028125 0.755556 0.05625 0.0888889
23 0.16875 0.788889 0.075 0.0666667
23 0.18125 0.788889 0.1 0.111111
4 0.225 0.788889 0.1375 0.111111
2 0.24375 0.777778 0.05 0.0444444
19 0.25 0.777778 0.0625 0.0444444
6 0.28125 0.8 0.05 0.0444444
6 0.28125 0.8 0.075 0.0444444
6 0.3375 0.777778 0.0625 0.0444444
9 0.325 0.777778 0.0375 0.0444444
0 0.35 0.788889 0.0625 0.0666667
12 0.43125 0.777778 0.075 0.0444444
6 0.4375 0.777778 0.0875 0.0444444
4 0.45 0.766667 0.0875 0.0666667
9 0.48125 0.777778 0.075 0.0444444
8 0.7 0.788889 0.0625 0.0666667
5 0.028125 0.811111 0.05625 0.0666667
53 0.0625 0.8 0.0375 0.0444444
0 0.04375 0.811111 0.075 0.0666667
6 0.24375 0.811111 0.05 0.0666667
6 0.24375 0.811111 0.075 0.0666667
6 0.2625 0.811111 0.0875 0.0666667
6 0.2875 0.811111 0.0375 0.0666667
6 0.3 0.8 0.0375 0.0444444
4 0.33125 0.811111 0.075 0.0666667
12 0.7125 0.8 0.1125 0.0444444
6 0.028125 0.811111 0.05625 0.0666667
11 0.021875 0.811111 0.04375 0.0666667
6 0.19375 0.833333 0.15 0.0666667
5 0.20625 0.822222 0.175 0.0888889
6 0.23125 0.833333 0.125 0.0666667
6 0.225 0.833333 0.0625 0.0666667
4 0.23125 0.833333 0.1 0.0666667
6 0.24375 0.833333 0.075 0.0666667
5 0.26875 0.833333 0.075 0.0666667
6 0.3125 0.833333 0.1125 0.0666667
4 0.028125 0.833333 0.05625 0.0666667
2 0.19375 0.833333 0.15 0.0666667
9 0.2125 0.844444 0.1625 0.0444444
6 0.34375 0.833333 0.125 0.0666667
25 0.1625 0.888889 0.0875 0.0444444
11 0.2 0.888889 0.1625 0.0444444
25 0.2375 0.877778 0.1375 0.0666667
2 0.3125 0.888889 0.0875 0.0444444
11 0.325 0.877778 0.0875 0.0222222
8 0.7125 0.866667 0.0625 0.0444444
2 0.1625 0.9 0.0875 0.0666667
25 0.26875 0.911111 0.075 0.0444444
4 0.275 0.9 0.1125 0.0666667
25 0.325 0.9 0.0875 0.0666667
11 0.09375 0.911111 0.175 0.0888889
11 0.2 0.922222 0.1375 0.0666667
22 0.2875 0.922222 0.1125 0.0666667
22 0.3 0.933333 0.1375 0.0444444
9 0.29375 0.933333 0.075 0.0444444
10 0.31875 0.944444 0.05 0.0222222
0 0.978125 0.933333 0.04375 0.0444444
12 0.9875 0.933333 0.0125 0.0444444
21 0.059375 0.955556 0.11875 0.0888889
6 0.31875 0.955556 0.125 0.0444444
6 0.33125 0.966667 0.125 0.0666667
12 0.971875 0.955556 0.05625 0.0444444
11 0.965625 0.955556 0.06875 0.0888889
11 0.028125 1 0.05625 0
11 0.040625 0.988889 0.08125 0.0222222
9 0.19375 0.0388889 0.3875 0.0777778
51 0.13125 0.0388889 0.2625 0.0777778
62 0.325 0.0388889 0.275 0.0777778
9 0.3125 0.0388889 0.35 0.0777778
9 0.3875 0.0611111 0.4 0.122222
11 0.4875 0.0611111 0.55 0.122222
11 0.4375 0.0833333 0.4 0.166667
29 0.5625 0.0166667 0.55 0.0333333
51 0.475 0.0388889 0.225 0.0777778
35 0.5875 0.0388889 0.35 0.0777778
35 0.6625 0.0611111 0.35 0.122222
35 0.65 0.0166667 0.275 0.0333333
35 0.75 0.0166667 0.425 0.0333333
35 0.81875 0.0611111 0.3625 0.122222
11 0.84375 0.0611111 0.3125 0.122222
11 0.85625 0.0166667 0.2875 0.0333333
51 0.8625 0.0166667 0.25 0.0333333
5 0.875 0.0166667 0.225 0.0333333
11 0.8875 0.0166667 0.2 0.0333333
11 0.90625 0.0388889 0.1875 0.0777778
34 0.1375 0.0388889 0.25 0.0777778
34 0.1 0.0388889 0.175 0.0777778
34 0.1375 0.0555556 0.15 0.0444444
34 0.5625 0.0833333 0.55 0.166667
34 0.4625 0.0388889 0.25 0.0777778
62 0.5625 0.0611111 0.25 0.122222
9 0.01875 0.0777778 0.0375 0.0888889
13 0.1625 0.1 0.2 0.133333
51 0.1875 0.1 0.2 0.133333
13 0.2 0.122222 0.225 0.177778
13 0.35 0.122222 0.125 0.177778
11 0.3625 0.1 0.1 0.133333
11 0.4375 0.1 0.25 0.133333
13 0.4375 0.1 0.3 0.133333
29 0.475 0.1 0.325 0.133333
13 0.5875 0.1 0.5 0.133333
13 0.5375 0.122222 0.4 0.177778
29 0.875 0.0777778 0.125 0.0888889
34 0.16875 0.144444 0.3375 0.133333
0 0.1125 0.166667 0.05 0.0888889
34 0.25 0.166667 0.275 0.0888889
51 0.2625 0.144444 0.3 0.133333
51 0.2125 0.166667 0.1 0.0888889
11 0.3375 0.122222 0.1 0.177778
13 0.3625 0.1 0.15 0.133333
51 0.6375 0.122222 0.1 0.177778
52 0.775 0.144444 0.125 0.133333
51 0.8125 0.122222 0.15 0.177778
51 0.89375 0.122222 0.2125 0.177778
51 0.90625 0.1 0.1875 0.133333
0 0.01875 0.166667 0.0375 0.177778
47 0.20625 0.188889 0.4125 0.133333
51 0.225 0.188889 0.425 0.133333
6 0.1875 0.166667 0.3 0.0888889
51 0.1 0.166667 0.075 0.0888889
51 0.2375 0.166667 0.4 0.0888889
