11 0.021875 0.0111111 0.04375 0.0222222
8 0.6625 0.0111111 0.1875 0.0222222
6 0.66875 0.0111111 0.175 0.0222222
6 0.66875 0.0111111 0.025 0.0222222
6 0.68125 0.0111111 0.025 0.0222222
25 0.7375 0 0.1125 0
43 0.75 0 0.1375 0
42 0.76875 0.0111111 0.125 0.0222222
34 0.78125 0 0.125 0
29 0.7625 0 0.1875 0
42 0.775 0 0.1875 0
42 0.78125 0.0111111 0.2 0.0222222
42 0.78125 0.0111111 0.2 0.0222222
43 0.775 0.0111111 0.1625 0.0222222
43 0.80625 0.0111111 0.125 0.0222222
42 0.8375 0.0111111 0.1625 0.0222222
25 0.85625 0.0111111 0.175 0.0222222
6 0.953125 0.0222222 0.09375 0.0444444
11 0.3 0.0222222 0.1125 0.0444444
11 0.3875 0.0222222 0.1125 0.0444444
11 0.43125 0.0111111 0.1 0.0222222
21 0.49375 0.0111111 0.125 0.0222222
6 0.55 0.0222222 0.1125 0.0444444
11 0.5875 0.0222222 0.1125 0.0444444
2 0.61875 0.0222222 0.1 0.0444444
6 0.6625 0.0111111 0.0375 0.0222222
21 0.68125 0.0111111 0.025 0.0222222
25 0.7 0.0111111 0.0375 0.0222222
25 0.7125 0.0111111 0.0625 0.0222222
25 0.75625 0.0111111 0.125 0.0222222
25 0.775 0.0111111 0.1875 0.0222222
25 0.80625 0.0111111 0.15 0.0222222
25 0.8125 0.0111111 0.1125 0.0222222
23 0.81875 0.0111111 0.075 0.0222222
25 0.8625 0.0111111 0.1375 0.0222222
25 0.86875 0.0111111 0.15 0.0222222
25 0.89375 0.0111111 0.125 0.0222222
6 0.93125 0.0111111 0.125 0.0222222
8 0.946875 0.0111111 0.10625 0.0222222
14 0.953125 0.0333333 0.09375 0.0666667
55 0.64375 0.0333333 0.1 0.0666667
12 0.65 0.0333333 0.0875 0.0666667
12 0.65625 0.0333333 0.1 0.0666667
25 0.70625 0.0333333 0.175 0.0666667
25 0.74375 0.0333333 0.175 0.0666667
19 0.75625 0.0333333 0.175 0.0666667
11 0.009375 0.0777778 0.01875 0.0666667
55 0.925 0.244444 0.0875 0.0444444
14 0.7 0.277778 0.1375 0.0666667
14 0.725 0.288889 0.1375 0.0888889
21 0.7375 0.277778 0.1375 0.0666667
22 0.74375 0.277778 0.125 0.0666667
39 0.3875 0.588889 0.0125 0.0666667
10 0.39375 0.588889 0.025 0.0666667
8 0.41875 0.588889 0.05 0.0666667
21 0.4375 0.588889 0.0625 0.0666667
21 0.5125 0.6 0.1875 0.0444444
29 0.7 0.6 0.0125 0.0444444
10 0.7125 0.6 0.0125 0.0444444
39 0.71875 0.6 0.025 0.0444444
21 0.45625 0.611111 0.15 0.0666667
29 0.71875 0.622222 0.025 0.0444444
29 0.725 0.622222 0.0375 0.0444444
29 0.3625 0.644444 0.0875 0.0444444
29 0.4 0.644444 0.0375 0.0444444
29 0.4125 0.644444 0.0375 0.0444444
25 0.7375 0.666667 0.1125 0.0444444
25 0.70625 0.655556 0.05 0.0666667
25 0.7125 0.666667 0.0625 0.0888889
6 0.29375 0.833333 0.125 0.0666667
6 0.3 0.822222 0.1125 0.0444444
25 0.4 0.833333 0.2625 0.0666667
6 0.3625 0.822222 0.1625 0.0444444
55 0.3 0.833333 0.1125 0.0666667
44 0.4 0.833333 0.2625 0.0666667
6 0.4125 0.833333 0.2625 0.0666667
6 0.35625 0.833333 0.125 0.0666667
6 0.3125 0.944444 0.1625 0.0666667
43 0.3625 0.944444 0.1375 0.0666667
43 0.4 0.944444 0.1625 0.0666667
11 0.028125 1 0.05625 0
11 0.028125 1 0.05625 0
29 0.75 1 0.1375 0
5 0.1 0.15 0.175 0.3
67 0.1125 0.0388889 0.2 0.0777778
52 0.125 0.0388889 0.225 0.0777778
67 0.1375 0.0833333 0.25 0.166667
51 0.15 0.0166667 0.275 0.0333333
36 0.15625 0.0388889 0.3125 0.0777778
35 0.16875 0.0388889 0.3375 0.0777778
43 0.18125 0.0388889 0.3625 0.0777778
43 0.2875 0.0388889 0.25 0.0777778
67 0.3125 0.0388889 0.25 0.0777778
67 0.3125 0.0388889 0.4 0.0777778
51 0.3375 0.0388889 0.4 0.0777778
54 0.375 0.0388889 0.425 0.0777778
6 0.4375 0.0388889 0.35 0.0777778
36 0.4625 0.0388889 0.35 0.0777778
29 0.525 0.0388889 0.275 0.0777778
43 0.55 0.0388889 0.275 0.0777778
54 0.5625 0.0388889 0.25 0.0777778
36 0.6125 0.0388889 0.25 0.0777778
6 0.65 0.0388889 0.325 0.0777778
6 0.725 0.0388889 0.275 0.0777778
67 0.775 0.0388889 0.275 0.0777778
67 0.86875 0.0611111 0.2625 0.122222
67 0.89375 0.0611111 0.2125 0.122222
67 0.90625 0.0611111 0.1875 0.122222
54 0.9125 0.0611111 0.15 0.122222
52 0.11875 0.0166667 0.2375 0.0333333
34 0.25 0.105556 0.325 0.211111
34 0.375 0.0611111 0.275 0.122222
5 0.4375 0.0611111 0.35 0.122222
52 0.55 0.105556 0.275 0.211111
67 0.575 0.0611111 0.275 0.122222
34 0.5625 0.0611111 0.35 0.122222
6 0.6625 0.0611111 0.35 0.122222
6 0.725 0.0611111 0.275 0.122222
34 0.7625 0.0611111 0.3 0.122222
34 0.825 0.0611111 0.275 0.122222
34 0.85625 0.0833333 0.2875 0.166667
27 0.88125 0.105556 0.2375 0.211111
34 0.89375 0.0833333 0.2125 0.166667
26 0.90625 0.105556 0.1875 0.211111
26 0.91875 0.105556 0.1625 0.211111
54 0.91875 0.105556 0.1625 0.211111
54 0.94375 0.0611111 0.1125 0.122222
52 0.04375 0.166667 0.0875 0.266667
51 0.10625 0.122222 0.2125 0.177778
20 0.1375 0.122222 0.25 0.177778
5 0.4375 0.127778 0.35 0.255556
52 0.65 0.127778 0.425 0.255556
28 0.7125 0.1 0.25 0.133333
29 0.7375 0.1 0.3 0.133333
29 0.7625 0.0833333 0.35 0.166667
6 0.8 0.0833333 0.375 0.166667
5 0.88125 0.105556 0.2375 0.211111
36 0.89375 0.105556 0.2125 0.211111
26 0.90625 0.122222 0.1875 0.177778
9 0.06875 0.166667 0.1375 0.266667
12 0.13125 0.166667 0.2625 0.266667
57 0.1625 0.144444 0.25 0.222222
35 0.175 0.122222 0.175 0.177778
5 0.2625 0.122222 0.2 0.177778
54 0.3125 0.166667 0.25 0.177778
9 0.5 0.144444 0.175 0.133333
67 0.575 0.144444 0.275 0.133333
5 0.6 0.144444 0.275 0.133333
5 0.525 0.144444 0.225 0.133333
43 0.6125 0.144444 0.15 0.133333
2 0.7 0.144444 0.275 0.133333
43 0.6875 0.144444 0.15 0.133333
43 0.7875 0.144444 0.25 0.133333
6 0.7375 0.144444 0.25 0.133333
60 0.8 0.122222 0.175 0.177778
43 0.86875 0.122222 0.2625 0.177778
6 0.89375 0.122222 0.2125 0.177778
10 0.90625 0.122222 0.1875 0.177778
40 0.91875 0.144444 0.1625 0.133333
0 0.1 0.144444 0.175 0.222222
0 0.05625 0.144444 0.1125 0.222222
54 0.1875 0.144444 0.15 0.222222
5 0.2125 0.166667 0.25 0.177778
67 0.3625 0.188889 0.15 0.222222
6 0.3875 0.166667 0.25 0.177778
72 0.5625 0.166667 0.35 0.177778
0 0.5625 0.144444 0.15 0.222222
9 0.5875 0.166667 0.15 0.177778
5 0.7375 0.144444 0.25 0.133333
43 0.7125 0.166667 0.15 0.177778
43 0.775 0.144444 0.125 0.133333
43 0.8125 0.166667 0.15 0.177778
11 0.9125 0.166667 0.15 0.177778
29 0.93125 0.144444 0.1375 0.133333
11 0.93125 0.144444 0.1375 0.133333
10 0.05625 0.166667 0.1125 0.266667
29 0.2 0.188889 0.225 0.133333
54 0.225 0.188889 0.225 0.222222
54 0.3375 0.211111 0.3 0.177778
54 0.2875 0.188889 0.25 0.222222
54 0.3625 0.211111 0.15 0.177778
54 0.4375 0.211111 0.35 0.177778
51 0.55 0.188889 0.175 0.222222
9 0.6125 0.166667 0.1 0.0888889
5 0.6375 0.166667 0.1 0.0888889
11 0.7125 0.166667 0.25 0.0888889
11 0.675 0.166667 0.125 0.0888889
11 0.7125 0.166667 0.1 0.0888889
11 0.7375 0.166667 0.1 0.0888889
11 0.75 0.188889 0.125 0.133333
11 0.775 0.211111 0.125 0.0888889
11 0.7875 0.188889 0.15 0.0444444
29 0.8125 0.188889 0.15 0.0444444
11 0.8875 0.127778 0.15 0.255556
9 0.9125 0.188889 0.15 0.133333
29 0.925 0.188889 0.125 0.133333
11 0.225 0.255556 0.225 0.177778
11 0.3375 0.211111 0.3 0.177778
6 0.1 0.388889 0.175 0.622222
54 0.1875 0.277778 0.25 0.222222
6 0.375 0.277778 0.275 0.133333
5 0.375 0.3 0.225 0.177778
2 0.475 0.322222 0.325 0.133333
2 0.475 0.344444 0.275 0.177778
29 0.5625 0.344444 0.35 0.266667
6 0.5375 0.3 0.25 0.177778
2 0.5625 0.277778 0.25 0.133333
2 0.5625 0.3 0.2 0.177778
2 0.65 0.3 0.325 0.177778
2 0.65 0.322222 0.275 0.222222
52 0.85625 0.3 0.2875 0.177778
6 0.86875 0.3 0.2625 0.266667
6 0.1 0.3 0.175 0.266667
5 0.3375 0.3 0.35 0.177778
2 0.3625 0.3 0.25 0.177778
5 0.6625 0.322222 0.3 0.222222
5 0.7125 0.344444 0.35 0.177778
54 0.7625 0.322222 0.2 0.222222
0 0.86875 0.322222 0.2625 0.222222
5 0.89375 0.366667 0.2125 0.311111
5 0.0875 0.411111 0.15 0.133333
6 0.2 0.366667 0.275 0.222222
2 0.375 0.411111 0.275 0.133333
6 0.5625 0.388889 0.35 0.177778
5 0.0875 0.455556 0.15 0.222222
9 0.225 0.433333 0.225 0.177778
2 0.4125 0.433333 0.3 0.177778
5 0.4375 0.411111 0.15 0.133333
6 0.525 0.433333 0.275 0.0888889
2 0.5375 0.433333 0.25 0.0888889
6 0.6625 0.433333 0.3 0.177778
5 0.8125 0.544444 0.2 0.488889
6 0.86875 0.5 0.2625 0.577778
5 0.91875 0.411111 0.1625 0.311111
5 0.0875 0.5 0.15 0.133333
0 0.04375 0.5 0.0875 0.133333
6 0.13125 0.477778 0.2625 0.177778
67 0.2125 0.477778 0.3 0.177778
54 0.225 0.455556 0.225 0.222222
5 0.2875 0.477778 0.25 0.177778
9 0.3 0.477778 0.225 0.177778
5 0.4375 0.433333 0.15 0.0888889
5 0.8 0.455556 0.225 0.222222
5 0.90625 0.477778 0.1875 0.177778
0 0.0875 0.522222 0.15 0.177778
5 0.08125 0.544444 0.1625 0.133333
11 0.06875 0.522222 0.1375 0.177778
5 0.14375 0.477778 0.2875 0.177778
67 0.2125 0.5 0.25 0.222222
28 0.1875 0.5 0.25 0.133333
29 0.2625 0.522222 0.15 0.0888889
5 0.4 0.522222 0.325 0.177778
2 0.425 0.544444 0.325 0.133333
5 0.4875 0.544444 0.25 0.133333
65 0.5625 0.544444 0.15 0.133333
51 0.525 0.477778 0.325 0.177778
6 0.725 0.566667 0.325 0.266667
6 0.90625 0.522222 0.1875 0.355556
5 0.90625 0.477778 0.1875 0.266667
5 0.90625 0.522222 0.1875 0.177778
11 0.05625 0.544444 0.1125 0.133333
29 0.06875 0.566667 0.1375 0.0888889
51 0.225 0.544444 0.275 0.133333
5 0.2 0.566667 0.225 0.177778
29 0.2625 0.566667 0.15 0.177778
29 0.3 0.544444 0.275 0.133333
29 0.3625 0.566667 0.35 0.177778
5 0.3875 0.566667 0.35 0.266667
2 0.4 0.544444 0.325 0.222222
2 0.475 0.588889 0.225 0.222222
5 0.475 0.566667 0.275 0.177778
5 0.525 0.566667 0.325 0.0888889
5 0.625 0.566667 0.275 0.177778
5 0.6625 0.566667 0.35 0.266667
5 0.8 0.566667 0.275 0.266667
0 0.7375 0.544444 0.2 0.222222
0 0.9 0.588889 0.175 0.222222
5 0.90625 0.566667 0.1875 0.177778
29 0.1 0.633333 0.175 0.133333
5 0.2 0.633333 0.225 0.133333
2 0.5875 0.633333 0.2 0.133333
5 0.6125 0.588889 0.2 0.222222
5 0.75 0.588889 0.325 0.222222
5 0.90625 0.588889 0.1875 0.222222
68 0.8875 0.588889 0.2 0.222222
2 0.05625 0.677778 0.1125 0.133333
5 0.08125 0.677778 0.1625 0.133333
5 0.09375 0.633333 0.1875 0.133333
11 0.10625 0.655556 0.2125 0.177778
11 0.11875 0.633333 0.2375 0.133333
11 0.2 0.633333 0.225 0.133333
12 0.2375 0.655556 0.25 0.177778
10 0.275 0.655556 0.275 0.177778
67 0.3 0.633333 0.225 0.222222
67 0.4875 0.677778 0.4 0.222222
67 0.4375 0.655556 0.25 0.177778
67 0.425 0.655556 0.175 0.177778
67 0.4625 0.655556 0.15 0.177778
67 0.5125 0.655556 0.2 0.177778
5 0.575 0.655556 0.175 0.177778
