29 0.040625 0.0222222 0.08125 0.0444444
2 0.046875 0.0222222 0.09375 0.0444444
6 0.053125 0.0222222 0.10625 0.0444444
4 0.1 0.0222222 0.1125 0.0444444
4 0.1375 0.0222222 0.1625 0.0444444
2 0.15625 0.0222222 0.125 0.0444444
2 0.18125 0.0111111 0.075 0.0222222
4 0.2125 0.0111111 0.1375 0.0222222
11 0.275 0.0222222 0.1625 0.0444444
8 0.30625 0.0111111 0.15 0.0222222
6 0.3 0.0222222 0.1625 0.0444444
1 0.3375 0.0222222 0.1375 0.0444444
2 0.34375 0.0222222 0.125 0.0444444
2 0.34375 0.0222222 0.05 0.0444444
2 0.3625 0.0222222 0.0375 0.0444444
3 0.375 0.0222222 0.0375 0.0444444
26 0.39375 0.0222222 0.025 0.0444444
7 0.40625 0.0111111 0.05 0.0222222
10 0.43125 0.0111111 0.075 0.0222222
3 0.45 0.0111111 0.0625 0.0222222
29 0.4625 0.0111111 0.0875 0.0222222
11 0.5 0 0.0875 0
12 0.55625 0 0.05 0
2 0.55 0.0222222 0.1125 0.0444444
19 0.5875 0.0222222 0.1625 0.0444444
29 0.6 0.0222222 0.1625 0.0444444
8 0.6125 0.0222222 0.1875 0.0444444
2 0.6375 0.0222222 0.1875 0.0444444
6 0.6625 0.0222222 0.1875 0.0444444
6 0.675 0.0111111 0.1875 0.0222222
3 0.7 0.0111111 0.1625 0.0222222
2 0.69375 0.0111111 0.2 0.0222222
8 0.70625 0.0111111 0.2 0.0222222
4 0.75625 0.0111111 0.175 0.0222222
4 0.8 0.0111111 0.1625 0.0222222
2 0.81875 0.0111111 0.175 0.0222222
6 0.8375 0.0222222 0.1375 0.0444444
2 0.8375 0.0222222 0.1625 0.0444444
6 0.86875 0.0222222 0.175 0.0444444
4 0.8875 0.0222222 0.1875 0.0444444
4 0.921875 0.0222222 0.15625 0.0444444
6 0.934375 0.0222222 0.13125 0.0444444
6 0.953125 0.0222222 0.09375 0.0444444
4 0.959375 0.0222222 0.08125 0.0444444
2 0.065625 0.0333333 0.13125 0.0666667
4 0.2125 0.0222222 0.1375 0.0444444
44 0.275 0.0222222 0.1625 0.0444444
8 0.34375 0.0222222 0.125 0.0444444
42 0.425 0.0222222 0.1125 0.0444444
44 0.45625 0.0333333 0.1 0.0666667
2 0.5 0.0333333 0.1125 0.0666667
2 0.53125 0.0333333 0.175 0.0666667
11 0.54375 0.0333333 0.175 0.0666667
18 0.56875 0.0333333 0.075 0.0666667
19 0.575 0.0333333 0.0875 0.0666667
29 0.61875 0.0333333 0.2 0.0666667
3 0.675 0.0222222 0.1125 0.0444444
44 0.7125 0.0222222 0.1125 0.0444444
44 0.775 0.0222222 0.1625 0.0444444
44 0.775 0.0222222 0.0875 0.0444444
6 0.8375 0.0222222 0.1125 0.0444444
2 0.875 0.0222222 0.1125 0.0444444
4 0.8875 0.0222222 0.1125 0.0444444
2 0.946875 0.0222222 0.10625 0.0444444
2 0.028125 0.0333333 0.05625 0.0666667
6 0.075 0.0333333 0.1125 0.0666667
6 0.06875 0.0444444 0.125 0.0444444
4 0.1 0.0555556 0.1375 0.0666667
4 0.1125 0.0444444 0.1375 0.0444444
4 0.1375 0.0444444 0.1125 0.0444444
4 0.15 0.0333333 0.1375 0.0666667
4 0.1875 0.0333333 0.1875 0.0666667
4 0.1875 0.0444444 0.1125 0.0444444
4 0.2125 0.0444444 0.1375 0.0444444
4 0.3 0.0444444 0.1125 0.0444444
4 0.3 0.0333333 0.1625 0.0666667
4 0.30625 0.0222222 0.175 0.0444444
4 0.35 0.0333333 0.1125 0.0666667
2 0.36875 0.0333333 0.125 0.0666667
4 0.3875 0.0333333 0.1375 0.0666667
4 0.39375 0.0444444 0.125 0.0888889
6 0.41875 0.0444444 0.125 0.0444444
4 0.45 0.0444444 0.1625 0.0444444
34 0.4625 0.0333333 0.1625 0.0666667
2 0.56875 0.0333333 0.075 0.0666667
4 0.61875 0.0333333 0.15 0.0666667
2 0.64375 0.0333333 0.15 0.0666667
44 0.7 0.0333333 0.1625 0.0666667
44 0.74375 0.0333333 0.175 0.0666667
43 0.7625 0.0333333 0.1625 0.0666667
44 0.775 0.0333333 0.1625 0.0666667
6 0.8375 0.0333333 0.1125 0.0666667
6 0.875 0.0333333 0.1125 0.0666667
6 0.934375 0.0333333 0.13125 0.0666667
2 0.953125 0.0333333 0.09375 0.0666667
6 0.95 0.0333333 0.0875 0.0666667
2 0.053125 0.0444444 0.10625 0.0888889
2 0.0375 0.0666667 0.0375 0.0888889
0 0.03125 0.0444444 0.025 0.0444444
8 0.075 0.0444444 0.0625 0.0444444
4 0.0875 0.0444444 0.1375 0.0444444
2 0.1 0.0555556 0.1375 0.0666667
2 0.1875 0.0666667 0.1875 0.0888889
6 0.2 0.0666667 0.1625 0.0888889
4 0.19375 0.0555556 0.125 0.111111
4 0.2125 0.0666667 0.1375 0.0888889
4 0.2375 0.0555556 0.0875 0.0666667
2 0.25625 0.0444444 0.075 0.0444444
4 0.2625 0.0444444 0.0875 0.0444444
4 0.26875 0.0333333 0.1 0.0222222
4 0.275 0.0333333 0.1125 0.0666667
6 0.28125 0.0333333 0.125 0.0666667
6 0.33125 0.0555556 0.125 0.0666667
4 0.35625 0.0666667 0.125 0.0888889
2 0.36875 0.0777778 0.125 0.0666667
4 0.40625 0.0777778 0.175 0.0666667
10 0.4 0.0777778 0.1125 0.0666667
6 0.41875 0.0777778 0.125 0.0666667
4 0.425 0.0777778 0.1125 0.0666667
66 0.4375 0.0666667 0.1125 0.0888889
2 0.54375 0.0555556 0.075 0.0222222
2 0.55625 0.0666667 0.075 0.0444444
2 0.56875 0.0555556 0.075 0.0222222
1 0.6125 0.0444444 0.0375 0.0444444
32 0.73125 0.0333333 0.075 0.0666667
10 0.934375 0.0555556 0.13125 0.0666667
2 0.028125 0.0777778 0.05625 0.0666667
2 0.028125 0.0888889 0.05625 0.0888889
34 0.025 0.0777778 0.0375 0.0666667
0 0.025 0.0777778 0.0375 0.0666667
8 0.0625 0.0777778 0.0375 0.0666667
13 0.075 0.0777778 0.1125 0.0666667
4 0.13125 0.0666667 0.25 0.0444444
2 0.13125 0.0777778 0.125 0.0222222
4 0.125 0.0777778 0.1625 0.0222222
2 0.16875 0.0777778 0.1 0.0222222
4 0.125 0.0888889 0.2375 0.0444444
4 0.1375 0.0888889 0.1125 0.0444444
4 0.18125 0.0888889 0.175 0.0444444
34 0.19375 0.0777778 0.15 0.0666667
4 0.1875 0.0888889 0.1125 0.0444444
2 0.2125 0.0888889 0.1125 0.0444444
2 0.24375 0.0777778 0.175 0.0666667
2 0.25625 0.0555556 0.075 0.0666667
4 0.26875 0.0777778 0.125 0.111111
6 0.26875 0.0555556 0.125 0.0666667
6 0.28125 0.0666667 0.125 0.0888889
6 0.3625 0.0777778 0.1125 0.0666667
2 0.3875 0.0777778 0.0875 0.0666667
2 0.41875 0.0666667 0.125 0.0444444
44 0.4125 0.0777778 0.1125 0.0666667
4 0.46875 0.0666667 0.175 0.0444444
6 0.475 0.0666667 0.1875 0.0444444
66 0.4875 0.0666667 0.1875 0.0444444
66 0.5 0.0777778 0.1875 0.0666667
42 0.525 0.0666667 0.1625 0.0444444
2 0.5125 0.0777778 0.1375 0.0666667
2 0.58125 0.0777778 0.125 0.0666667
2 0.56875 0.0888889 0.125 0.0888889
4 0.59375 0.0777778 0.1 0.0666667
1 0.6 0.0777778 0.0875 0.0666667
4 0.61875 0.0888889 0.1 0.0444444
1 0.6125 0.0777778 0.1125 0.0222222
2 0.6125 0.0666667 0.1375 0.0444444
6 0.95 0.0666667 0.0875 0.0444444
2 0.021875 0.1 0.04375 0.0666667
2 0.03125 0.1 0.025 0.0666667
2 0.05 0.1 0.0625 0.0666667
2 0.06875 0.0888889 0.125 0.0444444
2 0.1 0.0888889 0.1875 0.0444444
4 0.103125 0.1 0.20625 0.0222222
4 0.11875 0.1 0.2 0.0222222
64 0.1625 0.1 0.1125 0.0222222
22 0.1875 0.1 0.0625 0.0222222
52 0.20625 0.1 0.075 0.0222222
2 0.2125 0.111111 0.0875 0.0444444
2 0.225 0.1 0.0875 0.0222222
64 0.2625 0.122222 0.1375 0.0666667
66 0.28125 0.111111 0.125 0.0888889
2 0.26875 0.111111 0.175 0.0888889
6 0.3125 0.111111 0.0875 0.0888889
43 0.3125 0.1 0.0875 0.0666667
66 0.3125 0.1 0.1125 0.0666667
2 0.33125 0.0888889 0.1 0.0444444
2 0.3625 0.0888889 0.0625 0.0444444
4 0.36875 0.111111 0.075 0.0444444
6 0.375 0.122222 0.0875 0.0666667
6 0.39375 0.111111 0.075 0.0444444
66 0.4 0.111111 0.0875 0.0444444
6 0.51875 0.111111 0.125 0.0444444
4 0.5625 0.1 0.1125 0.0666667
4 0.5875 0.1 0.1125 0.0666667
1 0.60625 0.0888889 0.125 0.0444444
1 0.61875 0.1 0.125 0.0666667
4 0.64375 0.1 0.125 0.0666667
4 0.65 0.0888889 0.1375 0.0888889
2 0.69375 0.0888889 0.125 0.0888889
6 0.71875 0.0888889 0.125 0.0888889
0 0.028125 0.111111 0.05625 0.0444444
1 0.03125 0.111111 0.025 0.0444444
0 0.03125 0.111111 0.025 0.0444444
1 0.05625 0.111111 0.075 0.0444444
4 0.0875 0.122222 0.1375 0.0666667
2 0.09375 0.122222 0.025 0.0222222
4 0.11875 0.122222 0.05 0.0222222
4 0.1375 0.122222 0.1125 0.0222222
2 0.1375 0.122222 0.0375 0.0222222
2 0.14375 0.122222 0.025 0.0222222
2 0.2 0.133333 0.1375 0.0444444
6 0.2 0.133333 0.1125 0.0444444
2 0.24375 0.122222 0.175 0.0666667
44 0.2625 0.111111 0.1875 0.0444444
44 0.2875 0.111111 0.1125 0.0888889
34 0.30625 0.111111 0.1 0.0888889
29 0.3125 0.111111 0.0875 0.0888889
2 0.3 0.111111 0.1375 0.0888889
43 0.31875 0.122222 0.15 0.0666667
2 0.34375 0.122222 0.125 0.0666667
4 0.34375 0.122222 0.15 0.0666667
6 0.36875 0.122222 0.125 0.0666667
2 0.375 0.122222 0.1125 0.0666667
2 0.38125 0.111111 0.1 0.0444444
4 0.4625 0.122222 0.0875 0.0666667
4 0.475 0.122222 0.1375 0.0666667
6 0.5125 0.122222 0.1375 0.0666667
4 0.525 0.122222 0.1375 0.0666667
2 0.56875 0.122222 0.125 0.0666667
6 0.6 0.122222 0.1625 0.0666667
43 0.64375 0.111111 0.175 0.0444444
4 0.64375 0.111111 0.125 0.0444444
6 0.65 0.111111 0.1375 0.0444444
0 0.025 0.133333 0.0125 0.0444444
2 0.0625 0.133333 0.0625 0.0444444
2 0.125 0.144444 0.1125 0.0666667
4 0.1125 0.133333 0.0625 0.0444444
4 0.14375 0.155556 0.125 0.0444444
4 0.10625 0.155556 0.05 0.0444444
2 0.11875 0.155556 0.05 0.0444444
2 0.1375 0.144444 0.0375 0.0222222
2 0.16875 0.144444 0.075 0.0222222
2 0.1875 0.144444 0.0625 0.0222222
52 0.20625 0.144444 0.05 0.0222222
4 0.2 0.155556 0.1125 0.0444444
4 0.24375 0.144444 0.175 0.0666667
2 0.375 0.144444 0.1125 0.0666667
2 0.3875 0.133333 0.1125 0.0444444
2 0.38125 0.133333 0.075 0.0444444
2 0.4625 0.133333 0.0875 0.0888889
2 0.46875 0.122222 0.1 0.0666667
4 0.5875 0.122222 0.1625 0.0666667
14 0.7125 0.133333 0.0375 0.0444444
6 0.74375 0.144444 0.125 0.0666667
4 0.046875 0.155556 0.09375 0.0888889
6 0.0875 0.155556 0.1375 0.0888889
2 0.05 0.166667 0.0625 0.0666667
18 0.1 0.155556 0.0375 0.0444444
2 0.1375 0.155556 0.0125 0.0444444
2 0.1625 0.166667 0.0875 0.0222222
4 0.1625 0.177778 0.0875 0.0444444
4 0.175 0.155556 0.1125 0.0444444
2 0.2 0.155556 0.1125 0.0444444
2 0.2125 0.166667 0.1375 0.0666667
2 0.25625 0.166667 0.2 0.0666667
4 0.24375 0.166667 0.15 0.0666667
66 0.33125 0.155556 0.1 0.0888889
66 0.3375 0.166667 0.1125 0.0666667
4 0.4 0.155556 0.1125 0.0444444
4 0.43125 0.155556 0.175 0.0444444
64 0.4625 0.144444 0.1125 0.0666667
65 0.625 0.155556 0.0375 0.0888889
4 0.7125 0.166667 0.1625 0.0666667
6 0.75 0.155556 0.1125 0.0444444
4 0.028125 0.2 0.05625 0.0444444
2 0.046875 0.155556 0.09375 0.0888889
2 0.05 0.188889 0.0875 0.0666667
2 0.0875 0.188889 0.1625 0.0666667
2 0.09375 0.177778 0.175 0.0444444
4 0.10625 0.188889 0.175 0.0666667
2 0.14375 0.177778 0.125 0.0444444
2 0.2375 0.177778 0.1625 0.0444444
4 0.3 0.166667 0.1625 0.0666667
2 0.3125 0.188889 0.1375 0.0666667
2 0.3375 0.177778 0.1125 0.0444444
2 0.3375 0.166667 0.1375 0.0666667
2 0.3625 0.188889 0.1375 0.0666667
2 0.39375 0.188889 0.125 0.0666667
2 0.43125 0.177778 0.175 0.0444444
6 0.475 0.188889 0.1375 0.0666667
8 0.54375 0.188889 0.175 0.0666667
31 0.53125 0.177778 0.125 0.0444444
6 0.575 0.2 0.0625 0.0444444
6 0.5625 0.2 0.1125 0.0444444
4 0.7125 0.177778 0.1625 0.0444444
6 0.75 0.188889 0.1125 0.111111
2 0.028125 0.211111 0.05625 0.0666667
2 0.11875 0.177778 0 0.0444444
2 0.24375 0.2 0.075 0.0444444
2 0.2875 0.2 0.1125 0.0444444
2 0.25625 0.2 0.025 0.0444444
2 0.25625 0.2 0.15 0.0444444
