25 0.065625 0.0222222 0.13125 0.0444444
25 0.075 0.0111111 0.1375 0.0222222
8 0.0875 0.0111111 0.1375 0.0222222
21 0.1 0.0222222 0.1375 0.0444444
49 0.1125 0.0111111 0.1375 0.0222222
8 0.14375 0.0111111 0.15 0.0222222
8 0.175 0.0111111 0.1375 0.0222222
8 0.20625 0.0111111 0.15 0.0222222
3 0.225 0.0111111 0.1375 0.0222222
3 0.2625 0.0111111 0.1375 0.0222222
46 0.275 0.0111111 0.1375 0.0222222
46 0.2875 0.0111111 0.1375 0.0222222
29 0.31875 0.0111111 0.15 0.0222222
47 0.325 0.0111111 0.1375 0.0222222
29 0.3375 0.0111111 0.1375 0.0222222
29 0.375 0.0111111 0.1375 0.0222222
29 0.375 0.0111111 0.1375 0.0222222
46 0.39375 0.0111111 0.15 0.0222222
46 0.4125 0.0111111 0.1625 0.0222222
47 0.41875 0.0111111 0.15 0.0222222
47 0.4375 0.0111111 0.1375 0.0222222
47 0.45 0.0111111 0.1375 0.0222222
60 0.4625 0.0111111 0.1375 0.0222222
60 0.4875 0.0111111 0.1375 0.0222222
8 0.50625 0 0.15 0
8 0.51875 0.0111111 0.15 0.0222222
8 0.54375 0 0.15 0
8 0.55 0.0111111 0.1375 0.0222222
8 0.58125 0.0111111 0.15 0.0222222
8 0.6125 0 0.1375 0
8 0.625 0.0111111 0.1375 0.0222222
3 0.6375 0 0.1375 0
3 0.61875 0 0.075 0
3 0.6375 0 0.0875 0
3 0.6625 0 0.0875 0
3 0.70625 0 0.15 0
3 0.71875 0.0111111 0.15 0.0222222
3 0.725 0.0111111 0.0875 0.0222222
3 0.78125 0.0111111 0.15 0.0222222
8 0.79375 0.0111111 0.15 0.0222222
8 0.80625 0.0111111 0.15 0.0222222
8 0.8125 0.0111111 0.0875 0.0222222
8 0.8625 0.0111111 0.1625 0.0222222
25 0.86875 0.0111111 0.15 0.0222222
25 0.9 0.0111111 0.1625 0.0222222
25 0.9125 0.0111111 0.1625 0.0222222
25 0.928125 0.0111111 0.14375 0.0222222
21 0.934375 0.0111111 0.13125 0.0222222
3 0.940625 0.0111111 0.11875 0.0222222
3 0.925 0.0111111 0.0625 0.0222222
3 0.953125 0.0111111 0.09375 0.0222222
3 0.95 0.0111111 0.0625 0.0222222
3 0.9625 0.0111111 0.0375 0.0222222
8 0.978125 0.0111111 0.04375 0.0222222
21 0.065625 0.0222222 0.13125 0.0444444
8 0.071875 0.0222222 0.14375 0.0444444
8 0.05625 0.0222222 0.075 0.0444444
8 0.06875 0.0333333 0.075 0.0666667
8 0.1125 0.0333333 0.1375 0.0666667
8 0.1125 0.0111111 0.0875 0.0222222
49 0.16875 0.0111111 0.15 0.0222222
49 0.18125 0.0333333 0.15 0.0666667
49 0.2125 0.0333333 0.1375 0.0666667
21 0.2125 0.0333333 0.0875 0.0666667
3 0.2625 0.0333333 0.1375 0.0666667
3 0.2875 0.0333333 0.1375 0.0666667
3 0.26875 0.0333333 0.075 0.0666667
3 0.28125 0.0111111 0.075 0.0222222
20 0.29375 0.0333333 0.075 0.0666667
20 0.30625 0.0111111 0.075 0.0222222
20 0.35625 0.0333333 0.125 0.0666667
3 0.36875 0.0333333 0.125 0.0666667
3 0.4 0.0333333 0.1375 0.0666667
3 0.4125 0.0111111 0.1625 0.0222222
20 0.44375 0.0111111 0.15 0.0222222
20 0.475 0.0111111 0.1375 0.0222222
47 0.50625 0.0111111 0.15 0.0222222
49 0.51875 0.0111111 0.15 0.0222222
51 0.525 0.0111111 0.1375 0.0222222
60 0.58125 0.0111111 0.15 0.0222222
49 0.6 0.0111111 0.1625 0.0222222
55 0.61875 0.0111111 0.15 0.0222222
8 0.65625 0.0111111 0.15 0.0222222
55 0.6625 0.0111111 0.1375 0.0222222
8 0.675 0.0222222 0.1375 0.0444444
8 0.6875 0.0111111 0.1375 0.0222222
8 0.7125 0.0222222 0.1375 0.0444444
8 0.7375 0.0222222 0.1375 0.0444444
8 0.75 0.0111111 0.1375 0.0222222
47 0.80625 0.0111111 0.15 0.0222222
47 0.8125 0.0111111 0.1625 0.0222222
49 0.8375 0.0111111 0.1625 0.0222222
49 0.875 0.0111111 0.1625 0.0222222
49 0.8875 0.0111111 0.1625 0.0222222
49 0.9125 0.0111111 0.1625 0.0222222
49 0.934375 0.0222222 0.13125 0.0444444
49 0.940625 0.0222222 0.11875 0.0444444
8 0.93125 0.0111111 0.075 0.0222222
3 0.95 0.0111111 0.0625 0.0222222
3 0.959375 0.0111111 0.08125 0.0222222
3 0.978125 0.0222222 0.04375 0.0444444
8 0.984375 0.0111111 0.03125 0.0222222
21 0.065625 0.0444444 0.13125 0.0888889
20 0.075 0.0444444 0.1375 0.0888889
10 0.0875 0.0444444 0.1625 0.0888889
21 0.1 0.0444444 0.1625 0.0888889
21 0.13125 0.0444444 0.15 0.0888889
49 0.14375 0.0444444 0.2 0.0888889
51 0.1625 0.0444444 0.1875 0.0888889
44 0.16875 0.0444444 0.175 0.0888889
44 0.23125 0.0444444 0.15 0.0888889
8 0.21875 0.0444444 0.175 0.0888889
44 0.19375 0.0444444 0.275 0.0888889
55 0.3 0.0333333 0.1375 0.0666667
49 0.25 0.0333333 0.2875 0.0666667
49 0.325 0.0444444 0.1375 0.0888889
49 0.31875 0.0444444 0.2 0.0888889
21 0.3625 0.0333333 0.1375 0.0666667
21 0.4 0.0333333 0.1875 0.0666667
49 0.4375 0.0444444 0.1375 0.0888889
49 0.46875 0.0444444 0.15 0.0888889
49 0.48125 0.0333333 0.15 0.0666667
60 0.51875 0.0333333 0.15 0.0666667
51 0.525 0.0333333 0.1375 0.0666667
8 0.65 0.0333333 0.1875 0.0666667
8 0.6875 0.0333333 0.1375 0.0666667
8 0.7125 0.0333333 0.1375 0.0666667
8 0.75625 0.0333333 0.15 0.0666667
44 0.76875 0.0333333 0.15 0.0666667
8 0.79375 0.0333333 0.15 0.0666667
44 0.959375 0.0333333 0.08125 0.0666667
8 0.95625 0.0222222 0.05 0.0444444
27 0.971875 0.0333333 0.05625 0.0666667
25 0.065625 0.0444444 0.13125 0.0888889
8 0.065625 0.0444444 0.13125 0.0888889
8 0.075 0.0444444 0.1375 0.0888889
8 0.1 0.0444444 0.1375 0.0888889
8 0.1375 0.0333333 0.1375 0.0666667
8 0.16875 0.0333333 0.15 0.0666667
8 0.19375 0.0444444 0.15 0.0444444
8 0.16875 0.0444444 0.275 0.0444444
8 0.21875 0.0444444 0.225 0.0444444
8 0.26875 0.0444444 0.15 0.0444444
8 0.29375 0.0555556 0.15 0.0666667
8 0.28125 0.0555556 0.225 0.0666667
8 0.36875 0.0333333 0.15 0.0666667
8 0.4125 0.0333333 0.1625 0.0666667
8 0.40625 0.0444444 0.175 0.0444444
8 0.4 0.0555556 0.2125 0.0666667
8 0.44375 0.0555556 0.175 0.0666667
8 0.48125 0.0333333 0.15 0.0666667
8 0.4875 0.0444444 0.1625 0.0444444
8 0.51875 0.0444444 0.15 0.0444444
8 0.53125 0.0444444 0.15 0.0888889
8 0.56875 0.0444444 0.15 0.0888889
8 0.6125 0.0444444 0.1625 0.0888889
8 0.64375 0.0555556 0.175 0.0666667
8 0.68125 0.0555556 0.15 0.0666667
8 0.7125 0.0444444 0.1875 0.0888889
8 0.76875 0.0444444 0.15 0.0888889
8 0.8 0.0444444 0.1625 0.0888889
8 0.8125 0.0666667 0.1625 0.0888889
8 0.825 0.0555556 0.1625 0.0666667
6 0.85 0.0555556 0.1875 0.0666667
8 0.88125 0.0555556 0.15 0.0666667
8 0.89375 0.0444444 0.15 0.0888889
8 0.928125 0.0444444 0.14375 0.0888889
8 0.946875 0.0444444 0.10625 0.0888889
8 0.93125 0.0444444 0.1 0.0888889
8 0.971875 0.0555556 0.05625 0.0666667
21 0.065625 0.0666667 0.13125 0.0888889
20 0.059375 0.0666667 0.11875 0.0888889
8 0.040625 0.0777778 0.08125 0.111111
8 0.05625 0.0666667 0.1 0.133333
21 0.0875 0.0777778 0.1375 0.111111
21 0.075 0.0777778 0.0875 0.111111
21 0.08125 0.0555556 0.075 0.0666667
21 0.0875 0.0444444 0.0625 0.0444444
21 0.10625 0.0444444 0.075 0.0444444
49 0.40625 0.0444444 0.15 0.0444444
49 0.43125 0.0666667 0.125 0.0444444
8 0.58125 0.0777778 0.15 0.0666667
8 0.60625 0.0666667 0.15 0.0888889
8 0.64375 0.0666667 0.15 0.0888889
8 0.68125 0.0777778 0.175 0.0666667
6 0.7125 0.0777778 0.1875 0.0666667
8 0.71875 0.0777778 0.175 0.0666667
6 0.75 0.0777778 0.1875 0.0666667
6 0.78125 0.0777778 0.15 0.0666667
6 0.8 0.0666667 0.1625 0.0888889
6 0.8625 0.0666667 0.1875 0.0888889
8 0.88125 0.0666667 0.175 0.0888889
8 0.921875 0.0666667 0.15625 0.0888889
8 0.940625 0.0666667 0.11875 0.0888889
8 0.93125 0.0666667 0.1 0.0888889
8 0.9375 0.0666667 0.0875 0.0444444
8 0.953125 0.0666667 0.09375 0.0444444
21 0.065625 0.0888889 0.13125 0.0888889
8 0.059375 0.0888889 0.11875 0.0888889
8 0.034375 0.1 0.06875 0.111111
8 0.06875 0.0888889 0.1 0.133333
19 0.06875 0.0888889 0.1 0.133333
21 0.0875 0.0888889 0.0625 0.133333
21 0.1125 0.0666667 0.0625 0.133333
3 0.1125 0.0666667 0.0625 0.133333
3 0.1375 0.0888889 0.0375 0.0888889
3 0.15625 0.0888889 0.075 0.0888889
2 0.175 0.0888889 0.0875 0.0888889
2 0.2 0.0888889 0.0625 0.0888889
2 0.2125 0.0777778 0.0875 0.0666667
2 0.25 0.0777778 0.0625 0.0666667
2 0.2625 0.0777778 0.0625 0.0666667
2 0.29375 0.0888889 0.05 0.0444444
2 0.30625 0.1 0.05 0.0666667
3 0.31875 0.0888889 0.05 0.0888889
3 0.35 0.0888889 0.0875 0.0888889
3 0.375 0.0777778 0.0625 0.0666667
2 0.39375 0.0888889 0.05 0.0888889
2 0.40625 0.0888889 0.05 0.0888889
3 0.425 0.0888889 0.0625 0.0888889
3 0.46875 0.0777778 0.125 0.0666667
3 0.4625 0.0777778 0.0625 0.0666667
6 0.7125 0.1 0.1875 0.0666667
6 0.75 0.1 0.1875 0.0666667
5 0.7625 0.1 0.1875 0.0666667
6 0.79375 0.1 0.175 0.0666667
6 0.825 0.111111 0.1375 0.0888889
6 0.85 0.1 0.1625 0.0666667
6 0.88125 0.1 0.15 0.0666667
6 0.91875 0.1 0.15 0.0666667
6 0.921875 0.0888889 0.15625 0.0888889
6 0.940625 0.1 0.11875 0.111111
8 0.9375 0.0888889 0.0875 0.0888889
8 0.95 0.0777778 0.0625 0.0666667
8 0.959375 0.0888889 0.08125 0.0888889
8 0.971875 0.0888889 0.05625 0.0444444
3 0.971875 0.1 0.05625 0.0666667
25 0.065625 0.111111 0.13125 0.0888889
21 0.059375 0.111111 0.11875 0.0888889
8 0.05625 0.111111 0.1 0.0888889
19 0.0875 0.1 0.1375 0.111111
21 0.09375 0.1 0.15 0.111111
21 0.10625 0.1 0.1 0.155556
21 0.11875 0.0888889 0.075 0.177778
19 0.16875 0.0888889 0.125 0.133333
3 0.16875 0.1 0.075 0.111111
2 0.19375 0.1 0.05 0.111111
2 0.21875 0.1 0.075 0.111111
2 0.225 0.0888889 0.0625 0.0888889
2 0.25 0.111111 0.0625 0.133333
3 0.30625 0.0888889 0.15 0.0888889
3 0.2875 0.1 0.0625 0.0666667
19 0.3 0.111111 0.0625 0.0888889
3 0.30625 0.111111 0.05 0.0888889
21 0.35625 0.111111 0.1 0.133333
21 0.375 0.111111 0.0875 0.0888889
21 0.4125 0.111111 0.1375 0.0888889
3 0.39375 0.1 0.075 0.111111
20 0.43125 0.1 0.1 0.111111
20 0.44375 0.111111 0.1 0.133333
19 0.46875 0.1 0.125 0.111111
8 0.46875 0.111111 0.1 0.0888889
8 0.5375 0.111111 0.0875 0.0888889
8 0.56875 0.111111 0.15 0.0888889
8 0.6 0.111111 0.1625 0.0888889
8 0.6375 0.111111 0.1625 0.0888889
6 0.65 0.111111 0.1625 0.0888889
8 0.675 0.111111 0.1625 0.0888889
6 0.6875 0.111111 0.1625 0.0888889
6 0.725 0.111111 0.1625 0.0888889
6 0.7625 0.122222 0.1875 0.0666667
6 0.8 0.122222 0.1875 0.0666667
6 0.84375 0.122222 0.15 0.0666667
6 0.88125 0.122222 0.15 0.0666667
6 0.91875 0.122222 0.15 0.0666667
6 0.940625 0.122222 0.11875 0.0666667
6 0.93125 0.111111 0.1 0.0888889
8 0.959375 0.111111 0.08125 0.0888889
8 0.984375 0.111111 0.03125 0.0444444
8 0.990625 0.122222 0.01875 0.0666667
25 0.065625 0.144444 0.13125 0.111111
21 0.065625 0.144444 0.13125 0.111111
8 0.05625 0.133333 0.1 0.133333
8 0.09375 0.122222 0.15 0.111111
21 0.13125 0.122222 0.15 0.111111
25 0.2125 0.111111 0.0875 0.133333
21 0.2375 0.111111 0.0875 0.133333
21 0.2625 0.111111 0.0875 0.133333
21 0.28125 0.111111 0.1 0.133333
49 0.3 0.111111 0.0875 0.133333
49 0.325 0.111111 0.0875 0.133333
25 0.38125 0.111111 0.15 0.133333
25 0.44375 0.122222 0.1 0.111111
8 0.66875 0.122222 0.15 0.0666667
6 0.7 0.122222 0.1625 0.0666667
6 0.75 0.133333 0.1625 0.0888889
8 0.85 0.122222 0.1375 0.0666667
8 0.875 0.122222 0.1375 0.0666667
8 0.9375 0.122222 0.0875 0.0666667
8 0.959375 0.122222 0.08125 0.0666667
