3 0.11875 0.0111111 0.075 0.0222222
2 0.13125 0.0111111 0.075 0.0222222
32 0.14375 0.0111111 0.05 0.0222222
11 0.18125 0.0222222 0.125 0.0444444
2 0.1625 0.0111111 0.1375 0.0222222
60 0.675 0.0111111 0.0875 0.0222222
25 0.6875 0.0111111 0.1625 0.0222222
6 0.1 0.0222222 0.1125 0.0444444
6 0.11875 0.0222222 0.1 0.0444444
6 0.1375 0.0222222 0.0625 0.0444444
70 0.14375 0.0333333 0.075 0.0666667
6 0.19375 0.0333333 0.075 0.0666667
7 0.19375 0.0333333 0.05 0.0666667
21 0.20625 0.0333333 0.075 0.0666667
25 0.43125 0.0222222 0.05 0.0444444
25 0.44375 0.0222222 0.05 0.0444444
25 0.44375 0.0111111 0.075 0.0222222
25 0.43125 0.0111111 0.025 0.0222222
25 0.4625 0.0111111 0.0125 0.0222222
25 0.6 0.0222222 0.0625 0.0444444
25 0.60625 0.0111111 0 0.0222222
25 0.64375 0.0111111 0.05 0.0222222
4 0.63125 0.0111111 0 0.0222222
4 0.65625 0.0111111 0.025 0.0222222
4 0.6625 0.0111111 0.0125 0.0222222
4 0.69375 0.0111111 0.05 0.0222222
4 0.08125 0.0333333 0.125 0.0666667
5 0.1 0.0333333 0.1125 0.0666667
2 0.1125 0.0444444 0.1125 0.0888889
6 0.14375 0.0333333 0.075 0.0666667
2 0.15625 0.0333333 0.075 0.0666667
6 0.1875 0.0333333 0.0875 0.0666667
6 0.1 0.0666667 0.1125 0.0444444
6 0.1125 0.0444444 0.1125 0.0888889
6 0.125 0.0444444 0.1125 0.0888889
6 0.046875 0.0555556 0.09375 0.111111
6 0.021875 0.0666667 0.04375 0.133333
8 0.028125 0.0888889 0.05625 0.133333
8 0.015625 0.0888889 0.03125 0.0888889
6 0.021875 0.111111 0.04375 0.133333
10 0.015625 0.111111 0.03125 0.0888889
10 0.81875 0.144444 0 0.111111
6 0.93125 0.177778 0.075 0.133333
21 0.70625 0.2 0.075 0.133333
6 0.953125 0.211111 0.09375 0.111111
11 0.028125 0.211111 0.05625 0.111111
9 0.015625 0.222222 0.03125 0.133333
23 0.51875 0.222222 0.075 0.133333
4 0.88125 0.222222 0.1 0.0888889
4 0.89375 0.211111 0.075 0.111111
4 0.925 0.222222 0.0875 0.133333
4 0.93125 0.255556 0.075 0.0666667
8 0.046875 0.233333 0.09375 0.111111
10 0.025 0.244444 0.0125 0.0888889
18 0.08125 0.244444 0.025 0.0888889
18 0.09375 0.244444 0.025 0.0888889
18 0.10625 0.244444 0.025 0.0888889
2 0.11875 0.244444 0.025 0.0888889
19 0.08125 0.244444 0.1 0.0888889
19 0.16875 0.255556 0.05 0.111111
18 0.16875 0.266667 0.05 0.0444444
18 0.16875 0.266667 0.025 0.0444444
18 0.1875 0.277778 0.0375 0.0222222
20 0.2 0.244444 0.0375 0.0888889
20 0.20625 0.244444 0.025 0.0888889
11 0.2125 0.244444 0.0125 0.0888889
11 0.225 0.244444 0.0375 0.0888889
11 0.26875 0.244444 0.15 0.0888889
21 0.70625 0.277778 0.1 0.111111
18 0.09375 0.3 0.05 0.0666667
19 0.0875 0.3 0.0375 0.0666667
19 0.1 0.3 0.0375 0.0666667
19 0.1375 0.3 0.0625 0.0666667
19 0.15 0.311111 0.0375 0.0444444
19 0.14375 0.311111 0.025 0.0444444
18 0.1625 0.311111 0.0125 0.0444444
18 0.18125 0.311111 0.025 0.0444444
19 0.2 0.3 0.0625 0.0666667
6 0.20625 0.3 0.075 0.0666667
20 0.21875 0.311111 0.075 0.0444444
20 0.24375 0.3 0.075 0.0666667
47 0.25625 0.3 0.075 0.0666667
21 0.26875 0.311111 0.075 0.0444444
6 0.30625 0.311111 0.1 0.0444444
6 0.325 0.311111 0.0625 0.0444444
6 0.3375 0.277778 0.0625 0.111111
10 0.36875 0.277778 0.075 0.111111
8 0.38125 0.266667 0.1 0.133333
8 0.4125 0.266667 0.0625 0.133333
2 0.66875 0.311111 0.05 0.0444444
8 0.69375 0.311111 0.05 0.0444444
19 0.69375 0.311111 0.075 0.0444444
10 0.725 0.311111 0.1125 0.0444444
6 0.88125 0.3 0.125 0.0666667
19 0.0875 0.311111 0.0375 0.0444444
8 0.10625 0.311111 0.025 0.0444444
21 0.1375 0.311111 0.0375 0.0444444
21 0.15 0.311111 0.0375 0.0444444
21 0.14375 0.311111 0.025 0.0444444
17 0.175 0.3 0.0625 0.0666667
18 0.18125 0.3 0.025 0.0666667
20 0.2 0.3 0.0375 0.0666667
17 0.2 0.311111 0.0375 0.0444444
47 0.2375 0.322222 0.0375 0.0222222
20 0.2375 0.322222 0.0625 0.0222222
47 0.26875 0.322222 0.05 0.0222222
47 0.2875 0.322222 0.0375 0.0222222
47 0.30625 0.311111 0.075 0.0444444
10 0.325 0.311111 0.0375 0.0444444
11 0.66875 0.3 0.075 0.0666667
47 0.6875 0.311111 0.0375 0.0444444
47 0.7 0.322222 0.0625 0.0222222
44 0.725 0.322222 0.1125 0.0222222
6 0.93125 0.288889 0.125 0.0888889
26 0.965625 0.322222 0.06875 0.0666667
25 0.05 0.322222 0.0875 0.111111
21 0.08125 0.311111 0.125 0.0888889
6 0.11875 0.311111 0.075 0.0888889
25 0.13125 0.322222 0.075 0.0666667
6 0.15 0.333333 0.0375 0.0888889
19 0.15625 0.311111 0.025 0.0888889
21 0.1875 0.311111 0.0375 0.0888889
11 0.2125 0.333333 0.0875 0.0444444
25 0.23125 0.333333 0.1 0.0444444
6 0.35 0.344444 0.1375 0.0666667
13 0.946875 0.311111 0.10625 0.0888889
29 0.9625 0.311111 0.0625 0.0888889
25 0.08125 0.366667 0.125 0.0222222
15 0.11875 0.333333 0.075 0.0888889
21 0.125 0.333333 0.0625 0.0888889
4 0.1375 0.333333 0.0625 0.0888889
4 0.1375 0.333333 0.0375 0.0888889
6 0.15625 0.333333 0.025 0.0888889
2 0.16875 0.333333 0.025 0.0888889
21 0.2 0.366667 0.0625 0.0222222
21 0.20625 0.355556 0.05 0.0444444
21 0.21875 0.355556 0.025 0.0444444
44 0.30625 0.344444 0.075 0.0666667
6 0.83125 0.333333 0.125 0.0888889
66 0.85625 0.333333 0.1 0.0888889
66 0.89375 0.333333 0.15 0.0888889
66 0.925 0.333333 0.0875 0.0888889
6 0.940625 0.333333 0.11875 0.0888889
6 0.1 0.366667 0.1875 0.0666667
6 0.08125 0.377778 0.125 0.0444444
66 0.11875 0.377778 0.075 0.0444444
20 0.15 0.355556 0.0375 0.0888889
2 0.15 0.388889 0.1625 0.0666667
2 0.2 0.388889 0.0875 0.0666667
6 0.940625 0.355556 0.11875 0.0888889
6 0.9625 0.355556 0.0625 0.0888889
6 0.021875 0.4 0.04375 0.0888889
11 0.015625 0.4 0.03125 0.0888889
20 0.15 0.377778 0.0375 0.0888889
20 0.14375 0.388889 0.15 0.0666667
17 0.20625 0.388889 0.075 0.0666667
50 0.50625 0.377778 0.075 0.0888889
3 0.53125 0.366667 0.05 0.111111
3 0.5375 0.377778 0.0625 0.0888889
55 0.55625 0.377778 0.05 0.0888889
7 0.6 0.377778 0.0625 0.0888889
5 0.61875 0.377778 0.05 0.0888889
6 0.7875 0.411111 0.1375 0.0666667
6 0.05 0.411111 0.0875 0.111111
21 0.1625 0.444444 0.0875 0.0444444
19 0.1625 0.411111 0.0875 0.111111
11 0.2 0.411111 0.0625 0.111111
12 0.625 0.422222 0.0625 0.0444444
6 0.64375 0.4 0.075 0.0888889
6 0.625 0.4 0.1625 0.0888889
33 0.6375 0.4 0.1625 0.0888889
25 0.70625 0.388889 0.125 0.111111
25 0.7375 0.388889 0.0875 0.111111
6 0.75625 0.388889 0.1 0.111111
6 0.74375 0.4 0.075 0.0888889
6 0.79375 0.422222 0.125 0.0444444
11 0.015625 0.433333 0.03125 0.111111
9 0.10625 0.433333 0.075 0.111111
20 0.15625 0.422222 0.05 0.0888889
20 0.15 0.433333 0.0625 0.0666667
18 0.1625 0.411111 0.0875 0.111111
2 0.1625 0.466667 0.1125 0.0444444
2 0.18125 0.477778 0.1 0.0666667
2 0.19375 0.466667 0.075 0.0444444
6 0.7875 0.444444 0.1375 0.0444444
5 0.8 0.466667 0.1375 0.0888889
6 0.8125 0.466667 0.1375 0.0888889
6 0.8375 0.444444 0.1375 0.0444444
6 0.9125 0.466667 0.1375 0.0888889
11 0.028125 0.433333 0.05625 0.111111
11 0.09375 0.455556 0.025 0.111111
21 0.11875 0.433333 0.125 0.111111
11 0.2 0.477778 0.0375 0.0222222
2 0.20625 0.488889 0.025 0.0444444
2 0.21875 0.488889 0.025 0.0444444
2 0.225 0.488889 0.0375 0.0444444
2 0.23125 0.455556 0.05 0.111111
11 0.30625 0.444444 0.075 0.133333
6 0.66875 0.477778 0.15 0.0666667
6 0.7 0.477778 0.1125 0.0666667
4 0.7 0.477778 0.1125 0.0666667
4 0.75 0.477778 0.1125 0.0666667
6 0.74375 0.477778 0.15 0.0666667
4 0.775 0.455556 0.1125 0.111111
2 0.76875 0.455556 0.125 0.111111
2 0.7875 0.466667 0.1125 0.0888889
4 0.8125 0.466667 0.1125 0.0888889
4 0.83125 0.466667 0.1 0.0888889
5 0.8375 0.466667 0.1125 0.0888889
6 0.8625 0.466667 0.1125 0.0888889
4 0.875 0.466667 0.1125 0.0888889
2 0.89375 0.466667 0.1 0.0888889
4 0.90625 0.466667 0.125 0.0888889
2 0.934375 0.466667 0.13125 0.0888889
8 0.028125 0.466667 0.05625 0.133333
9 0.015625 0.466667 0.03125 0.0888889
4 0.1375 0.511111 0.1125 0.0444444
18 0.2 0.488889 0.0375 0.0444444
6 0.20625 0.488889 0.025 0.0888889
2 0.20625 0.5 0.025 0.0666667
2 0.21875 0.477778 0.025 0.0666667
2 0.23125 0.477778 0.025 0.0666667
2 0.2375 0.477778 0.0375 0.0666667
4 0.2875 0.455556 0.0375 0.111111
4 0.325 0.488889 0.1125 0.0888889
4 0.3625 0.488889 0.1625 0.0888889
6 0.79375 0.466667 0.075 0.0888889
4 0.80625 0.466667 0.075 0.0888889
4 0.825 0.466667 0.0625 0.0888889
4 0.8375 0.466667 0.0625 0.0888889
9 0.015625 0.522222 0.03125 0.0666667
6 0.175 0.488889 0.1625 0.0888889
55 0.2125 0.488889 0.1125 0.0888889
55 0.20625 0.488889 0.05 0.0888889
6 0.19375 0.488889 0.025 0.0888889
2 0.29375 0.488889 0.05 0.0888889
19 0.3 0.5 0.0375 0.111111
5 0.61875 0.488889 0.125 0.0888889
2 0.30625 0.522222 0.05 0.0666667
2 0.3125 0.511111 0.0625 0.0888889
7 0.31875 0.5 0.075 0.111111
5 0.325 0.544444 0.0625 0.0666667
11 0.5875 0.522222 0.1125 0.111111
11 0.63125 0.522222 0.125 0.111111
6 0.75 0.511111 0.1625 0.133333
6 0.81875 0.533333 0.125 0.0888889
4 0.9125 0.533333 0.1375 0.0888889
21 0.953125 0.544444 0.09375 0.0222222
6 0.18125 0.566667 0.15 0.0666667
2 0.3 0.533333 0.0625 0.0888889
2 0.3125 0.555556 0.0875 0.0888889
5 0.31875 0.555556 0.075 0.0888889
4 0.40625 0.566667 0.075 0.0666667
8 0.41875 0.577778 0.075 0.0444444
9 0.4625 0.522222 0.0625 0.111111
4 0.59375 0.566667 0.075 0.0222222
5 0.61875 0.577778 0.075 0.0444444
5 0.63125 0.566667 0.075 0.0666667
6 0.028125 0.622222 0.05625 0.0444444
6 0.275 0.611111 0.1375 0.0666667
6 0.028125 0.611111 0.05625 0.0666667
5 0.028125 0.6 0.05625 0.0888889
5 0.028125 0.633333 0.05625 0.111111
5 0.028125 0.622222 0.05625 0.0888889
6 0.040625 0.622222 0.08125 0.0888889
6 0.028125 0.655556 0.05625 0.111111
6 0.046875 0.655556 0.09375 0.111111
25 0.18125 0.644444 0.075 0.0888889
4 0.5875 0.655556 0.1375 0.111111
4 0.6125 0.677778 0.0875 0.0666667
6 0.68125 0.688889 0.125 0.0444444
4 0.69375 0.677778 0.125 0.0666667
4 0.7125 0.666667 0.1375 0.0444444
4 0.725 0.688889 0.1375 0.0444444
4 0.75 0.677778 0.1125 0.0666667
4 0.76875 0.655556 0.125 0.111111
4 0.78125 0.644444 0.125 0.0888889
4 0.80625 0.644444 0.125 0.0888889
4 0.8625 0.644444 0.1125 0.0888889
4 0.9 0.644444 0.1125 0.0888889
6 0.95 0.644444 0.0875 0.0888889
11 0.028125 0.677778 0.05625 0.111111
22 0.05 0.655556 0.0625 0.111111
6 0.15 0.666667 0.1375 0.133333
2 0.19375 0.655556 0.1 0.111111
5 0.2125 0.655556 0.1375 0.111111
9 0.2 0.655556 0.1125 0.111111
4 0.43125 0.666667 0.05 0.0888889
6 0.45 0.666667 0.0625 0.0888889
4 0.45625 0.666667 0.075 0.0888889
4 0.48125 0.666667 0.075 0.0888889
4 0.5 0.666667 0.0875 0.0888889
4 0.5125 0.677778 0.0875 0.111111
6 0.86875 0.677778 0.125 0.111111
6 0.88125 0.666667 0.125 0.0888889
10 0.175 0.722222 0.0875 0.0222222
10 0.225 0.722222 0.0625 0.0222222
4 0.48125 0.733333 0.125 0.0444444
11 0.028125 0.722222 0.05625 0.111111
8 0.053125 0.766667 0.10625 0.111111
