11 0.034375 0.0111111 0.06875 0.0222222
6 0.034375 0.0222222 0.06875 0.0444444
11 0.125 0.0222222 0.1125 0.0444444
11 0.2125 0.0111111 0.1125 0.0222222
11 0.225 0.0222222 0.1125 0.0444444
11 0.46875 0.0222222 0.1 0.0444444
11 0.88125 0.0222222 0.125 0.0444444
11 0.946875 0.0222222 0.10625 0.0444444
11 0.95 0.0111111 0.0875 0.0222222
9 0.053125 0.0555556 0.10625 0.0666667
21 0.31875 0.0555556 0.15 0.111111
26 0.49375 0.0666667 0.125 0.0444444
10 0.4625 0.0555556 0.0625 0.0222222
11 0.475 0.0666667 0.0375 0.0444444
19 0.49375 0.0666667 0.025 0.0444444
2 0.5125 0.0555556 0.0375 0.0222222
19 0.51875 0.0666667 0.05 0.0444444
18 0.53125 0.0555556 0.1 0.111111
21 0.58125 0.0555556 0.15 0.111111
11 0.575 0.0444444 0.1625 0.0888889
11 0.58125 0.0444444 0.075 0.0888889
25 0.83125 0.0555556 0.1 0.0666667
19 0.875 0.0444444 0.0375 0.0444444
11 0.88125 0.0444444 0.025 0.0444444
11 0.925 0.0444444 0.0625 0.0444444
11 0.94375 0.0555556 0.075 0.0666667
11 0.990625 0.188889 0.01875 0.377778
2 0.015625 0.0777778 0.03125 0.0666667
9 0.01875 0.0777778 0.025 0.0666667
2 0.0875 0.0888889 0.0375 0.0444444
2 0.09375 0.0777778 0.025 0.0666667
2 0.1 0.0666667 0.0375 0.0444444
2 0.3125 0.0777778 0.1625 0.0666667
19 0.40625 0.0777778 0.125 0.0666667
11 0.46875 0.0777778 0.05 0.0666667
11 0.48125 0.0777778 0.025 0.0666667
19 0.49375 0.0888889 0.025 0.0888889
2 0.50625 0.0888889 0.025 0.0444444
2 0.5125 0.0888889 0.0375 0.0444444
18 0.525 0.0888889 0.0375 0.0444444
18 0.5875 0.0888889 0.1625 0.0444444
19 0.56875 0.0666667 0.075 0.0444444
20 0.56875 0.0888889 0.05 0.0444444
9 0.65625 0.0666667 0.05 0.0888889
10 0.66875 0.0666667 0.05 0.0888889
23 0.7875 0.0888889 0.0625 0.0888889
11 0.84375 0.0777778 0.025 0.0666667
19 0.85 0.0777778 0.0375 0.0666667
25 0.85625 0.0777778 0.05 0.0666667
17 0.875 0.0666667 0.0375 0.0444444
14 0.8875 0.0666667 0.0375 0.0444444
10 0.90625 0.0666667 0.025 0.0444444
12 0.953125 0.0777778 0.09375 0.111111
6 0.959375 0.0555556 0.08125 0.0666667
19 0.9625 0.0666667 0.0625 0.0444444
19 0.96875 0.0777778 0.05 0.0222222
17 0.975 0.0777778 0.0375 0.0222222
11 0.990625 0.0555556 0.01875 0.0666667
2 0.015625 0.1 0.03125 0.0666667
2 0.01875 0.1 0.025 0.0666667
2 0.08125 0.1 0.025 0.0666667
2 0.09375 0.0888889 0.025 0.0444444
2 0.1 0.0888889 0.0375 0.0444444
7 0.125 0.0888889 0.0125 0.0444444
19 0.4 0.0888889 0.1125 0.0888889
2 0.4875 0.0777778 0.0375 0.0666667
2 0.49375 0.0888889 0.025 0.0444444
2 0.50625 0.1 0.025 0.0222222
2 0.5125 0.111111 0.0375 0.0444444
19 0.53125 0.111111 0.025 0.0444444
16 0.54375 0.111111 0.025 0.0444444
19 0.56875 0.1 0.05 0.0222222
60 0.59375 0.0888889 0.075 0.0444444
16 0.60625 0.0888889 0.05 0.0444444
16 0.625 0.0777778 0.0625 0.0666667
16 0.66875 0.0777778 0.1 0.0666667
16 0.675 0.0888889 0.1125 0.0444444
10 0.675 0.0888889 0.0625 0.0444444
10 0.675 0.0777778 0.0375 0.0666667
3 0.7625 0.1 0.0375 0.0222222
16 0.7625 0.111111 0.0625 0.0444444
16 0.7875 0.1 0.0875 0.0666667
54 0.79375 0.111111 0.025 0.0444444
18 0.83125 0.111111 0.05 0.0444444
19 0.85 0.111111 0.0375 0.0444444
4 0.88125 0.1 0.025 0.0222222
19 0.89375 0.0777778 0.05 0.0666667
54 0.9125 0.0888889 0.0375 0.0888889
21 0.953125 0.1 0.09375 0.111111
19 0.953125 0.0888889 0.09375 0.133333
19 0.971875 0.0777778 0.05625 0.0666667
18 0.971875 0.0777778 0.05625 0.0666667
17 0.975 0.0777778 0.0375 0.0666667
16 0.990625 0.0666667 0.01875 0.0888889
2 0.021875 0.1 0.04375 0.0666667
9 0.015625 0.111111 0.03125 0.0444444
2 0.0625 0.111111 0.0625 0.0444444
2 0.06875 0.122222 0.1 0.0666667
0 0.4875 0.122222 0.0375 0.0666667
2 0.49375 0.122222 0.05 0.0666667
2 0.50625 0.122222 0.025 0.0666667
7 0.53125 0.111111 0.075 0.0444444
16 0.55625 0.122222 0.075 0.0666667
12 0.71875 0.122222 0.05 0.0222222
44 0.7625 0.122222 0.0625 0.0222222
10 0.775 0.122222 0.0625 0.0222222
10 0.76875 0.122222 0.025 0.0222222
55 0.7875 0.122222 0.0375 0.0222222
19 0.84375 0.122222 0.025 0.0222222
16 0.83125 0.144444 0.05 0.0666667
16 0.85625 0.122222 0.025 0.0222222
4 0.86875 0.133333 0.025 0.0444444
2 0.875 0.122222 0.0125 0.0222222
19 0.90625 0.122222 0.025 0.0222222
21 0.91875 0.133333 0.05 0.0444444
21 0.959375 0.122222 0.08125 0.0666667
23 0.971875 0.1 0.05625 0.111111
29 0.96875 0.111111 0.05 0.0444444
3 0.996875 0.111111 0.00625 0.0444444
6 0.053125 0.155556 0.10625 0.0444444
11 0.39375 0.133333 0.125 0.0888889
55 0.76875 0.144444 0.075 0.0666667
21 0.83125 0.144444 0.15 0.0666667
25 0.8375 0.155556 0.1625 0.0888889
25 0.80625 0.155556 0.1 0.0444444
19 0.84375 0.155556 0.025 0.0444444
16 0.85625 0.155556 0.05 0.0888889
4 0.86875 0.177778 0.025 0.133333
4 0.875 0.144444 0.0375 0.0666667
18 0.90625 0.133333 0.025 0.0444444
18 0.953125 0.166667 0.09375 0.0666667
25 0.95 0.133333 0.0625 0.0444444
67 0.9875 0.133333 0.0125 0.0444444
12 0.990625 0.133333 0.01875 0.0444444
6 0.028125 0.166667 0.05625 0.0666667
21 0.8125 0.155556 0.1625 0.0888889
25 0.83125 0.166667 0.15 0.0666667
16 0.8375 0.166667 0.0375 0.0666667
4 0.85625 0.177778 0.05 0.0888889
4 0.88125 0.177778 0.025 0.0444444
4 0.90625 0.177778 0.025 0.0444444
17 0.953125 0.166667 0.09375 0.0666667
21 0.959375 0.166667 0.08125 0.0666667
8 0.95 0.166667 0.0625 0.0222222
23 0.94375 0.166667 0.075 0.0666667
25 0.95625 0.144444 0.05 0.0666667
24 0.996875 0.166667 0.00625 0.0666667
6 0.028125 0.166667 0.05625 0.111111
25 0.8625 0.177778 0.1125 0.0888889
16 0.85 0.177778 0.0375 0.0444444
17 0.85625 0.177778 0.05 0.0888889
4 0.875 0.188889 0.0125 0.0666667
4 0.90625 0.166667 0.025 0.0666667
16 0.91875 0.177778 0.025 0.0444444
17 0.95 0.177778 0.0625 0.0444444
19 0.94375 0.177778 0.075 0.0444444
24 0.9375 0.166667 0.0875 0.0666667
8 0.028125 0.211111 0.05625 0.0666667
8 0.0625 0.177778 0.0625 0.0888889
8 0.79375 0.222222 0.15 0.0888889
25 0.8375 0.2 0.1625 0.0888889
17 0.8625 0.2 0.0625 0.0888889
25 0.8625 0.211111 0.0375 0.0666667
18 0.8625 0.222222 0.0375 0.0444444
4 0.88125 0.211111 0.025 0.0222222
18 0.9 0.211111 0.0375 0.0222222
17 0.91875 0.211111 0.025 0.0222222
20 0.959375 0.211111 0.08125 0.0222222
2 0.95 0.2 0.0625 0.0444444
18 0.95625 0.2 0.05 0.0444444
5 0.9625 0.2 0.0375 0.0444444
24 0.95 0.2 0.0875 0.0888889
24 0.996875 0.211111 0.00625 0.0666667
11 0.028125 0.2 0.05625 0.0888889
21 0.05625 0.233333 0.075 0.111111
8 0.7 0.233333 0.0625 0.0222222
8 0.74375 0.233333 0.125 0.0222222
21 0.74375 0.222222 0.05 0.0888889
21 0.74375 0.233333 0.075 0.0666667
23 0.84375 0.211111 0.175 0.111111
19 0.89375 0.244444 0.1 0.0444444
18 0.8625 0.244444 0.0375 0.0444444
18 0.88125 0.244444 0.025 0.0444444
18 0.9 0.222222 0.0375 0.0444444
16 0.9125 0.233333 0.0125 0.0222222
20 0.959375 0.233333 0.08125 0.0222222
17 0.95 0.222222 0.0625 0.0444444
18 0.95 0.244444 0.0625 0.0444444
17 0.9625 0.222222 0.0375 0.0444444
11 0.9625 0.222222 0.0375 0.0444444
26 0.98125 0.211111 0.025 0.0666667
11 0.990625 0.222222 0.01875 0.0888889
11 0.028125 0.255556 0.05625 0.0666667
10 0.7 0.233333 0.0625 0.0222222
19 0.75625 0.244444 0.075 0.0888889
9 0.775 0.233333 0.0375 0.0666667
19 0.86875 0.244444 0.05 0.0444444
18 0.8625 0.255556 0.0375 0.0666667
19 0.86875 0.255556 0.05 0.0666667
19 0.88125 0.255556 0.025 0.0666667
19 0.9 0.244444 0.0125 0.0444444
19 0.953125 0.244444 0.09375 0.0444444
25 0.865625 0.244444 0.26875 0.0444444
17 0.9625 0.255556 0.0375 0.0666667
14 0.9625 0.244444 0.0375 0.0444444
11 0.9625 0.244444 0.0375 0.0444444
11 0.984375 0.244444 0.03125 0.0888889
11 0.028125 0.266667 0.05625 0.0444444
10 0.7 0.266667 0.0625 0.0444444
10 0.70625 0.255556 0.075 0.0666667
10 0.75 0.255556 0.1625 0.0666667
10 0.7625 0.255556 0.1125 0.0666667
10 0.74375 0.244444 0.075 0.0888889
11 0.75 0.244444 0.0875 0.0888889
8 0.75625 0.244444 0.075 0.0888889
2 0.75625 0.244444 0.075 0.0888889
9 0.78125 0.255556 0.025 0.0222222
11 0.7875 0.266667 0.0125 0.0444444
25 0.88125 0.266667 0.1 0.0444444
2 0.8625 0.266667 0.0375 0.0888889
19 0.8625 0.277778 0.0375 0.0666667
8 0.9625 0.277778 0.0375 0.0222222
10 0.9625 0.277778 0.0375 0.0222222
11 0.95 0.255556 0.0625 0.0666667
21 0.975 0.266667 0.0375 0.0444444
0 0.984375 0.255556 0.03125 0.111111
11 0.028125 0.266667 0.05625 0.133333
11 0.028125 0.3 0.05625 0.0666667
12 0.70625 0.288889 0.15 0.0444444
6 0.71875 0.288889 0.125 0.0444444
6 0.7125 0.288889 0.0375 0.0444444
10 0.76875 0.3 0.125 0.0666667
11 0.78125 0.255556 0.125 0.111111
2 0.775 0.288889 0.0375 0.0444444
9 0.775 0.288889 0.0375 0.0444444
14 0.8625 0.277778 0.0375 0.0666667
43 0.925 0.288889 0.1125 0.0444444
16 0.98125 0.311111 0.025 0.177778
21 0.028125 0.322222 0.05625 0.0666667
9 0.1625 0.311111 0.0375 0.0444444
6 0.51875 0.3 0.075 0.0666667
10 0.525 0.3 0.0875 0.0666667
10 0.55625 0.311111 0.075 0.0888889
9 0.55625 0.311111 0.05 0.0888889
9 0.59375 0.3 0.05 0.0666667
11 0.61875 0.3 0.075 0.0666667
10 0.6125 0.3 0.0625 0.0666667
8 0.6375 0.3 0.0625 0.0666667
43 0.6625 0.3 0.1125 0.0666667
11 0.64375 0.311111 0.175 0.0888889
6 0.65625 0.311111 0.175 0.0888889
6 0.7 0.322222 0.1375 0.0666667
10 0.71875 0.322222 0.1 0.0666667
9 0.7125 0.3 0.0375 0.0666667
21 0.84375 0.3 0.025 0.0666667
21 0.8625 0.3 0.0375 0.0666667
6 0.028125 0.355556 0.05625 0.0888889
9 0.01875 0.333333 0.025 0.0444444
21 0.15625 0.333333 0.05 0.0888889
21 0.25 0.311111 0.0625 0.133333
12 0.56875 0.322222 0.05 0.0666667
60 0.61875 0.311111 0.075 0.0888889
9 0.68125 0.322222 0.125 0.0666667
6 0.65625 0.333333 0 0.0444444
9 0.69375 0.333333 0.05 0.0444444
21 0.8875 0.322222 0.1125 0.0666667
20 0.8625 0.333333 0.0375 0.0444444
11 0.8625 0.333333 0.0375 0.0444444
6 0.015625 0.377778 0.03125 0.0444444
6 0.01875 0.377778 0.025 0.0444444
21 0.0625 0.366667 0.0375 0.0666667
21 0.0625 0.366667 0.0625 0.0666667
21 0.25 0.344444 0.0375 0.111111
21 0.29375 0.333333 0.125 0.133333
14 0.26875 0.355556 0.05 0.0888889
21 0.8875 0.366667 0.1375 0.111111
19 0.86875 0.355556 0.05 0.0888889
21 0.86875 0.355556 0.05 0.0444444
6 0.015625 0.377778 0.03125 0.0888889
6 0.015625 0.388889 0.03125 0.0666667
8 0.05625 0.366667 0.075 0.111111
21 0.20625 0.377778 0.1 0.0888889
21 0.29375 0.377778 0.125 0.0888889
6 0.4375 0.355556 0.1875 0.133333
21 0.875 0.388889 0.0375 0.0666667
21 0.8625 0.377778 0.0375 0.0444444
21 0.875 0.377778 0.0375 0.0444444
34 0.959375 0.4 0.08125 0.0444444
6 0.021875 0.388889 0.04375 0.0666667
6 0.015625 0.411111 0.03125 0.0666667
21 0.26875 0.4 0.05 0.0444444
6 0.3625 0.388889 0.0375 0.111111
4 0.4375 0.377778 0.1875 0.133333
6 0.41875 0.4 0.05 0.0444444
29 0.43125 0.4 0.15 0.0888889
13 0.9375 0.4 0.0875 0.0444444
13 0.99375 0.4 0 0.0444444
6 0.021875 0.433333 0.04375 0.0666667
9 0.015625 0.433333 0.03125 0.0666667
43 0.934375 0.411111 0.13125 0.0666667
