43 0.953125 0.0111111 0.09375 0.0222222
14 0.959375 0.0111111 0.08125 0.0222222
1 0.915625 0 0.16875 0
2 0.04375 0.0222222 0.075 0.0444444
15 0.1 0.0222222 0.1375 0.0444444
43 0.5875 0.0222222 0.1625 0.0444444
43 0.61875 0.0222222 0.15 0.0444444
15 0.6375 0.0222222 0.1625 0.0444444
43 0.6375 0.0222222 0.0875 0.0444444
15 0.68125 0.0222222 0.15 0.0444444
15 0.6625 0.0222222 0.0875 0.0444444
15 0.6875 0.0222222 0.0875 0.0444444
11 0.69375 0.0111111 0.075 0.0222222
15 0.7 0.0111111 0.0625 0.0222222
14 0.7875 0.0222222 0.0875 0.0444444
15 0.79375 0.0111111 0.075 0.0222222
25 0.94375 0.0222222 0.075 0.0444444
4 0.959375 0.0111111 0.08125 0.0222222
1 0.9125 0.0111111 0.1625 0.0222222
27 0.65 0.0222222 0.0875 0.0444444
27 0.675 0.0222222 0.0625 0.0444444
1 0.95 0.0222222 0.0625 0.0444444
1 0.96875 0.0111111 0.025 0.0222222
25 0.028125 0.0555556 0.05625 0.0666667
1 0.028125 0.0444444 0.05625 0.0444444
59 0.06875 0.0555556 0.125 0.0666667
21 0.1 0.0555556 0.0875 0.0666667
15 0.14375 0.0555556 0.15 0.0666667
21 0.2375 0.0555556 0.0875 0.0222222
25 0.3 0.0666667 0.1625 0.0888889
25 0.29375 0.0666667 0.075 0.0888889
25 0.31875 0.0666667 0.1 0.0888889
59 0.34375 0.0666667 0.1 0.0888889
43 0.48125 0.0555556 0.15 0.0666667
43 0.45 0.0555556 0.0875 0.0666667
43 0.525 0.0444444 0.1625 0.0888889
2 0.6 0.0444444 0.0625 0.0444444
59 0.60625 0.0555556 0.05 0.0666667
59 0.70625 0.0333333 0.05 0.0222222
54 0.7875 0.0444444 0.0625 0.0444444
43 0.95 0.0333333 0.0625 0.0666667
1 0.94375 0.0333333 0.05 0.0666667
1 0.96875 0.0333333 0.025 0.0666667
15 0.990625 0.0222222 0.01875 0.0444444
21 0.028125 0.0666667 0.05625 0.0888889
1 0.028125 0.0555556 0.05625 0.0666667
6 0.075 0.0777778 0.0875 0.111111
21 0.10625 0.0777778 0.15 0.111111
6 0.11875 0.0777778 0.15 0.111111
14 0.13125 0.0777778 0.15 0.111111
14 0.15 0.0888889 0.1625 0.0888889
21 0.15625 0.0888889 0.15 0.0888889
21 0.25625 0.0777778 0.15 0.111111
25 0.3 0.0888889 0.1625 0.0888889
21 0.29375 0.0666667 0.075 0.0888889
1 0.35625 0.0888889 0.2 0.0888889
0 0.38125 0.0777778 0.15 0.0666667
1 0.35625 0.0666667 0.075 0.0444444
1 0.4 0.0666667 0.0875 0.0888889
43 0.39375 0.0666667 0.325 0.0888889
8 0.4875 0.0666667 0.1625 0.0888889
43 0.50625 0.0666667 0.15 0.0888889
15 0.525 0.0666667 0.1625 0.0888889
4 0.54375 0.0666667 0.175 0.0888889
43 0.53125 0.0555556 0.075 0.0666667
59 0.60625 0.0555556 0.05 0.0222222
59 0.61875 0.0555556 0.025 0.0666667
15 0.61875 0.0555556 0.025 0.0666667
15 0.6625 0.0777778 0.0625 0.0222222
48 0.68125 0.0777778 0.075 0.0222222
48 0.69375 0.0777778 0.05 0.0222222
15 0.70625 0.0777778 0.05 0.0222222
15 0.73125 0.0777778 0.025 0.0222222
48 0.8 0.0888889 0.1625 0.0444444
60 0.7875 0.0777778 0.1375 0.0222222
18 0.775 0.0777778 0.0625 0.0222222
48 0.8 0.0777778 0.0375 0.0222222
59 0.80625 0.0666667 0.05 0.0444444
21 0.8125 0.0666667 0.0625 0.0444444
60 0.81875 0.0555556 0.05 0.0666667
21 0.89375 0.0444444 0.175 0.0888889
60 0.9 0.0555556 0.1625 0.0666667
15 0.9 0.0555556 0.1375 0.0666667
15 0.875 0.0555556 0.0625 0.0666667
15 0.8875 0.0555556 0.0625 0.0666667
15 0.9125 0.0555556 0.0875 0.0666667
59 0.94375 0.0555556 0.075 0.0666667
1 0.95625 0.0555556 0.075 0.0666667
1 0.95625 0.0444444 0.05 0.0444444
71 0.96875 0.0666667 0.05 0.0444444
15 0.990625 0.0666667 0.01875 0.0444444
25 0.028125 0.0888889 0.05625 0.0888889
1 0.040625 0.0666667 0.08125 0.133333
2 0.06875 0.0888889 0.1 0.0888889
4 0.10625 0.0888889 0.15 0.0888889
74 0.3125 0.0888889 0.0875 0.0888889
1 0.375 0.0888889 0.1375 0.0888889
1 0.3625 0.0888889 0.0875 0.0444444
1 0.3875 0.0888889 0.0875 0.0888889
43 0.40625 0.0888889 0.3 0.0888889
25 0.48125 0.0888889 0.15 0.0888889
1 0.475 0.0888889 0.1375 0.0888889
43 0.54375 0.0777778 0.175 0.111111
4 0.55 0.0888889 0.1625 0.0888889
43 0.5625 0.0777778 0.1375 0.0666667
59 0.575 0.0777778 0.0625 0.0666667
59 0.58125 0.0666667 0.05 0.0444444
15 0.60625 0.0888889 0.05 0.0444444
48 0.70625 0.0888889 0.175 0.0444444
48 0.68125 0.0888889 0.075 0.0444444
40 0.6875 0.0888889 0.0125 0.0444444
48 0.69375 0.0888889 0.025 0.0444444
60 0.725 0.1 0.0375 0.0222222
48 0.75 0.1 0.0625 0.0222222
48 0.80625 0.1 0.15 0.0222222
18 0.78125 0.111111 0.075 0.0444444
18 0.7875 0.1 0.0625 0.0222222
18 0.8125 0.0777778 0.0625 0.0222222
21 0.90625 0.0888889 0.15 0.0444444
15 0.9125 0.0888889 0.1375 0.0444444
13 0.89375 0.0777778 0.075 0.0222222
21 0.959375 0.0888889 0.08125 0.0444444
1 0.95 0.0888889 0.0625 0.0444444
59 0.96875 0.0777778 0.05 0.0666667
15 0.990625 0.0777778 0.01875 0.0666667
25 0.028125 0.111111 0.05625 0.0888889
25 0.034375 0.1 0.06875 0.0666667
2 0.0625 0.111111 0.0875 0.0888889
13 0.10625 0.1 0.15 0.0666667
59 0.325 0.111111 0.0875 0.0888889
1 0.3375 0.111111 0.0875 0.0888889
30 0.3625 0.122222 0.0875 0.0666667
1 0.3875 0.111111 0.0875 0.0888889
1 0.4 0.1 0.0875 0.0666667
43 0.40625 0.111111 0.3 0.0888889
25 0.4875 0.111111 0.1625 0.0888889
1 0.475 0.111111 0.1375 0.0888889
43 0.53125 0.111111 0.175 0.0888889
25 0.54375 0.111111 0.175 0.0888889
59 0.64375 0.0888889 0.175 0.0444444
15 0.6125 0.1 0.1875 0.0666667
59 0.63125 0.122222 0.075 0.0222222
43 0.6375 0.122222 0.0875 0.0222222
15 0.69375 0.122222 0.175 0.0222222
42 0.6625 0.1 0.0875 0.0666667
48 0.69375 0.1 0.05 0.0666667
48 0.7 0.122222 0.0625 0.0222222
48 0.7125 0.133333 0.0625 0.0444444
15 0.78125 0.133333 0.175 0.0444444
15 0.8 0.122222 0.1625 0.0222222
18 0.8125 0.122222 0.1375 0.0222222
18 0.79375 0.122222 0.05 0.0222222
21 0.8 0.111111 0.0375 0.0444444
21 0.73125 0.111111 0.175 0.0444444
18 0.79375 0.122222 0.325 0.0222222
21 0.89375 0.111111 0.15 0.0444444
21 0.8875 0.1 0.1375 0.0666667
21 0.85625 0.0888889 0.05 0.0444444
60 0.9125 0.1 0.1625 0.0666667
14 0.9125 0.1 0.1375 0.0666667
14 0.88125 0.122222 0.025 0.0222222
14 0.925 0.1 0.0375 0.0666667
60 0.95 0.1 0.0875 0.0666667
59 0.959375 0.1 0.08125 0.0666667
15 0.94375 0.1 0.1 0.0222222
60 0.990625 0.1 0.01875 0.0222222
4 0.028125 0.122222 0.05625 0.0666667
25 0.034375 0.122222 0.06875 0.0666667
59 0.0625 0.122222 0.0875 0.0666667
2 0.10625 0.111111 0.15 0.0888889
3 0.35 0.122222 0.0875 0.0666667
1 0.3875 0.122222 0.1125 0.0666667
1 0.45625 0.133333 0.075 0.0444444
15 0.65 0.133333 0.1125 0.0444444
59 0.625 0.144444 0.0625 0.0222222
43 0.6625 0.144444 0.0625 0.0222222
42 0.65 0.144444 0.0875 0.0222222
15 0.70625 0.155556 0.175 0.0444444
40 0.69375 0.144444 0.125 0.0222222
40 0.68125 0.144444 0.075 0.0222222
15 0.70625 0.144444 0.05 0.0222222
48 0.70625 0.144444 0.075 0.0222222
42 0.7125 0.144444 0.0625 0.0222222
48 0.725 0.144444 0.0375 0.0222222
48 0.8125 0.133333 0.1375 0.0444444
18 0.80625 0.133333 0.125 0.0444444
15 0.7625 0.133333 0.0375 0.0444444
21 0.79375 0.133333 0.025 0.0444444
13 0.8125 0.133333 0.0125 0.0444444
18 0.8875 0.133333 0.1375 0.0444444
15 0.89375 0.133333 0.15 0.0444444
15 0.88125 0.122222 0.125 0.0666667
21 0.85 0.111111 0.0625 0.0444444
15 0.8875 0.144444 0.0125 0.0222222
13 0.95625 0.133333 0.075 0.0444444
13 0.959375 0.1 0.08125 0.0666667
13 0.984375 0.133333 0.03125 0.0444444
48 0.990625 0.144444 0.01875 0.0222222
2 0.028125 0.144444 0.05625 0.0666667
13 0.06875 0.144444 0.075 0.0666667
64 0.1125 0.144444 0.0625 0.0666667
64 0.1375 0.144444 0.0875 0.0666667
64 0.1375 0.133333 0.0625 0.0888889
67 0.2375 0.144444 0.0625 0.0666667
64 0.25 0.155556 0.0625 0.0444444
16 0.275 0.144444 0.0625 0.0666667
64 0.3125 0.144444 0.0875 0.0666667
16 0.325 0.144444 0.0875 0.0666667
13 0.375 0.155556 0.1625 0.133333
2 0.3625 0.144444 0.0875 0.0666667
3 0.38125 0.144444 0.1 0.0666667
1 0.39375 0.144444 0.1 0.0666667
2 0.4125 0.144444 0.0875 0.0666667
59 0.41875 0.144444 0.1 0.0666667
3 0.45625 0.144444 0.05 0.0666667
1 0.45625 0.144444 0.075 0.0666667
59 0.5125 0.144444 0.1125 0.0666667
59 0.5125 0.144444 0.1625 0.0666667
15 0.525 0.144444 0.1625 0.0666667
59 0.55 0.144444 0.1625 0.0666667
15 0.65 0.155556 0.1125 0.0444444
42 0.68125 0.155556 0.15 0.0444444
40 0.66875 0.155556 0.075 0.0444444
15 0.68125 0.166667 0.075 0.0222222
40 0.7 0.166667 0.0625 0.0222222
48 0.7125 0.166667 0.0625 0.0222222
59 0.8125 0.155556 0.1375 0.0444444
48 0.80625 0.166667 0.025 0.0222222
18 0.8875 0.144444 0.1375 0.0666667
21 0.89375 0.166667 0.15 0.111111
60 0.8875 0.144444 0.1375 0.0666667
60 0.85625 0.144444 0.05 0.0666667
16 0.9 0.144444 0.1375 0.0666667
2 0.959375 0.144444 0.08125 0.0666667
13 0.9625 0.144444 0.0625 0.0666667
59 0.98125 0.144444 0.025 0.0666667
43 0.996875 0.144444 0.00625 0.0666667
59 0.028125 0.166667 0.05625 0.111111
2 0.034375 0.166667 0.06875 0.0666667
21 0.1125 0.122222 0.1875 0.244444
25 0.125 0.188889 0.0625 0.0666667
43 0.18125 0.188889 0.175 0.0666667
25 0.18125 0.188889 0.125 0.0666667
14 0.18125 0.2 0.1 0.0888889
25 0.19375 0.2 0.1 0.0888889
25 0.275 0.177778 0.0875 0.0444444
34 0.3875 0.188889 0.1625 0.0666667
31 0.39375 0.188889 0.15 0.0666667
30 0.3875 0.188889 0.1375 0.0666667
1 0.39375 0.188889 0.125 0.0666667
3 0.41875 0.2 0.1 0.0888889
25 0.40625 0.188889 0.3 0.0666667
1 0.5 0.188889 0.1375 0.0666667
1 0.48125 0.177778 0.125 0.0444444
43 0.51875 0.177778 0.125 0.0444444
43 0.51875 0.188889 0.175 0.0666667
25 0.525 0.188889 0.1875 0.0666667
43 0.55 0.188889 0.1625 0.0666667
25 0.5625 0.188889 0.1625 0.0666667
15 0.64375 0.166667 0.125 0.0666667
43 0.64375 0.166667 0.1 0.0666667
1 0.69375 0.177778 0.175 0.0444444
1 0.725 0.177778 0.1375 0.0444444
42 0.7125 0.177778 0.1125 0.0444444
15 0.7 0.177778 0.0375 0.0444444
1 0.71875 0.188889 0.05 0.0222222
15 0.71875 0.188889 0.075 0.0222222
15 0.7125 0.166667 0.0625 0.0666667
15 0.725 0.166667 0.0625 0.0666667
15 0.775 0.188889 0.0875 0.155556
15 0.80625 0.188889 0.025 0.0222222
48 0.80625 0.188889 0.025 0.0222222
25 0.8875 0.177778 0.1375 0.0444444
15 0.90625 0.211111 0.15 0.0666667
60 0.9125 0.2 0.1625 0.0888889
57 0.90625 0.2 0.15 0.0888889
34 0.94375 0.2 0.075 0.0888889
1 0.95625 0.177778 0.075 0.0444444
2 0.975 0.166667 0.0375 0.0666667
48 0.975 0.177778 0.0375 0.0444444
43 0.990625 0.188889 0.01875 0.0222222
2 0.028125 0.2 0.05625 0.0888889
1 0.034375 0.122222 0.06875 0.2
59 0.0375 0.188889 0.0625 0.0666667
59 0.06875 0.211111 0.1 0.111111
6 0.1 0.211111 0.1875 0.111111
6 0.09375 0.211111 0.1 0.111111
6 0.11875 0.233333 0.05 0.0666667
6 0.125 0.222222 0.0875 0.0444444
1 0.13125 0.2 0.075 0.0888889
1 0.15 0.2 0.0875 0.0888889
1 0.2 0.2 0.1375 0.0888889
1 0.2375 0.2 0.1625 0.0888889
15 0.24375 0.2 0.125 0.0888889
1 0.3 0.2 0.0875 0.0888889
1 0.325 0.2 0.0875 0.0888889
1 0.34375 0.211111 0.075 0.111111
1 0.38125 0.2 0.15 0.0888889
1 0.4 0.211111 0.1375 0.111111
1 0.4125 0.2 0.0875 0.0888889
