25 0.175 0.0111111 0.1375 0.0222222
8 0.5125 0.0222222 0.1375 0.0444444
11 0.53125 0.0222222 0.125 0.0444444
25 0.60625 0.0111111 0.05 0.0222222
21 0.61875 0.0111111 0.05 0.0222222
21 0.675 0.0111111 0.0375 0.0222222
21 0.6875 0.0222222 0.0375 0.0444444
21 0.75625 0.0222222 0.15 0.0444444
25 0.89375 0 0.15 0
44 0.940625 0 0.11875 0
0 0.990625 0.0111111 0.01875 0.0222222
21 0.990625 0.0111111 0.01875 0.0222222
11 0.053125 0.0333333 0.10625 0.0666667
8 0.046875 0.0333333 0.09375 0.0666667
8 0.0875 0.0111111 0.1375 0.0222222
25 0.1625 0.0222222 0.1375 0.0444444
11 0.175 0.0222222 0.1375 0.0444444
23 0.19375 0.0111111 0.15 0.0222222
11 0.2375 0.0111111 0.1625 0.0222222
11 0.31875 0.0111111 0.15 0.0222222
11 0.35 0.0111111 0.1625 0.0222222
11 0.3875 0.0111111 0.1375 0.0222222
8 0.41875 0.0111111 0.15 0.0222222
8 0.45 0.0333333 0.1375 0.0666667
11 0.48125 0.0222222 0.15 0.0444444
29 0.4625 0.0333333 0.0625 0.0666667
44 0.475 0.0222222 0.0625 0.0444444
25 0.49375 0.0333333 0.075 0.0666667
46 0.5125 0.0222222 0.0625 0.0444444
11 0.5125 0.0222222 0.0625 0.0444444
21 0.53125 0.0222222 0.075 0.0444444
21 0.54375 0.0222222 0.05 0.0444444
21 0.55625 0.0333333 0.05 0.0666667
21 0.56875 0.0333333 0.05 0.0666667
21 0.58125 0.0333333 0.05 0.0666667
21 0.59375 0.0333333 0.05 0.0666667
21 0.60625 0.0333333 0.05 0.0666667
21 0.63125 0.0222222 0.05 0.0444444
21 0.64375 0.0222222 0.05 0.0444444
21 0.6625 0.0222222 0.0375 0.0444444
21 0.69375 0.0222222 0.075 0.0444444
21 0.7125 0.0222222 0.0875 0.0444444
44 0.959375 0.0222222 0.08125 0.0444444
44 0.984375 0.0111111 0.03125 0.0222222
21 0.990625 0.0111111 0.01875 0.0222222
23 0.1 0.0222222 0.0625 0.0444444
23 0.1125 0.0222222 0.0625 0.0444444
23 0.13125 0.0222222 0.075 0.0444444
23 0.14375 0.0444444 0.075 0.0888889
23 0.18125 0.0333333 0.125 0.0666667
23 0.175 0.0333333 0.0875 0.0666667
11 0.1875 0.0333333 0.0625 0.0666667
25 0.19375 0.0222222 0.075 0.0444444
8 0.2125 0.0222222 0.0625 0.0444444
8 0.475 0.0444444 0.1875 0.0888889
25 0.49375 0.0333333 0.125 0.0666667
25 0.46875 0.0333333 0.05 0.0666667
25 0.5125 0.0444444 0.0625 0.0888889
25 0.525 0.0444444 0.0625 0.0888889
49 0.55 0.0333333 0.0625 0.0666667
49 0.5625 0.0333333 0.0625 0.0666667
21 0.56875 0.0333333 0.05 0.0666667
21 0.58125 0.0333333 0.05 0.0666667
8 0.959375 0.0333333 0.08125 0.0666667
44 0.965625 0.0333333 0.06875 0.0666667
11 0.984375 0.0333333 0.03125 0.0666667
21 0.053125 0.0444444 0.10625 0.0888889
21 0.025 0.0555556 0.0375 0.0222222
8 0.05 0.0666667 0.0875 0.0444444
8 0.06875 0.0555556 0.075 0.0222222
8 0.1125 0.0666667 0.1625 0.0444444
21 0.13125 0.0666667 0.125 0.0444444
21 0.1125 0.0666667 0.0625 0.0444444
21 0.15625 0.0666667 0.15 0.0444444
23 0.1625 0.0666667 0.1375 0.0444444
21 0.15625 0.0666667 0.075 0.0444444
21 0.175 0.0666667 0.0875 0.0444444
21 0.19375 0.0777778 0.075 0.0666667
8 0.21875 0.0555556 0.075 0.111111
8 0.21875 0.0555556 0.075 0.0666667
8 0.2375 0.0555556 0.0875 0.111111
8 0.25625 0.0555556 0.1 0.111111
8 0.2875 0.0555556 0.0625 0.111111
8 0.31875 0.0555556 0.125 0.111111
25 0.33125 0.0555556 0.125 0.111111
21 0.3625 0.0444444 0.1375 0.0888889
8 0.375 0.0444444 0.1125 0.0888889
8 0.38125 0.0444444 0.05 0.0888889
8 0.4375 0.0444444 0.1625 0.0888889
44 0.475 0.0444444 0.1875 0.0888889
43 0.49375 0.0444444 0.15 0.0888889
21 0.46875 0.0444444 0.075 0.0888889
25 0.5375 0.0555556 0.0625 0.0666667
21 0.940625 0.0444444 0.11875 0.0444444
21 0.953125 0.0333333 0.09375 0.0666667
8 0.965625 0.0333333 0.06875 0.0666667
8 0.971875 0.0555556 0.05625 0.0666667
11 0.990625 0.0555556 0.01875 0.111111
21 0.053125 0.0666667 0.10625 0.0888889
21 0.025 0.0666667 0.0375 0.0888889
21 0.05 0.0777778 0.0875 0.111111
21 0.08125 0.0888889 0.125 0.0888889
2 0.0625 0.0666667 0.0875 0.0444444
19 0.11875 0.0666667 0.125 0.0444444
19 0.10625 0.0666667 0.075 0.0444444
19 0.15625 0.0666667 0.125 0.0444444
25 0.15625 0.0666667 0.125 0.0444444
25 0.18125 0.0666667 0.125 0.0444444
25 0.19375 0.0777778 0.125 0.0666667
19 0.1875 0.0777778 0.0625 0.0666667
8 0.21875 0.0777778 0.125 0.0666667
8 0.2375 0.0666667 0.1375 0.0888889
3 0.28125 0.0555556 0.125 0.111111
8 0.29375 0.0555556 0.125 0.111111
8 0.30625 0.0555556 0.125 0.111111
8 0.31875 0.0777778 0.125 0.0666667
8 0.33125 0.0888889 0.125 0.0888889
8 0.35625 0.0777778 0.15 0.0666667
12 0.3625 0.0777778 0.1375 0.0666667
12 0.34375 0.0666667 0.075 0.0444444
8 0.3625 0.0444444 0.0625 0.0888889
8 0.38125 0.0444444 0.05 0.0888889
8 0.44375 0.0555556 0.15 0.0666667
8 0.475 0.0666667 0.1875 0.133333
21 0.425 0.0666667 0.2875 0.0888889
21 0.49375 0.0666667 0.125 0.0888889
21 0.8875 0.0444444 0.0625 0.0444444
21 0.934375 0.0555556 0.13125 0.0666667
8 0.95625 0.0666667 0.05 0.0444444
8 0.971875 0.0666667 0.05625 0.0444444
14 0.971875 0.0777778 0.05625 0.0666667
21 0.984375 0.0555556 0.03125 0.111111
21 0.053125 0.0888889 0.10625 0.0888889
21 0.025 0.1 0.0375 0.0666667
25 0.0875 0.1 0.1375 0.0666667
25 0.10625 0.0777778 0.15 0.0666667
21 0.10625 0.0777778 0.15 0.0666667
25 0.1375 0.0777778 0.1125 0.0666667
20 0.15625 0.0777778 0.125 0.0666667
18 0.16875 0.0777778 0.125 0.0666667
18 0.175 0.0888889 0.1375 0.0444444
20 0.1875 0.0888889 0.1375 0.0444444
25 0.2 0.1 0.1375 0.0222222
8 0.225 0.0888889 0.1125 0.0888889
8 0.25 0.0777778 0.1375 0.111111
8 0.26875 0.0666667 0.15 0.133333
8 0.29375 0.0888889 0.15 0.133333
8 0.3125 0.1 0.1375 0.111111
8 0.3 0.1 0.0625 0.111111
49 0.3375 0.1 0.1125 0.111111
49 0.34375 0.1 0.075 0.111111
49 0.35625 0.0888889 0.05 0.0888889
21 0.44375 0.0888889 0.175 0.0888889
21 0.4125 0.0888889 0.0625 0.0888889
8 0.4125 0.0666667 0.0625 0.133333
21 0.45625 0.0666667 0.225 0.133333
8 0.49375 0.1 0.125 0.0666667
49 0.9 0.111111 0.0875 0.0888889
21 0.940625 0.111111 0.11875 0.0888889
21 0.953125 0.1 0.09375 0.0666667
21 0.94375 0.111111 0.05 0.0888889
21 0.971875 0.0777778 0.05625 0.0666667
17 0.978125 0.0666667 0.04375 0.0888889
21 0.053125 0.111111 0.10625 0.0888889
25 0.021875 0.122222 0.04375 0.111111
25 0.0625 0.122222 0.0875 0.111111
25 0.1125 0.122222 0.1125 0.0666667
20 0.125 0.122222 0.0625 0.0666667
20 0.13125 0.1 0.075 0.0666667
25 0.1625 0.111111 0.0625 0.0444444
25 0.1875 0.111111 0.1125 0.0444444
25 0.20625 0.111111 0.125 0.0888889
25 0.225 0.1 0.1125 0.111111
60 0.2375 0.111111 0.1125 0.133333
16 0.2625 0.1 0.1375 0.155556
8 0.29375 0.111111 0.05 0.133333
59 0.325 0.111111 0.0625 0.0888889
59 0.3375 0.111111 0.0625 0.133333
21 0.44375 0.111111 0.125 0.0888889
21 0.4125 0.0888889 0.0625 0.133333
21 0.45 0.0777778 0.1375 0.155556
21 0.425 0.0777778 0.2875 0.155556
21 0.5 0.111111 0.0625 0.0888889
8 0.953125 0.111111 0.09375 0.0888889
21 0.959375 0.111111 0.08125 0.133333
21 0.053125 0.133333 0.10625 0.133333
21 0.021875 0.133333 0.04375 0.0888889
21 0.021875 0.122222 0.04375 0.111111
21 0.03125 0.133333 0.05 0.133333
25 0.0875 0.144444 0.1375 0.111111
21 0.1 0.133333 0.1375 0.0888889
25 0.0875 0.122222 0.0875 0.0666667
25 0.11875 0.122222 0.075 0.0666667
25 0.15 0.122222 0.1375 0.0666667
25 0.1625 0.144444 0.1375 0.0666667
49 0.2 0.133333 0.1375 0.0888889
25 0.225 0.144444 0.1375 0.0666667
60 0.2375 0.133333 0.1375 0.0888889
8 0.275 0.133333 0.1375 0.133333
8 0.3 0.133333 0.1375 0.0888889
49 0.325 0.133333 0.0625 0.133333
21 0.44375 0.122222 0.175 0.111111
21 0.4125 0.122222 0.0625 0.111111
8 0.49375 0.133333 0.125 0.0888889
25 0.48125 0.144444 0.05 0.0666667
21 0.46875 0.122222 0.05 0.0666667
21 0.49375 0.122222 0.05 0.111111
21 0.5125 0.144444 0.0625 0.111111
21 0.625 0.133333 0.0625 0.0888889
21 0.6375 0.133333 0.0625 0.0888889
21 0.6875 0.133333 0.1375 0.0888889
25 0.959375 0.155556 0.08125 0.0444444
21 0.015625 0.155556 0.03125 0.133333
21 0.015625 0.155556 0.03125 0.0888889
21 0.0875 0.166667 0.1375 0.111111
25 0.14375 0.155556 0.15 0.0888889
25 0.15625 0.177778 0.15 0.0888889
21 0.24375 0.155556 0.1 0.0888889
25 0.275 0.155556 0.1375 0.0888889
21 0.2875 0.166667 0.1375 0.111111
21 0.3 0.155556 0.1125 0.0888889
21 0.425 0.111111 0.1625 0.222222
12 0.44375 0.133333 0.175 0.133333
8 0.44375 0.155556 0.125 0.0888889
21 0.4125 0.111111 0.0625 0.222222
8 0.49375 0.155556 0.125 0.0888889
21 0.4625 0.177778 0.0625 0.0888889
21 0.475 0.155556 0.0375 0.0888889
25 0.940625 0.166667 0.11875 0.0666667
25 0.953125 0.177778 0.09375 0.0444444
21 0.021875 0.166667 0.04375 0.155556
21 0.025 0.177778 0.0375 0.133333
8 0.05625 0.188889 0.075 0.111111
8 0.05625 0.166667 0.075 0.111111
8 0.0875 0.155556 0.1125 0.133333
8 0.14375 0.177778 0.15 0.0888889
8 0.15 0.177778 0.0625 0.0888889
8 0.1625 0.188889 0.0625 0.111111
8 0.20625 0.188889 0.125 0.111111
21 0.21875 0.2 0.125 0.0888889
21 0.24375 0.177778 0.125 0.0888889
11 0.3 0.122222 0.0625 0.244444
11 0.3125 0.166667 0.0625 0.111111
8 0.325 0.166667 0.0625 0.111111
21 0.3375 0.177778 0.0625 0.133333
12 0.425 0.122222 0.1625 0.244444
21 0.4375 0.155556 0.1625 0.177778
8 0.44375 0.177778 0.125 0.0888889
8 0.4125 0.122222 0.0625 0.244444
8 0.49375 0.177778 0.125 0.0888889
14 0.46875 0.177778 0.05 0.0888889
21 0.4625 0.188889 0.0875 0.111111
21 0.49375 0.188889 0.05 0.111111
21 0.5375 0.177778 0.0625 0.0888889
21 0.55625 0.177778 0.05 0.0888889
21 0.56875 0.177778 0.075 0.0888889
21 0.625 0.177778 0.0625 0.0888889
21 0.6375 0.188889 0.0625 0.111111
21 0.65 0.2 0.0625 0.0888889
21 0.69375 0.188889 0.125 0.0666667
21 0.70625 0.177778 0.125 0.0888889
21 0.725 0.177778 0.0625 0.0888889
12 0.73125 0.188889 0.075 0.111111
8 0.75625 0.188889 0.075 0.111111
8 0.76875 0.177778 0.075 0.0888889
8 0.79375 0.177778 0.075 0.0888889
8 0.83125 0.177778 0.15 0.0888889
8 0.8625 0.177778 0.1375 0.0888889
8 0.90625 0.177778 0.175 0.0888889
21 0.925 0.177778 0.1375 0.0888889
21 0.928125 0.166667 0.14375 0.0666667
21 0.940625 0.177778 0.11875 0.0444444
49 0.971875 0.166667 0.05625 0.0666667
21 0.015625 0.188889 0.03125 0.155556
14 0.015625 0.177778 0.03125 0.133333
8 0.015625 0.144444 0.03125 0.2
8 0.021875 0.155556 0.04375 0.222222
8 0.05 0.211111 0.0625 0.111111
8 0.0625 0.166667 0.0625 0.155556
8 0.1 0.188889 0.1125 0.155556
8 0.13125 0.211111 0.125 0.111111
8 0.15 0.2 0.1375 0.0888889
8 0.1375 0.2 0.0625 0.0888889
8 0.15 0.2 0.0625 0.0888889
8 0.1625 0.211111 0.0625 0.111111
21 0.20625 0.222222 0.125 0.0888889
8 0.23125 0.211111 0.125 0.0666667
21 0.24375 0.2 0.15 0.0444444
21 0.2625 0.188889 0.1625 0.0666667
21 0.26875 0.188889 0.15 0.155556
21 0.33125 0.211111 0.125 0.0666667
21 0.34375 0.222222 0.125 0.0888889
8 0.35625 0.222222 0.125 0.0888889
8 0.33125 0.188889 0.075 0.155556
21 0.35 0.188889 0.0625 0.155556
12 0.38125 0.166667 0.1 0.2
21 0.425 0.155556 0.1625 0.222222
21 0.43125 0.177778 0.15 0.133333
8 0.4375 0.2 0.1375 0.0888889
21 0.4125 0.188889 0.0625 0.111111
