44 0.1 0.0222222 0.0625 0.0444444
8 0.8125 0.0222222 0.1625 0.0444444
6 0.028125 0.0222222 0.05625 0.0444444
8 0.034375 0.0222222 0.06875 0.0444444
8 0.065625 0.0333333 0.13125 0.0666667
8 0.071875 0.0333333 0.14375 0.0666667
0 0.08125 0.0333333 0.025 0.0666667
0 0.1 0.0333333 0.0625 0.0666667
8 0.7125 0.0222222 0.1625 0.0444444
8 0.775 0.0222222 0.1625 0.0444444
44 0.928125 0.0222222 0.14375 0.0444444
0 0.13125 0.0333333 0.125 0.0666667
8 0.10625 0.0333333 0.05 0.0666667
8 0.83125 0.0222222 0.05 0.0444444
8 0.89375 0.0333333 0.15 0.0666667
8 0.059375 0.0444444 0.11875 0.0888889
8 0.065625 0.0555556 0.13125 0.0666667
8 0.028125 0.0444444 0.05625 0.0888889
8 0.0625 0.0444444 0.0375 0.0888889
2 0.09375 0.0555556 0.05 0.0666667
8 0.11875 0.0555556 0.1 0.0666667
8 0.1125 0.0444444 0.0875 0.0444444
8 0.74375 0.0444444 0.175 0.0888889
8 0.775 0.0444444 0.1625 0.0888889
8 0.81875 0.0444444 0.175 0.0888889
8 0.8125 0.0444444 0.0875 0.0888889
8 0.84375 0.0333333 0.1 0.0666667
8 0.85625 0.0444444 0.1 0.0888889
8 0.89375 0.0444444 0.15 0.0888889
43 0.925 0.0444444 0.1125 0.0444444
8 0.940625 0.0444444 0.11875 0.0444444
16 0.996875 0.0666667 0.00625 0.0444444
6 0.053125 0.0666667 0.10625 0.0888889
2 0.059375 0.0555556 0.11875 0.0666667
0 0.021875 0.0666667 0.04375 0.0444444
8 0.028125 0.0777778 0.05625 0.0666667
2 0.034375 0.0777778 0.06875 0.0666667
2 0.06875 0.0777778 0.025 0.0666667
2 0.0875 0.0777778 0.0375 0.0666667
8 0.1125 0.0777778 0.0875 0.0666667
8 0.18125 0.0777778 0.175 0.0666667
8 0.2 0.0888889 0.1625 0.0888889
8 0.21875 0.1 0.175 0.0666667
8 0.2375 0.0666667 0.1625 0.133333
8 0.2625 0.0555556 0.1625 0.111111
8 0.28125 0.0777778 0.175 0.0666667
8 0.3125 0.0888889 0.1375 0.0444444
6 0.34375 0.0888889 0.15 0.0444444
8 0.35 0.0777778 0.1625 0.0666667
31 0.55 0.0444444 0.1875 0.0888889
11 0.55 0.0555556 0.0625 0.0666667
8 0.55625 0.0555556 0.075 0.0666667
8 0.56875 0.0666667 0.075 0.0444444
3 0.56875 0.0777778 0.1 0.0666667
8 0.6125 0.0777778 0.0375 0.0666667
8 0.625 0.0666667 0.0375 0.0444444
8 0.65 0.0666667 0.1625 0.0444444
8 0.69375 0.0555556 0.1 0.0666667
8 0.66875 0.0555556 0.025 0.0666667
8 0.68125 0.0555556 0.025 0.0666667
8 0.6625 0.0444444 0.0875 0.0888889
0 0.68125 0.0444444 0.1 0.0888889
8 0.74375 0.0555556 0.15 0.111111
8 0.725 0.0777778 0.1125 0.0666667
8 0.7625 0.0666667 0.1875 0.0444444
8 0.73125 0.0666667 0.1 0.0444444
8 0.76875 0.0555556 0.025 0.0666667
8 0.8 0.0555556 0.1625 0.111111
8 0.81875 0.0777778 0.175 0.0666667
8 0.85 0.0555556 0.1375 0.111111
8 0.81875 0.0444444 0.075 0.0888889
8 0.85625 0.0444444 0.075 0.0888889
6 0.934375 0.0666667 0.13125 0.0888889
4 0.934375 0.0777778 0.13125 0.0666667
44 0.928125 0.0666667 0.14375 0.0444444
16 0.959375 0.0666667 0.08125 0.0444444
8 0.053125 0.0777778 0.10625 0.0666667
2 0.059375 0.0777778 0.11875 0.0666667
0 0.03125 0.0888889 0.025 0.0444444
0 0.034375 0.0777778 0.06875 0.0666667
2 0.1125 0.1 0.1125 0.0666667
2 0.0875 0.0888889 0.0375 0.0444444
8 0.0875 0.1 0.0375 0.0666667
8 0.1 0.0888889 0.0375 0.0888889
8 0.21875 0.111111 0.175 0.0444444
6 0.24375 0.1 0.175 0.0666667
6 0.275 0.1 0.1625 0.0666667
8 0.28125 0.111111 0.175 0.0444444
8 0.325 0.111111 0.1625 0.0444444
6 0.3375 0.111111 0.1625 0.0444444
8 0.35625 0.111111 0.175 0.0444444
6 0.375 0.1 0.1625 0.0666667
8 0.39375 0.1 0.175 0.0666667
8 0.4125 0.0888889 0.1625 0.0888889
6 0.425 0.0666667 0.1625 0.133333
4 0.46875 0.1 0.125 0.0666667
13 0.475 0.1 0.1375 0.0666667
8 0.48125 0.1 0.15 0.0666667
32 0.51875 0.0888889 0.125 0.0444444
11 0.5375 0.0888889 0.1125 0.0444444
32 0.5 0.0888889 0.0375 0.0444444
8 0.5 0.0888889 0.0875 0.0444444
8 0.54375 0.0666667 0.175 0.0888889
8 0.56875 0.0888889 0.15 0.0444444
8 0.55 0.0888889 0.0625 0.0444444
8 0.5625 0.1 0.0875 0.0666667
8 0.6125 0.0888889 0.0375 0.0444444
8 0.6125 0.0888889 0.0625 0.0444444
8 0.6625 0.1 0.0375 0.0666667
8 0.6625 0.1 0.0875 0.0666667
3 0.66875 0.0888889 0.1 0.0888889
8 0.7125 0.0888889 0.0625 0.0888889
8 0.76875 0.1 0.175 0.0666667
12 0.75 0.1 0.0875 0.0666667
8 0.8375 0.1 0.1375 0.0666667
8 0.85625 0.1 0.075 0.0666667
10 0.90625 0.0888889 0.075 0.0888889
6 0.925 0.1 0.1125 0.0666667
6 0.959375 0.111111 0.08125 0.0444444
3 0.959375 0.1 0.08125 0.0666667
8 0.053125 0.122222 0.10625 0.111111
8 0.021875 0.1 0.04375 0.0666667
8 0.078125 0.111111 0.15625 0.0888889
8 0.1125 0.111111 0.1125 0.0444444
2 0.0875 0.111111 0.0375 0.0444444
8 0.21875 0.122222 0.175 0.0666667
6 0.23125 0.122222 0.175 0.0666667
8 0.26875 0.122222 0.15 0.0666667
8 0.275 0.111111 0.1625 0.0888889
6 0.3125 0.111111 0.1625 0.0888889
6 0.35 0.122222 0.1625 0.0666667
8 0.35625 0.133333 0.175 0.0444444
4 0.38125 0.111111 0.175 0.0888889
6 0.39375 0.111111 0.175 0.0888889
44 0.46875 0.1 0.15 0.0666667
44 0.50625 0.111111 0.1 0.0444444
43 0.5125 0.111111 0.1375 0.0444444
29 0.54375 0.122222 0.1 0.0666667
29 0.5625 0.122222 0.0875 0.0666667
6 0.946875 0.122222 0.10625 0.0666667
3 0.996875 0.111111 0.00625 0.0444444
8 0.028125 0.144444 0.05625 0.111111
8 0.021875 0.122222 0.04375 0.111111
8 0.071875 0.122222 0.14375 0.111111
8 0.09375 0.144444 0.15 0.0666667
8 0.0875 0.122222 0.0375 0.0666667
6 0.21875 0.144444 0.175 0.0666667
6 0.24375 0.133333 0.175 0.0888889
8 0.26875 0.144444 0.15 0.0666667
8 0.3125 0.133333 0.1625 0.0888889
6 0.34375 0.144444 0.15 0.0666667
8 0.35625 0.144444 0.175 0.0666667
6 0.375 0.133333 0.1625 0.0888889
4 0.3875 0.144444 0.1875 0.0666667
8 0.41875 0.144444 0.15 0.0666667
6 0.40625 0.144444 0.125 0.0666667
6 0.4625 0.144444 0.1375 0.0666667
6 0.925 0.133333 0.1125 0.0888889
4 0.95 0.133333 0.0875 0.0444444
16 0.996875 0.133333 0.00625 0.0444444
6 0.028125 0.155556 0.05625 0.0888889
8 0.059375 0.144444 0.11875 0.0666667
8 0.040625 0.133333 0.08125 0.0888889
8 0.046875 0.144444 0.09375 0.111111
8 0.2625 0.155556 0.1375 0.0444444
8 0.28125 0.166667 0.15 0.0666667
6 0.35 0.155556 0.1625 0.0888889
8 0.375 0.155556 0.1375 0.0888889
6 0.38125 0.155556 0.175 0.0888889
8 0.40625 0.155556 0.125 0.0888889
6 0.46875 0.155556 0.15 0.0888889
8 0.6125 0.155556 0.1875 0.0444444
16 0.990625 0.166667 0.01875 0.0666667
8 0.059375 0.166667 0.11875 0.0666667
6 0.071875 0.166667 0.14375 0.111111
8 0.1 0.155556 0.1625 0.0888889
8 0.19375 0.188889 0.175 0.0666667
6 0.20625 0.188889 0.175 0.0666667
6 0.23125 0.177778 0.175 0.0444444
6 0.2625 0.188889 0.1375 0.0666667
8 0.26875 0.188889 0.15 0.0666667
8 0.35 0.188889 0.1375 0.0666667
6 0.35 0.188889 0.1625 0.0666667
6 0.38125 0.188889 0.125 0.0666667
6 0.375 0.177778 0.1625 0.0888889
4 0.4125 0.188889 0.1375 0.0666667
8 0.41875 0.188889 0.15 0.0666667
6 0.4125 0.166667 0.1125 0.111111
6 0.43125 0.188889 0.075 0.0666667
6 0.4625 0.188889 0.1375 0.0666667
29 0.5625 0.177778 0.0625 0.0444444
29 0.6125 0.177778 0.1875 0.0444444
6 0.9125 0.177778 0.0625 0.0444444
6 0.91875 0.177778 0.1 0.0444444
4 0.9375 0.177778 0.1125 0.0888889
3 0.996875 0.166667 0.00625 0.111111
6 0.053125 0.188889 0.10625 0.111111
8 0.059375 0.188889 0.11875 0.0666667
8 0.09375 0.2 0.15 0.0444444
6 0.35 0.211111 0.1625 0.0666667
6 0.36875 0.2 0.175 0.0888889
4 0.38125 0.2 0.175 0.0888889
4 0.4125 0.211111 0.1375 0.0666667
6 0.4375 0.211111 0.1125 0.0666667
6 0.4125 0.2 0.1125 0.0888889
6 0.44375 0.2 0.1 0.0888889
6 0.925 0.188889 0.1375 0.111111
4 0.95 0.188889 0.0875 0.0666667
3 0.996875 0.2 0.00625 0.0444444
6 0.028125 0.222222 0.05625 0.0888889
8 0.034375 0.211111 0.06875 0.0666667
8 0.09375 0.222222 0.15 0.0888889
6 0.38125 0.222222 0.175 0.0888889
8 0.45625 0.244444 0.125 0.0444444
5 0.4875 0.244444 0.1625 0.0444444
8 0.50625 0.233333 0.15 0.0666667
8 0.49375 0.222222 0.125 0.0444444
2 0.940625 0.233333 0.11875 0.0666667
6 0.94375 0.233333 0.1 0.0666667
3 0.996875 0.222222 0.00625 0.0444444
8 0.034375 0.244444 0.06875 0.0444444
8 0.053125 0.233333 0.10625 0.111111
8 0.075 0.233333 0.1125 0.0666667
8 0.38125 0.255556 0.175 0.0666667
6 0.4375 0.255556 0.1875 0.0666667
8 0.45 0.255556 0.1625 0.0666667
6 0.475 0.255556 0.1625 0.0666667
8 0.50625 0.255556 0.15 0.0666667
6 0.51875 0.255556 0.175 0.0666667
4 0.93125 0.244444 0.125 0.0888889
2 0.946875 0.255556 0.10625 0.0666667
8 0.953125 0.244444 0.09375 0.0444444
4 0.959375 0.255556 0.08125 0.0666667
8 0.034375 0.255556 0.06875 0.0666667
8 0.09375 0.266667 0.15 0.0444444
8 0.0625 0.266667 0.1125 0.0444444
8 0.825 0.233333 0.1875 0.111111
8 0.053125 0.266667 0.10625 0.0888889
8 0.0375 0.277778 0.0375 0.0666667
8 0.1 0.288889 0.1375 0.0444444
8 0.06875 0.288889 0.1 0.0444444
8 0.2625 0.3 0.1625 0.0666667
8 0.26875 0.311111 0.175 0.0444444
8 0.3 0.311111 0.1625 0.0444444
8 0.35 0.277778 0.1125 0.111111
8 0.38125 0.277778 0.175 0.111111
6 0.46875 0.3 0.15 0.0666667
4 0.49375 0.3 0.125 0.0666667
2 0.4875 0.288889 0.0375 0.0444444
6 0.50625 0.288889 0.025 0.0444444
9 0.56875 0.288889 0.1 0.0444444
8 0.053125 0.3 0.10625 0.111111
29 0.028125 0.3 0.05625 0.0666667
8 0.1 0.311111 0.1375 0.0444444
8 0.21875 0.3 0.175 0.111111
8 0.24375 0.322222 0.175 0.0666667
8 0.26875 0.311111 0.175 0.0888889
6 0.33125 0.333333 0.175 0.0444444
8 0.35 0.322222 0.1625 0.0222222
8 0.35625 0.322222 0.175 0.0666667
8 0.36875 0.3 0.175 0.111111
8 0.40625 0.322222 0.15 0.0666667
6 0.40625 0.322222 0.15 0.0666667
4 0.39375 0.311111 0.125 0.0888889
6 0.40625 0.311111 0.125 0.0444444
4 0.45 0.311111 0.1625 0.0444444
2 0.4375 0.311111 0.0875 0.0444444
4 0.46875 0.322222 0.175 0.0666667
13 0.50625 0.311111 0.175 0.0444444
8 0.053125 0.322222 0.10625 0.111111
8 0.10625 0.344444 0.125 0.0666667
8 0.075 0.322222 0.0875 0.0666667
8 0.35625 0.355556 0.175 0.0444444
8 0.36875 0.344444 0.175 0.0666667
8 0.38125 0.333333 0.175 0.0888889
4 0.41875 0.344444 0.125 0.0666667
4 0.40625 0.333333 0.15 0.0444444
4 0.39375 0.344444 0.125 0.0666667
6 0.4375 0.344444 0.1875 0.0666667
4 0.4375 0.344444 0.0875 0.0666667
4 0.46875 0.344444 0.175 0.0666667
8 0.053125 0.344444 0.10625 0.111111
8 0.1125 0.355556 0.1125 0.0444444
8 0.09375 0.344444 0.05 0.0666667
10 0.21875 0.344444 0.175 0.111111
6 0.3125 0.355556 0.1125 0.0444444
4 0.35 0.366667 0.1625 0.0666667
4 0.35625 0.355556 0.125 0.0888889
4 0.41875 0.355556 0.125 0.0444444
8 0.4375 0.344444 0.0875 0.0666667
4 0.825 0.344444 0.1125 0.0666667
4 0.8375 0.355556 0.1125 0.0444444
12 0.1125 0.377778 0.1125 0.0444444
6 0.35 0.377778 0.1125 0.0444444
4 0.35625 0.388889 0.125 0.0666667
4 0.41875 0.388889 0.125 0.0666667
4 0.3875 0.388889 0.1125 0.0666667
6 0.43125 0.377778 0.075 0.0444444
6 0.45625 0.377778 0.05 0.0444444
5 0.44375 0.377778 0.1 0.0444444
