65 0.125 0.0222222 0.1875 0.0444444
11 0.1375 0.0111111 0.1875 0.0222222
11 0.125 0 0.0125 0
11 0.15625 0.0111111 0.075 0.0222222
44 0.70625 0.0111111 0.2 0.0222222
44 0.75 0.0222222 0.1875 0.0444444
44 0.74375 0.0222222 0.275 0.0444444
44 0.80625 0.0222222 0.2 0.0444444
44 0.85 0.0111111 0.1375 0.0222222
44 0.8625 0.0222222 0.1375 0.0444444
44 0.8125 0.0222222 0.2875 0.0444444
6 0.88125 0.0222222 0.175 0.0444444
44 0.89375 0.0222222 0.175 0.0444444
11 0.915625 0.0222222 0.16875 0.0444444
11 0.9375 0.0222222 0.0875 0.0444444
4 0.95625 0.0111111 0.075 0.0222222
4 0.971875 0 0.05625 0
5 0.96875 0 0.05 0
10 0.96875 0 0.05 0
11 0.9875 0 0.0125 0
9 0.015625 0.0222222 0.03125 0.0444444
20 0.10625 0.0222222 0.125 0.0444444
21 0.11875 0.0111111 0.1 0.0222222
11 0.2 0.0111111 0.1125 0.0222222
11 0.225 0.0111111 0.0875 0.0222222
21 0.23125 0.0111111 0.1 0.0222222
4 0.978125 0.0111111 0.04375 0.0222222
2 0.96875 0.0111111 0.025 0.0222222
10 0.96875 0.0111111 0.05 0.0222222
55 0.075 0.0333333 0.0375 0.0222222
11 0.05625 0.0333333 0.075 0.0222222
11 0.1 0.0333333 0.0125 0.0222222
11 0.08125 0.0333333 0.075 0.0222222
11 0.14375 0.0222222 0.025 0.0444444
44 0.64375 0.0333333 0.275 0.0666667
44 0.7 0.0333333 0.1875 0.0222222
4 0.975 0.0333333 0.0375 0.0222222
11 0.975 0.0222222 0.0375 0.0444444
12 0.9625 0.0222222 0.0375 0.0444444
32 0.075 0.0444444 0.0125 0.0444444
55 0.11875 0.0444444 0.025 0.0444444
21 0.15 0.0555556 0.0625 0.0222222
11 0.14375 0.0555556 0 0.0222222
6 0.2625 0.0444444 0.1375 0.0444444
6 0.26875 0.0666667 0.15 0.0444444
4 0.26875 0.0555556 0.15 0.0666667
6 0.24375 0.0555556 0.1 0.0666667
4 0.28125 0.0555556 0.075 0.0666667
6 0.28125 0.0555556 0.1 0.0666667
6 0.3375 0.0555556 0.1875 0.0666667
5 0.34375 0.0555556 0.175 0.0666667
6 0.35625 0.0666667 0.175 0.0888889
6 0.375 0.0555556 0.1875 0.111111
6 0.6 0.0555556 0.0625 0.0222222
11 0.975 0.0333333 0.0375 0.0666667
11 0.96875 0.0555556 0.025 0.0222222
6 0.96875 0.0444444 0.025 0.0444444
10 0.990625 0.0555556 0.01875 0.0222222
6 0.14375 0.0777778 0.175 0.0666667
4 0.24375 0.0666667 0.05 0.0444444
5 0.26875 0.0666667 0.125 0.0444444
4 0.275 0.0666667 0.1375 0.0444444
4 0.28125 0.0777778 0.175 0.0666667
4 0.3125 0.0777778 0.1375 0.0666667
6 0.28125 0.0777778 0.1 0.0666667
6 0.30625 0.0666667 0.125 0.0888889
6 0.4 0.0777778 0.1875 0.0666667
6 0.45 0.0888889 0.1875 0.0888889
6 0.50625 0.0888889 0.175 0.0888889
6 0.51875 0.0777778 0.175 0.0666667
4 0.54375 0.0777778 0.175 0.0666667
4 0.54375 0.0666667 0.125 0.0444444
6 0.55625 0.0666667 0.125 0.0444444
6 0.59375 0.0777778 0.075 0.0666667
5 0.58125 0.0666667 0.1 0.0444444
6 0.59375 0.0666667 0.125 0.0444444
5 0.6125 0.0666667 0.1125 0.0444444
6 0.74375 0.0666667 0.175 0.0888889
4 0.84375 0.0555556 0.175 0.0666667
4 0.81875 0.0444444 0.075 0.0444444
21 0.86875 0.0444444 0.05 0.0444444
6 0.96875 0.0555556 0.025 0.0222222
5 0.96875 0.0555556 0.025 0.0222222
6 0.98125 0.0666667 0 0.0444444
10 0.984375 0.0666667 0.03125 0.0444444
6 0.13125 0.1 0.175 0.0666667
6 0.15625 0.1 0.075 0.0666667
6 0.1625 0.111111 0.1125 0.0444444
6 0.19375 0.111111 0.175 0.0444444
5 0.20625 0.1 0.175 0.0666667
6 0.23125 0.1 0.075 0.0222222
6 0.26875 0.111111 0.125 0.0444444
4 0.25 0.111111 0.0875 0.0444444
6 0.26875 0.111111 0.075 0.0444444
4 0.28125 0.1 0.075 0.0666667
4 0.31875 0.0888889 0.125 0.0888889
4 0.29375 0.0888889 0.125 0.0888889
6 0.33125 0.0888889 0.075 0.0888889
5 0.31875 0.0888889 0.125 0.0888889
6 0.33125 0.0888889 0.125 0.0888889
4 0.5875 0.0777778 0.1125 0.0666667
6 0.61875 0.0777778 0.075 0.0666667
4 0.84375 0.0777778 0.175 0.0666667
4 0.8125 0.0777778 0.0875 0.0666667
21 0.940625 0.0777778 0.11875 0.0666667
21 0.953125 0.0888889 0.09375 0.0444444
6 0.96875 0.0888889 0.05 0.0444444
5 0.975 0.0888889 0.0125 0.0444444
12 0.98125 0.0888889 0 0.0444444
3 0.98125 0.0888889 0.025 0.0444444
6 0.015625 0.111111 0.03125 0.0888889
4 0.021875 0.122222 0.04375 0.0666667
8 0.046875 0.122222 0.09375 0.0666667
8 0.06875 0.122222 0.075 0.0666667
6 0.14375 0.111111 0.175 0.0888889
6 0.19375 0.111111 0.175 0.0888889
4 0.20625 0.111111 0.175 0.0888889
4 0.23125 0.122222 0.175 0.0666667
6 0.25 0.122222 0.0875 0.0666667
6 0.25 0.111111 0.1125 0.0888889
6 0.29375 0.111111 0.175 0.0888889
6 0.275 0.111111 0.1125 0.0888889
4 0.35 0.1 0.1625 0.0666667
6 0.36875 0.1 0.175 0.0666667
4 0.48125 0.1 0.075 0.0666667
8 0.4875 0.1 0.1125 0.0666667
6 0.51875 0.111111 0.075 0.0888889
6 0.53125 0.1 0.075 0.0666667
6 0.5375 0.111111 0.1125 0.0444444
6 0.5625 0.1 0.1375 0.0666667
6 0.59375 0.111111 0.075 0.0444444
4 0.5875 0.1 0.1125 0.0666667
4 0.6125 0.1 0.1125 0.0666667
5 0.61875 0.1 0.125 0.111111
6 0.66875 0.1 0.125 0.111111
6 0.68125 0.0888889 0.125 0.0888889
6 0.70625 0.1 0.125 0.111111
6 0.71875 0.0888889 0.125 0.0888889
6 0.725 0.111111 0.1125 0.0444444
6 0.75625 0.111111 0.125 0.0444444
4 0.79375 0.111111 0.075 0.0444444
4 0.825 0.111111 0.1875 0.0444444
25 0.85625 0.111111 0.05 0.0444444
21 0.8875 0.111111 0.0625 0.0444444
44 0.9 0.122222 0.0625 0.0666667
4 0.90625 0.122222 0.075 0.0666667
4 0.940625 0.111111 0.11875 0.0888889
4 0.959375 0.111111 0.08125 0.0888889
6 0.953125 0.111111 0.09375 0.0444444
6 0.9625 0.122222 0.0625 0.0666667
6 0.96875 0.111111 0.05 0.0444444
12 0.98125 0.1 0.025 0.0666667
6 0.2875 0.144444 0.0875 0.0666667
6 0.4 0.133333 0.1875 0.0888889
6 0.38125 0.133333 0.125 0.0444444
6 0.5625 0.133333 0.1375 0.0444444
6 0.56875 0.144444 0.125 0.0666667
4 0.5875 0.133333 0.1125 0.0444444
4 0.59375 0.122222 0.125 0.0666667
4 0.625 0.122222 0.1125 0.0666667
6 0.63125 0.133333 0.125 0.0444444
6 0.65625 0.133333 0.125 0.0888889
6 0.66875 0.122222 0.125 0.0666667
4 0.68125 0.122222 0.125 0.0666667
4 0.70625 0.122222 0.125 0.0666667
6 0.71875 0.122222 0.125 0.0666667
4 0.73125 0.133333 0.125 0.0444444
4 0.76875 0.144444 0.175 0.0666667
4 0.78125 0.133333 0.175 0.0888889
4 0.76875 0.133333 0.125 0.0444444
6 0.36875 0.155556 0.125 0.0888889
5 0.38125 0.166667 0.125 0.0666667
6 0.425 0.177778 0.1625 0.0888889
4 0.4125 0.177778 0.1125 0.0888889
4 0.41875 0.155556 0.125 0.0888889
4 0.43125 0.166667 0.125 0.0666667
6 0.4875 0.166667 0.1125 0.0666667
4 0.59375 0.155556 0.125 0.0444444
6 0.60625 0.144444 0.125 0.0666667
6 0.66875 0.144444 0.125 0.0666667
4 0.68125 0.144444 0.125 0.0666667
4 0.69375 0.166667 0.125 0.0666667
4 0.7125 0.155556 0.1125 0.0444444
6 0.725 0.144444 0.1125 0.0666667
6 0.86875 0.155556 0.175 0.0888889
6 0.90625 0.166667 0.175 0.0666667
6 0.946875 0.155556 0.10625 0.0888889
6 0.4125 0.177778 0.1125 0.0888889
6 0.55625 0.166667 0.125 0.0666667
6 0.56875 0.177778 0.125 0.0444444
4 0.58125 0.177778 0.125 0.0444444
6 0.6 0.177778 0.1125 0.0444444
43 0.625 0.177778 0.1125 0.0444444
43 0.6375 0.166667 0.1125 0.0666667
6 0.66875 0.177778 0.125 0.0444444
4 0.68125 0.177778 0.125 0.0444444
5 0.69375 0.177778 0.125 0.0444444
6 0.7125 0.177778 0.1125 0.0444444
6 0.75625 0.177778 0.125 0.0444444
44 0.84375 0.177778 0.125 0.0444444
44 0.88125 0.177778 0.075 0.0444444
6 0.35625 0.188889 0.075 0.0666667
6 0.4 0.188889 0.1125 0.0666667
4 0.40625 0.188889 0.125 0.0666667
4 0.45 0.188889 0.1125 0.0666667
4 0.4875 0.177778 0.1125 0.0888889
4 0.53125 0.188889 0.075 0.0666667
6 0.56875 0.188889 0.175 0.0666667
6 0.6 0.188889 0.1125 0.0666667
25 0.61875 0.177778 0.125 0.0444444
25 0.63125 0.188889 0.125 0.0666667
25 0.6625 0.188889 0.1375 0.0666667
6 0.69375 0.188889 0.175 0.0666667
6 0.70625 0.177778 0.175 0.0444444
6 0.15625 0.244444 0.175 0.0444444
6 0.16875 0.244444 0.075 0.0444444
6 0.18125 0.233333 0.075 0.0666667
8 0.19375 0.233333 0.075 0.0666667
6 0.26875 0.233333 0.075 0.0666667
8 0.31875 0.233333 0.125 0.0666667
8 0.3 0.233333 0.0625 0.0666667
6 0.39375 0.233333 0.175 0.0222222
6 0.43125 0.233333 0.125 0.0222222
6 0.44375 0.222222 0.125 0.0444444
44 0.425 0.233333 0.1625 0.0222222
6 0.4875 0.244444 0.0625 0.0444444
6 0.49375 0.244444 0.1 0.0444444
6 0.49375 0.233333 0.125 0.0666667
6 0.525 0.233333 0.0875 0.0666667
6 0.53125 0.222222 0.1 0.0444444
6 0.53125 0.211111 0.1 0.0666667
6 0.56875 0.211111 0.175 0.0666667
6 0.55625 0.222222 0.125 0.0444444
5 0.56875 0.222222 0.125 0.0444444
6 0.58125 0.222222 0.125 0.0444444
6 0.65625 0.211111 0.175 0.111111
25 0.69375 0.211111 0.175 0.111111
25 0.7125 0.233333 0.1625 0.0666667
25 0.93125 0.222222 0.125 0.0888889
12 0.96875 0.233333 0.05 0.0222222
12 0.015625 0.244444 0.03125 0.0444444
6 0.43125 0.255556 0.175 0.0666667
6 0.4625 0.244444 0.1875 0.0444444
6 0.5 0.244444 0.0625 0.0444444
6 0.5125 0.244444 0.1625 0.0444444
6 0.55 0.244444 0.1625 0.0444444
6 0.51875 0.244444 0.075 0.0444444
25 0.55625 0.244444 0.1 0.0444444
8 0.60625 0.244444 0.025 0.0444444
4 0.75625 0.233333 0.175 0.0666667
25 0.76875 0.233333 0.175 0.0666667
4 0.79375 0.233333 0.075 0.0666667
6 0.934375 0.233333 0.13125 0.0666667
11 0.95625 0.233333 0.05 0.0666667
11 0.975 0.244444 0.0125 0.0444444
12 0.96875 0.233333 0.05 0.0666667
6 0.4375 0.277778 0.1625 0.0666667
11 0.49375 0.266667 0.125 0.0444444
12 0.46875 0.266667 0 0.0444444
6 0.475 0.266667 0.0375 0.0444444
9 0.50625 0.266667 0 0.0444444
6 0.5125 0.266667 0.0125 0.0444444
12 0.525 0.266667 0.0125 0.0444444
12 0.54375 0.266667 0.025 0.0444444
12 0.55625 0.266667 0.025 0.0444444
12 0.5625 0.266667 0.0125 0.0444444
10 0.575 0.266667 0.0125 0.0444444
2 0.6 0.266667 0.0125 0.0444444
2 0.60625 0.266667 0.025 0.0444444
11 0.61875 0.266667 0.025 0.0444444
21 0.65625 0.266667 0.025 0.0444444
4 0.80625 0.266667 0.025 0.0444444
11 0.9625 0.266667 0.0375 0.0444444
8 0.021875 0.3 0.04375 0.0666667
6 0.39375 0.277778 0.175 0.0666667
6 0.5 0.277778 0.0875 0.0666667
6 0.525 0.277778 0.1375 0.0666667
6 0.525 0.277778 0.0375 0.0666667
11 0.61875 0.277778 0.025 0.0666667
23 0.65625 0.288889 0.175 0.0888889
11 0.6625 0.288889 0.0375 0.0444444
21 0.6875 0.277778 0.0375 0.0666667
23 0.7 0.288889 0.0625 0.0444444
23 0.7 0.3 0.0625 0.0666667
23 0.7375 0.288889 0.0625 0.0888889
4 0.7875 0.288889 0.1375 0.0888889
23 0.80625 0.3 0.15 0.0666667
23 0.8 0.288889 0.0625 0.0444444
6 0.8 0.288889 0.0625 0.0444444
6 0.8375 0.288889 0.1375 0.0444444
6 0.8625 0.288889 0.1125 0.0444444
6 0.85625 0.288889 0.075 0.0444444
4 0.86875 0.288889 0.1 0.0444444
4 0.91875 0.288889 0.125 0.0444444
6 0.90625 0.288889 0.075 0.0444444
6 0.89375 0.288889 0.125 0.0444444
6 0.36875 0.322222 0.175 0.0666667
6 0.55 0.3 0.1625 0.111111
25 0.625 0.288889 0.1375 0.0888889
6 0.63125 0.311111 0.125 0.0444444
