22 0.028125 0.0111111 0.05625 0.0222222
6 0.046875 0.0111111 0.09375 0.0222222
6 0.1 0.0111111 0.1125 0.0222222
1 0.1125 0.0111111 0.1125 0.0222222
2 0.125 0.0111111 0.1125 0.0222222
6 0.15 0.0111111 0.1625 0.0222222
1 0.16875 0.0111111 0.175 0.0222222
1 0.20625 0.0111111 0.1 0.0222222
1 0.225 0.0111111 0.1125 0.0222222
1 0.28125 0.0111111 0.175 0.0222222
1 0.31875 0.0111111 0.2 0.0222222
1 0.38125 0.0111111 0.175 0.0222222
1 0.375 0.0111111 0.0875 0.0222222
1 0.425 0.0111111 0.1875 0.0222222
1 0.4625 0.0111111 0.1875 0.0222222
1 0.4625 0.0111111 0.1125 0.0222222
2 0.475 0.0111111 0.1125 0.0222222
5 0.51875 0.0111111 0.175 0.0222222
1 0.525 0.0111111 0.1875 0.0222222
6 0.525 0.0111111 0.1375 0.0222222
1 0.5625 0.0111111 0.1875 0.0222222
1 0.5625 0.0111111 0.1375 0.0222222
1 0.60625 0.0111111 0.1 0.0222222
6 0.625 0.0111111 0.1125 0.0222222
6 0.65 0.0111111 0.1125 0.0222222
6 0.6875 0.0111111 0.1125 0.0222222
1 0.7 0.0111111 0.1125 0.0222222
1 0.725 0.0111111 0.1125 0.0222222
1 0.75 0.0111111 0.1125 0.0222222
6 0.7625 0.0222222 0.1375 0.0444444
4 0.7875 0.0222222 0.1125 0.0444444
6 0.8375 0.0111111 0.1125 0.0222222
5 0.85 0.0111111 0.1125 0.0222222
6 0.8625 0.0111111 0.1125 0.0222222
6 0.8875 0.0111111 0.1125 0.0222222
6 0.9375 0.0111111 0.1125 0.0222222
2 0.946875 0.0111111 0.10625 0.0222222
6 0.953125 0.0111111 0.09375 0.0222222
2 0.021875 0.0222222 0.04375 0.0444444
22 0.071875 0.0222222 0.14375 0.0444444
6 0.1375 0.0222222 0.1625 0.0444444
1 0.19375 0.0222222 0.2 0.0444444
1 0.2 0.0222222 0.1875 0.0444444
1 0.2125 0.0222222 0.1125 0.0444444
1 0.25 0.0222222 0.1625 0.0444444
1 0.28125 0.0222222 0.175 0.0444444
1 0.325 0.0222222 0.1875 0.0444444
1 0.325 0.0222222 0.0875 0.0444444
3 0.3375 0.0222222 0.0875 0.0444444
1 0.375 0.0222222 0.1625 0.0444444
1 0.375 0.0222222 0.0875 0.0444444
22 0.41875 0.0222222 0.175 0.0444444
22 0.45625 0.0222222 0.175 0.0444444
1 0.48125 0.0222222 0.175 0.0444444
2 0.46875 0.0222222 0.125 0.0444444
6 0.525 0.0222222 0.1625 0.0444444
7 0.5375 0.0222222 0.1875 0.0444444
22 0.56875 0.0222222 0.175 0.0444444
7 0.59375 0.0222222 0.125 0.0444444
7 0.61875 0.0222222 0.15 0.0444444
7 0.6625 0.0222222 0.1125 0.0444444
7 0.7 0.0222222 0.1125 0.0444444
1 0.7375 0.0222222 0.1625 0.0444444
1 0.75 0.0222222 0.1625 0.0444444
22 0.78125 0.0222222 0.175 0.0444444
22 0.7875 0.0222222 0.1125 0.0444444
2 0.946875 0.0222222 0.10625 0.0444444
22 0.021875 0.0333333 0.04375 0.0666667
6 0.125 0.0444444 0.1125 0.0444444
6 0.16875 0.0444444 0.175 0.0444444
1 0.19375 0.0444444 0.175 0.0444444
1 0.20625 0.0444444 0.1 0.0444444
2 0.25625 0.0444444 0.15 0.0444444
1 0.26875 0.0444444 0.15 0.0444444
1 0.3 0.0333333 0.1875 0.0666667
1 0.29375 0.0333333 0.125 0.0666667
1 0.33125 0.0444444 0.1 0.0444444
1 0.36875 0.0444444 0.15 0.0444444
1 0.38125 0.0333333 0.1 0.0666667
1 0.41875 0.0333333 0.175 0.0666667
1 0.4375 0.0444444 0.1625 0.0444444
6 0.45625 0.0333333 0.175 0.0666667
1 0.45 0.0333333 0.1125 0.0666667
2 0.48125 0.0333333 0.1 0.0666667
2 0.525 0.0222222 0.1625 0.0444444
1 0.54375 0.0222222 0.175 0.0444444
1 0.5625 0.0333333 0.1875 0.0666667
2 0.575 0.0333333 0.1125 0.0666667
6 0.60625 0.0444444 0.175 0.0444444
6 0.7125 0.0444444 0.1125 0.0444444
6 0.7375 0.0444444 0.0875 0.0444444
2 0.775 0.0444444 0.1625 0.0444444
7 0.7875 0.0333333 0.1625 0.0666667
22 0.021875 0.0444444 0.04375 0.0888889
22 0.03125 0.0444444 0.025 0.0444444
2 0.05625 0.0444444 0.075 0.0444444
7 0.075 0.0555556 0.0625 0.0222222
7 0.06875 0.0444444 0.1 0.0444444
7 0.1 0.0555556 0.1625 0.0222222
7 0.125 0.0444444 0.1125 0.0444444
7 0.175 0.0444444 0.1625 0.0444444
7 0.1875 0.0333333 0.1625 0.0666667
7 0.20625 0.0666667 0.1 0.0444444
1 0.2125 0.0666667 0.1125 0.0444444
6 0.25 0.0666667 0.1625 0.0444444
7 0.275 0.0666667 0.1625 0.0444444
1 0.29375 0.0666667 0.125 0.0444444
7 0.33125 0.0666667 0.1 0.0444444
1 0.36875 0.0666667 0.15 0.0444444
7 0.375 0.0444444 0.1625 0.0888889
1 0.425 0.0333333 0.1125 0.0666667
7 0.4125 0.0333333 0.0625 0.0666667
7 0.4625 0.0333333 0.1125 0.0666667
7 0.45 0.0333333 0.1625 0.0666667
2 0.475 0.0333333 0.1625 0.0666667
2 0.5125 0.0333333 0.1625 0.0666667
2 0.575 0.0333333 0.1625 0.0666667
2 0.6125 0.0333333 0.1125 0.0666667
2 0.6125 0.0333333 0.1625 0.0666667
2 0.64375 0.0555556 0.125 0.0222222
2 0.63125 0.0555556 0.075 0.0222222
2 0.65 0.0555556 0.0625 0.0222222
2 0.6625 0.0444444 0.0625 0.0444444
1 0.66875 0.0444444 0.075 0.0444444
1 0.66875 0.0666667 0.1 0.0444444
2 0.675 0.0444444 0.1125 0.0444444
2 0.7 0.0444444 0.1125 0.0444444
6 0.7375 0.0555556 0.0875 0.0222222
6 0.74375 0.0333333 0.1 0.0666667
7 0.8 0.0333333 0.1125 0.0666667
7 0.825 0.0333333 0.1125 0.0666667
2 0.8375 0.0555556 0.0625 0.0222222
2 0.85625 0.0444444 0.075 0.0444444
2 0.875 0.0333333 0.0625 0.0666667
7 0.9 0.0333333 0.0625 0.0666667
7 0.9125 0.0333333 0.0625 0.0666667
1 0.959375 0.0333333 0.08125 0.0666667
7 0.959375 0.0444444 0.08125 0.0444444
19 0.996875 0.0555556 0.00625 0.0666667
21 0.021875 0.0777778 0.04375 0.0666667
19 0.03125 0.0666667 0.025 0.0444444
7 0.05 0.0666667 0.0625 0.0444444
2 0.05625 0.0666667 0.075 0.0444444
7 0.075 0.0666667 0.1125 0.0444444
2 0.11875 0.0666667 0.075 0.0444444
7 0.13125 0.0666667 0.075 0.0444444
7 0.175 0.0666667 0.0625 0.0444444
7 0.1875 0.0777778 0.0625 0.0222222
7 0.16875 0.0888889 0.125 0.0444444
7 0.2 0.0888889 0.0875 0.0444444
2 0.21875 0.0888889 0.1 0.0444444
2 0.2375 0.0777778 0.1125 0.0666667
2 0.25625 0.0888889 0.125 0.0444444
7 0.26875 0.0888889 0.125 0.0444444
7 0.3 0.0777778 0.1125 0.0666667
1 0.325 0.0666667 0.0875 0.0444444
2 0.3375 0.0666667 0.0875 0.0444444
2 0.36875 0.0666667 0.15 0.0444444
7 0.35625 0.0666667 0.125 0.0444444
2 0.425 0.0777778 0.1125 0.0222222
2 0.4125 0.0777778 0.0625 0.0222222
7 0.425 0.0666667 0.0625 0.0444444
7 0.4375 0.0666667 0.0625 0.0444444
7 0.44375 0.0666667 0.175 0.0444444
7 0.4625 0.0777778 0.1625 0.0222222
2 0.5 0.0777778 0.1125 0.0222222
7 0.51875 0.0777778 0.125 0.0222222
6 0.5125 0.0777778 0.0625 0.0222222
6 0.5 0.0777778 0.1125 0.0222222
7 0.53125 0.0777778 0.075 0.0222222
7 0.51875 0.0888889 0.125 0.0444444
7 0.575 0.0888889 0.1625 0.0444444
2 0.61875 0.0777778 0.075 0.0222222
2 0.60625 0.0777778 0.125 0.0222222
2 0.65 0.0666667 0.0625 0.0444444
2 0.6625 0.0666667 0.0625 0.0444444
2 0.675 0.0666667 0.0625 0.0444444
2 0.69375 0.0555556 0.15 0.0666667
7 0.68125 0.0555556 0.125 0.0666667
2 0.70625 0.0666667 0.125 0.0444444
2 0.74375 0.0777778 0.1 0.0222222
7 0.75 0.0777778 0.1125 0.0222222
7 0.7875 0.0777778 0.0625 0.0222222
2 0.8375 0.0666667 0.0625 0.0444444
7 0.84375 0.0666667 0.075 0.0444444
7 0.8375 0.0666667 0.1125 0.0444444
7 0.9 0.0666667 0.0625 0.0444444
19 0.99375 0.0777778 0 0.0222222
18 0.021875 0.0777778 0.04375 0.0666667
19 0.0375 0.0888889 0.0375 0.0444444
2 0.04375 0.0777778 0.075 0.0666667
2 0.0625 0.0888889 0.0875 0.0444444
2 0.06875 0.0777778 0.1 0.0666667
2 0.09375 0.0777778 0.125 0.0666667
2 0.11875 0.0777778 0.125 0.0666667
2 0.15625 0.0888889 0.075 0.0444444
2 0.18125 0.0888889 0.075 0.0444444
7 0.175 0.0777778 0.1125 0.0666667
7 0.20625 0.0777778 0.075 0.0666667
7 0.2625 0.0777778 0.1125 0.0666667
7 0.225 0.0777778 0.1125 0.0666667
7 0.29375 0.0777778 0.175 0.0666667
7 0.3375 0.0777778 0.0625 0.0666667
7 0.35 0.0777778 0.0625 0.0666667
7 0.36875 0.0777778 0.15 0.0666667
2 0.375 0.0777778 0.1625 0.0666667
7 0.40625 0.1 0.075 0.0222222
7 0.425 0.1 0.1625 0.0222222
7 0.4125 0.1 0.1125 0.0222222
7 0.45625 0.1 0.175 0.0222222
7 0.50625 0.1 0.175 0.0222222
7 0.5125 0.0777778 0.1625 0.0666667
6 0.54375 0.0777778 0.175 0.0666667
7 0.56875 0.0777778 0.175 0.0666667
2 0.60625 0.0888889 0.175 0.0444444
7 0.60625 0.0888889 0.125 0.0444444
7 0.63125 0.0888889 0.125 0.0444444
7 0.66875 0.0888889 0.1 0.0444444
7 0.66875 0.1 0.125 0.0666667
7 0.68125 0.0888889 0.125 0.0888889
2 0.70625 0.0777778 0.125 0.0666667
2 0.74375 0.0777778 0.075 0.0666667
2 0.74375 0.0888889 0.1 0.0444444
2 0.76875 0.0888889 0.1 0.0444444
2 0.7875 0.0888889 0.0875 0.0444444
7 0.8 0.0777778 0.1125 0.0666667
2 0.8125 0.0777778 0.1125 0.0666667
2 0.85 0.0777778 0.1125 0.0666667
7 0.85625 0.0777778 0.125 0.0666667
7 0.9375 0.0777778 0.1125 0.0666667
7 0.921875 0.0777778 0.15625 0.0666667
19 0.990625 0.0777778 0.01875 0.0666667
2 0.021875 0.1 0.04375 0.0666667
2 0.03125 0.1 0.025 0.0666667
2 0.04375 0.1 0.075 0.0666667
2 0.05 0.1 0.0875 0.111111
2 0.0625 0.111111 0.0875 0.0444444
2 0.06875 0.1 0.1 0.0666667
7 0.075 0.111111 0.1125 0.0444444
2 0.11875 0.111111 0.05 0.0444444
2 0.1 0.111111 0.0875 0.0444444
2 0.11875 0.111111 0.125 0.0444444
2 0.15625 0.111111 0.075 0.0444444
7 0.18125 0.111111 0.05 0.0444444
7 0.19375 0.111111 0.075 0.0444444
7 0.2125 0.122222 0.0625 0.0222222
7 0.225 0.122222 0.0625 0.0222222
7 0.2375 0.122222 0.0625 0.0222222
7 0.25 0.122222 0.0625 0.0222222
7 0.2625 0.122222 0.0625 0.0222222
7 0.275 0.111111 0.0625 0.0444444
7 0.25625 0.111111 0.125 0.0444444
7 0.2875 0.111111 0.1125 0.0444444
7 0.3375 0.122222 0.0625 0.0222222
7 0.35 0.122222 0.0625 0.0222222
7 0.3625 0.122222 0.0625 0.0222222
7 0.35 0.122222 0.1125 0.0222222
6 0.39375 0.111111 0.175 0.0444444
7 0.40625 0.122222 0.075 0.0222222
7 0.425 0.122222 0.0625 0.0222222
7 0.4125 0.133333 0.1125 0.0444444
7 0.5875 0.111111 0.1125 0.0444444
7 0.61875 0.111111 0.125 0.0444444
6 0.64375 0.1 0.125 0.0666667
6 0.66875 0.1 0.1 0.0666667
7 0.74375 0.1 0.1 0.0666667
2 0.75625 0.111111 0.15 0.0888889
2 0.79375 0.111111 0.175 0.0888889
7 0.79375 0.1 0.125 0.0666667
7 0.9 0.0888889 0.0625 0.0888889
2 0.03125 0.133333 0.025 0.0444444
2 0.04375 0.122222 0.075 0.0666667
2 0.05625 0.133333 0.075 0.0444444
2 0.06875 0.122222 0.1 0.0666667
2 0.1 0.122222 0.0875 0.0666667
2 0.10625 0.133333 0.1 0.0444444
2 0.11875 0.144444 0.125 0.0222222
2 0.15625 0.144444 0.075 0.0222222
2 0.175 0.144444 0.0625 0.0222222
2 0.19375 0.144444 0.075 0.0222222
2 0.21875 0.144444 0.05 0.0222222
2 0.2375 0.144444 0.1375 0.0222222
2 0.2625 0.122222 0.0625 0.0666667
2 0.25625 0.122222 0.125 0.0666667
7 0.26875 0.122222 0.125 0.0666667
2 0.29375 0.122222 0.125 0.0666667
2 0.3375 0.122222 0.0625 0.0666667
2 0.35 0.122222 0.0625 0.0666667
2 0.36875 0.122222 0.15 0.0666667
2 0.34375 0.122222 0.1 0.0666667
7 0.35625 0.122222 0.125 0.0666667
7 0.39375 0.122222 0.1 0.0666667
7 0.425 0.122222 0.0625 0.0666667
7 0.41875 0.122222 0.1 0.0666667
7 0.46875 0.122222 0.175 0.0666667
7 0.75 0.133333 0.1125 0.0444444
7 0.75 0.122222 0.1375 0.0666667
7 0.775 0.111111 0.1125 0.0888889
7 0.80625 0.122222 0.175 0.0666667
7 0.825 0.144444 0.0625 0.0222222
