23 0.87614 0.0391732 0.101401 0.0783464
12 0.593977 0.0463965 0.0531836 0.092793
11 0.805843 0.0536401 0.108241 0.10728
74 0.841354 0.046028 0.130253 0.0920559
23 0.873362 0.0454902 0.0835072 0.0909803
2 0.589423 0.0692563 0.060008 0.118543
12 0.590245 0.0557328 0.0660716 0.0758729
11 0.674104 0.0572871 0.172231 0.070568
12 0.708033 0.0352789 0.0724292 0.06108
11 0.765827 0.0376302 0.157556 0.0540446
12 0.762565 0.0367216 0.137664 0.0513067
6 0.76917 0.0440317 0.0989686 0.0836254
6 0.773888 0.0470599 0.0853054 0.0501635
11 0.83714 0.0340619 0.138485 0.0652917
11 0.820269 0.0362142 0.075762 0.0589872
23 0.876538 0.0524113 0.0650883 0.104823
10 0.894134 0.0487488 0.0492424 0.0974976
10 0.882153 0.0408651 0.0745214 0.0817302
12 0.594256 0.0714117 0.0513836 0.127334
12 0.620512 0.0642181 0.0782677 0.087462
11 0.719083 0.0351548 0.0498689 0.0673839
10 0.782231 0.0557711 0.0231077 0.0671947
10 0.84233 0.0456416 0.170326 0.0910816
23 0.874847 0.0750928 0.0622787 0.145931
10 0.886611 0.0737566 0.0561085 0.147513
10 0.328532 0.0980183 0.0371646 0.132953
10 0.32811 0.0811963 0.0294709 0.067269
9 0.427393 0.0416217 0.0401246 0.0832433
6 0.621369 0.0723316 0.0687847 0.0598445
4 0.622707 0.0727054 0.0577281 0.0562921
9 0.640224 0.0826005 0.0267374 0.0522893
2 0.675441 0.0799013 0.0360649 0.0702664
9 0.71218 0.070738 0.0342978 0.0551201
6 0.756021 0.0794215 0.100487 0.0700102
6 0.757532 0.0721836 0.0264517 0.0589513
6 0.78902 0.072358 0.103881 0.0558338
9 0.781159 0.0639485 0.0235334 0.0680745
10 0.318517 0.101974 0.0343721 0.116177
6 0.643754 0.0874351 0.0237401 0.046506
2 0.665497 0.0932258 0.0540882 0.0573125
2 0.668315 0.104607 0.0514221 0.0678029
2 0.675822 0.120482 0.0397861 0.0691134
6 0.75711 0.114799 0.098214 0.140541
6 0.768831 0.0748678 0.0995323 0.0644636
6 0.783689 0.113347 0.104938 0.141556
6 0.797395 0.0654748 0.107367 0.0828034
23 0.892226 0.110989 0.102544 0.221529
23 0.876925 0.10723 0.0413589 0.213283
10 0.310869 0.0967856 0.0441337 0.0936659
10 0.405055 0.107582 0.0524805 0.139826
10 0.424094 0.0904015 0.0282071 0.134912
30 0.587277 0.109322 0.0619462 0.0769446
2 0.704544 0.132963 0.0775079 0.0656818
6 0.782605 0.105923 0.102711 0.211846
6 0.869704 0.121451 0.105483 0.200884
6 0.718501 0.155561 0.10027 0.0444551
6 0.882179 0.164326 0.106308 0.0988665
10 0.205171 0.169748 0.0796513 0.106871
10 0.496349 0.187755 0.0302523 0.0644022
10 0.491766 0.179565 0.0295847 0.048019
10 0.521334 0.188311 0.0139103 0.0655112
10 0.535914 0.188944 0.0146372 0.0667773
9 0.713817 0.195313 0.139235 0.123963
10 0.199722 0.198641 0.0650804 0.129005
58 0.514478 0.198576 0.117188 0.0422997
10 0.494978 0.178817 0.0250497 0.0758018
10 0.504993 0.178869 0.0148461 0.0478017
10 0.536293 0.233016 0.013862 0.154933
10 0.543608 0.22666 0.00767403 0.168136
11 0.775243 0.187969 0.0629856 0.188972
58 0.0358706 0.195646 0.0717412 0.241095
10 0.0816164 0.214994 0.0906766 0.0352717
10 0.0811723 0.156436 0.0749257 0.160526
10 0.103769 0.186151 0.0364423 0.0945646
10 0.11755 0.199189 0.046538 0.0768547
6 0.681256 0.205813 0.0752338 0.142204
10 0.781245 0.192691 0.0749645 0.163323
11 0.787527 0.232885 0.0625551 0.154678
9 0.870253 0.22171 0.0979206 0.130745
6 0.876231 0.209996 0.0830917 0.108294
6 0.68155 0.244918 0.0756014 0.0453981
11 0.786164 0.210096 0.0848276 0.164212
12 0.791717 0.251255 0.070935 0.166114
12 0.841095 0.237721 0.104334 0.143675
10 0.843701 0.236906 0.0741516 0.150359
6 0.85326 0.2172 0.0690781 0.104757
6 0.893895 0.219062 0.108928 0.16733
12 0.191179 0.252327 0.127443 0.0985806
9 0.782678 0.261423 0.0987841 0.17482
10 0.830576 0.256415 0.0986519 0.0887571
9 0.830815 0.245276 0.0494644 0.0920002
12 0.898146 0.254907 0.165229 0.100899
6 0.778932 0.283274 0.0954153 0.174161
9 0.787663 0.280379 0.0616236 0.107354
6 0.781359 0.267742 0.0493706 0.131436
6 0.821797 0.270394 0.10696 0.122048
9 0.834576 0.251417 0.0737841 0.0894507
6 0.854861 0.266332 0.0748253 0.088287
12 0.903494 0.279623 0.168483 0.12772
10 0.922609 0.277993 0.0283413 0.0681111
12 0.934021 0.298127 0.0376633 0.105132
58 0.0973222 0.290923 0.0311956 0.0482693
9 0.160441 0.295791 0.06931 0.101928
9 0.177659 0.292631 0.042311 0.0962407
12 0.490381 0.307779 0.063697 0.126155
12 0.500162 0.335811 0.0626671 0.182835
6 0.780236 0.300994 0.0980204 0.110523
4 0.776882 0.293474 0.0837297 0.097615
2 0.792841 0.305237 0.0981442 0.100003
4 0.822985 0.281797 0.134238 0.148742
6 0.842048 0.302092 0.0970631 0.175459
6 0.839099 0.310962 0.0842543 0.135636
6 0.879273 0.29528 0.111438 0.142933
9 0.903261 0.29015 0.16095 0.150097
10 0.936716 0.300631 0.126569 0.110863
12 0.930497 0.300464 0.110135 0.10935
11 0.498683 0.332132 0.0845609 0.175488
11 0.505529 0.373446 0.0736845 0.258035
12 0.511312 0.338488 0.0606003 0.212646
6 0.76045 0.299843 0.0590799 0.110506
2 0.774299 0.30247 0.0759596 0.106151
6 0.781174 0.339691 0.0751473 0.0599885
6 0.827872 0.334248 0.168776 0.0868678
4 0.832106 0.33309 0.17564 0.0885049
2 0.808559 0.330876 0.0808514 0.0950964
4 0.846572 0.308513 0.0806873 0.137753
4 0.870126 0.298002 0.110507 0.158069
9 0.893233 0.312345 0.068774 0.108622
75 0.900209 0.310646 0.0738327 0.0882412
6 0.208273 0.352449 0.0527079 0.0608616
6 0.21416 0.336619 0.059174 0.0421404
6 0.299656 0.325562 0.0605198 0.0708346
6 0.324181 0.330811 0.0647354 0.0641624
9 0.34995 0.334973 0.104053 0.0790984
6 0.775053 0.355726 0.0626357 0.0891917
4 0.785172 0.347434 0.0921885 0.0660995
4 0.813044 0.355489 0.0598125 0.0616659
4 0.818772 0.362159 0.0500355 0.0581453
4 0.827342 0.354028 0.0677483 0.0849373
4 0.837558 0.35937 0.0833581 0.0952293
4 0.853698 0.336564 0.0949844 0.185082
9 0.901833 0.342376 0.0828131 0.148845
12 0.20493 0.368597 0.0485204 0.106906
12 0.247427 0.367755 0.12915 0.112024
6 0.299871 0.370838 0.0630164 0.108866
4 0.313531 0.380937 0.0611058 0.0872149
2 0.347661 0.40182 0.102152 0.12855
4 0.335724 0.358285 0.0581883 0.0545763
12 0.481231 0.374729 0.099999 0.0966782
12 0.719637 0.377395 0.0770901 0.134446
12 0.747828 0.372698 0.117994 0.0995913
12 0.800441 0.376924 0.136378 0.0905423
9 0.813677 0.380229 0.0601469 0.0738429
4 0.822316 0.386349 0.0544397 0.0619209
4 0.832557 0.389045 0.0551624 0.0670125
4 0.851978 0.392842 0.0678555 0.0782973
4 0.870508 0.387412 0.0577324 0.07055
9 0.879781 0.360689 0.0399881 0.078191
6 0.307246 0.406936 0.0729693 0.122041
6 0.321601 0.408733 0.0538348 0.124803
12 0.403299 0.39193 0.179263 0.144319
12 0.487535 0.377688 0.229608 0.126913
2 0.649704 0.40793 0.0393139 0.0603061
2 0.663265 0.407398 0.012727 0.0592728
12 0.778543 0.397981 0.0906722 0.085046
2 0.787767 0.39996 0.0895484 0.0890028
12 0.812632 0.394913 0.062278 0.0802258
9 0.82659 0.389305 0.0626545 0.0675086
6 0.839437 0.390997 0.0586205 0.0707575
4 0.846883 0.39675 0.0452263 0.0770811
6 0.868854 0.388355 0.0498756 0.0683088
12 0.940756 0.386421 0.118489 0.121247
12 0.930324 0.388666 0.0751518 0.112538
12 0.0844057 0.419763 0.0774149 0.124711
12 0.0923521 0.402521 0.075536 0.173338
6 0.265301 0.431726 0.0582247 0.0712198
10 0.337964 0.412597 0.0640215 0.161878
12 0.40088 0.409563 0.183049 0.0804545
2 0.657241 0.407416 0.0253004 0.0592834
14 0.779798 0.402873 0.0842213 0.0939481
6 0.789826 0.411278 0.0785788 0.110701
9 0.831231 0.397782 0.0747979 0.0836763
6 0.844597 0.402606 0.0483589 0.0921165
6 0.859539 0.417292 0.0672104 0.122006
6 0.875021 0.417681 0.037565 0.121336
6 0.899922 0.412332 0.0856043 0.142304
6 0.910763 0.414223 0.0837894 0.119888
14 0.927305 0.405844 0.0920963 0.120343
9 0.0301452 0.466533 0.0602904 0.133066
12 0.103991 0.448743 0.0955844 0.165987
12 0.114353 0.443121 0.06549 0.17098
9 0.268791 0.433594 0.0681915 0.0655724
4 0.773945 0.424014 0.112605 0.128658
21 0.837453 0.41189 0.0625946 0.0954361
10 0.843773 0.42074 0.0499546 0.0898816
10 0.861421 0.432815 0.0645977 0.1244
6 0.871405 0.404746 0.0461506 0.167465
6 0.881036 0.411197 0.0495636 0.157727
21 0.922882 0.432539 0.0832855 0.109742
4 0.0218794 0.477888 0.0437589 0.0686902
6 0.0231608 0.490726 0.0463217 0.0957908
6 0.0281681 0.488343 0.0563361 0.110337
12 0.0877898 0.462813 0.0869896 0.169219
9 0.101005 0.444617 0.0888006 0.126717
9 0.106251 0.43356 0.0469254 0.104201
9 0.138358 0.444328 0.0668221 0.0929956
9 0.151201 0.447531 0.0660183 0.104178
9 0.162211 0.443435 0.062689 0.0979043
9 0.173989 0.43996 0.0601329 0.096265
6 0.187297 0.433969 0.0604226 0.101689
6 0.198836 0.44149 0.060277 0.106593
6 0.209857 0.449661 0.0570743 0.0937349
6 0.229894 0.440023 0.0727429 0.0735454
6 0.254292 0.455537 0.0512837 0.0704055
9 0.259222 0.442469 0.0534188 0.080614
9 0.366704 0.439169 0.0541156 0.0728918
4 0.405878 0.468501 0.0745625 0.0879759
21 0.859613 0.454008 0.0681538 0.156571
21 0.872446 0.446074 0.0581657 0.186236
6 0.913284 0.443154 0.0917429 0.131823
6 0.919675 0.467177 0.16065 0.0919969
9 0.025049 0.481264 0.037435 0.100233
2 0.0281067 0.495349 0.0562134 0.111245
9 0.0842171 0.506548 0.0871985 0.0924224
9 0.106017 0.468085 0.0372045 0.083876
9 0.120124 0.434136 0.072021 0.107257
6 0.130932 0.466051 0.0619223 0.136141
6 0.156367 0.471397 0.0943132 0.121046
6 0.16273 0.502477 0.0776036 0.1045
6 0.165049 0.481111 0.0658586 0.153896
9 0.186019 0.465854 0.0335004 0.0348393
6 0.184924 0.439681 0.0335558 0.0955846
6 0.196426 0.482246 0.0456631 0.169329
6 0.25745 0.446481 0.0535337 0.125381
10 0.264796 0.483517 0.0674771 0.208921
10 0.278935 0.491279 0.0737218 0.160801
9 0.366461 0.478249 0.0543075 0.131669
6 0.405924 0.504927 0.0739523 0.0828708
12 0.442377 0.488057 0.0568851 0.111772
12 0.493913 0.46285 0.150461 0.140509
21 0.889181 0.486649 0.0762707 0.11363
21 0.905648 0.484356 0.0738838 0.108149
6 0.916187 0.474487 0.0705765 0.115163
6 0.915928 0.486568 0.133518 0.0901735
9 0.0253785 0.490229 0.0423064 0.129836
2 0.0298087 0.516646 0.0528791 0.0785697
9 0.0311513 0.523446 0.0501974 0.0711012
6 0.0825786 0.528057 0.0772801 0.0783937
6 0.118496 0.533157 0.0756072 0.0983003
6 0.136762 0.539081 0.0390839 0.110491
6 0.140345 0.532306 0.0420884 0.0882293
6 0.153278 0.522498 0.0549049 0.104813
9 0.248043 0.476749 0.0565924 0.0550896
9 0.25238 0.504329 0.0636136 0.0855733
12 0.391646 0.50328 0.0764915 0.109397
12 0.403111 0.511777 0.0747857 0.109
6 0.419311 0.516181 0.0537446 0.0848584
9 0.54378 0.528662 0.0545708 0.125159
21 0.887969 0.514505 0.123701 0.166562
9 0.920904 0.521982 0.0680275 0.0662014
9 0.0835099 0.540678 0.0760104 0.0739009
6 0.0846749 0.54606 0.0789941 0.0699094
4 0.0875167 0.548139 0.0724756 0.0740626
6 0.127203 0.561116 0.0349684 0.100066
6 0.131513 0.555088 0.0248148 0.0901966
9 0.137892 0.518958 0.0373702 0.0601983
9 0.162214 0.539932 0.0620906 0.10209
9 0.172656 0.54917 0.0663744 0.119005
6 0.187208 0.540016 0.0610734 0.128837
6 0.193689 0.526811 0.049999 0.0738205
6 0.208801 0.546838 0.0697653 0.107329
9 0.257297 0.526317 0.0749084 0.0871814
12 0.267927 0.538129 0.0730163 0.0903186
12 0.274013 0.54777 0.0605421 0.074172
12 0.33794 0.502911 0.0613663 0.0872906
9 0.345082 0.504377 0.0492533 0.0775142
9 0.373947 0.497582 0.059879 0.0918705
12 0.392193 0.512019 0.0533635 0.0901658
6 0.424779 0.528284 0.0620934 0.120373
6 0.432242 0.545203 0.0505214 0.129139
21 0.539838 0.503701 0.0456188 0.0776787
21 0.893644 0.503841 0.0748295 0.16323
12 0.0692581 0.546496 0.0737032 0.0718204
6 0.0978035 0.554996 0.0593678 0.0459912
4 0.0942937 0.55564 0.0686536 0.0451338
6 0.107231 0.563163 0.0689826 0.0752037
6 0.131507 0.546893 0.0466141 0.0716109
9 0.140814 0.544932 0.0326577 0.0710922
9 0.159387 0.538828 0.0437349 0.099202
9 0.190781 0.557214 0.0559219 0.14389
6 0.193717 0.572968 0.0500652 0.0793235
6 0.227147 0.562692 0.0817505 0.14527
6 0.244542 0.532756 0.123023 0.15556
12 0.263611 0.513306 0.0647095 0.181002
9 0.32932 0.542753 0.0507746 0.0240185
6 0.337498 0.520427 0.0624911 0.0700343
6 0.343736 0.524621 0.050027 0.0598638
9 0.358732 0.509724 0.0395534 0.0880647
12 0.403002 0.539669 0.0742253 0.0649811
12 0.381964 0.523195 0.130308 0.108558
