4 0.103125 0.0111111 0.20625 0.0222222
4 0.38125 0.0111111 0.2 0.0222222
4 0.3625 0.0111111 0.2875 0.0222222
4 0.4125 0.0111111 0.1875 0.0222222
11 0.425 0 0.1125 0
10 0.44375 0 0.125 0
10 0.475 0 0.0875 0
10 0.49375 0.0111111 0.1 0.0222222
11 0.034375 0.0222222 0.06875 0.0444444
9 0.040625 0.0222222 0.08125 0.0444444
23 0.053125 0.0222222 0.10625 0.0444444
2 0.4 0.0222222 0.0625 0.0444444
4 0.40625 0.0111111 0.05 0.0222222
19 0.40625 0.0111111 0.025 0.0222222
29 0.41875 0.0111111 0.025 0.0222222
29 0.45 0.0111111 0.0625 0.0222222
25 0.45625 0.0111111 0.05 0.0222222
21 0.48125 0.0333333 0.125 0.0666667
11 0.5 0.0333333 0.1125 0.0666667
10 0.5 0.0444444 0.1125 0.0888889
11 0.51875 0.0222222 0.075 0.0444444
21 0.525 0.0111111 0.0625 0.0222222
10 0.53125 0.0111111 0.075 0.0222222
11 0.55625 0.0111111 0.1 0.0222222
11 0.6125 0.0333333 0.1125 0.0666667
11 0.65 0.0111111 0.0875 0.0222222
21 0.66875 0.0111111 0.075 0.0222222
23 0.6875 0.0111111 0.0875 0.0222222
11 0.7 0.0111111 0.0875 0.0222222
11 0.70625 0.0111111 0.1 0.0222222
23 0.725 0.0111111 0.1125 0.0222222
21 0.73125 0.0111111 0.125 0.0222222
11 0.8125 0.0111111 0.1125 0.0222222
9 0.03125 0.0222222 0.025 0.0444444
6 0.38125 0.0222222 0.025 0.0444444
19 0.38125 0.0222222 0.05 0.0444444
14 0.39375 0.0333333 0.05 0.0666667
19 0.425 0.0111111 0.0375 0.0222222
21 0.44375 0.0222222 0.075 0.0444444
6 0.4625 0.0444444 0.1125 0.0888889
6 0.48125 0.0555556 0.125 0.0666667
21 0.4875 0.0555556 0.1375 0.0666667
10 0.49375 0.0555556 0.125 0.0666667
21 0.5125 0.0555556 0.0875 0.0666667
8 0.525 0.0555556 0.1125 0.0666667
21 0.53125 0.0555556 0.1 0.0666667
21 0.68125 0.0555556 0.1 0.0666667
21 0.8125 0.0555556 0.1375 0.0666667
21 0.8125 0.0333333 0.1125 0.0666667
9 0.0625 0.0333333 0.1125 0.0666667
8 0.03125 0.0444444 0.05 0.0444444
9 0.03125 0.0444444 0.05 0.0444444
10 0.38125 0.0666667 0.05 0.0888889
21 0.3875 0.0333333 0.0625 0.0666667
21 0.43125 0.0555556 0.1 0.111111
21 0.475 0.0555556 0.1375 0.111111
21 0.51875 0.0666667 0.125 0.0888889
8 0.55 0.0666667 0.1375 0.0888889
8 0.68125 0.0777778 0.1 0.0666667
8 0.6625 0.0777778 0.1125 0.0666667
21 0.7125 0.0555556 0.1125 0.111111
21 0.74375 0.0666667 0.125 0.0888889
8 0.7625 0.0777778 0.1375 0.111111
8 0.7875 0.0555556 0.1125 0.0666667
12 0.7625 0.0555556 0.0375 0.0666667
12 0.7875 0.0444444 0.0625 0.0444444
21 0.7875 0.0444444 0.0625 0.0444444
11 0.79375 0.0444444 0.025 0.0888889
21 0.059375 0.0666667 0.11875 0.0888889
14 0.0625 0.0777778 0.1125 0.0666667
10 0.0375 0.0777778 0.0375 0.0222222
10 0.03125 0.0777778 0.05 0.0666667
10 0.39375 0.0777778 0.025 0.111111
21 0.40625 0.0777778 0.075 0.111111
21 0.425 0.0666667 0.0875 0.133333
21 0.45 0.0888889 0.0625 0.0888889
21 0.475 0.0888889 0.1375 0.0888889
8 0.4875 0.1 0.1125 0.0666667
21 0.50625 0.1 0.125 0.0666667
8 0.525 0.133333 0.0875 0.133333
8 0.5375 0.111111 0.0625 0.177778
8 0.5875 0.0777778 0.0875 0.111111
8 0.60625 0.0555556 0.1 0.0666667
21 0.65 0.0777778 0.0625 0.111111
21 0.675 0.0888889 0.1375 0.0888889
8 0.7 0.0888889 0.1375 0.0888889
21 0.7 0.0888889 0.1125 0.0888889
14 0.725 0.1 0.0875 0.0666667
10 0.75 0.1 0.0625 0.0666667
10 0.75 0.0888889 0.0375 0.0444444
12 0.76875 0.0555556 0.025 0.111111
10 0.7875 0.0555556 0.0625 0.111111
10 0.79375 0.0666667 0.025 0.0444444
10 0.80625 0.0666667 0.025 0.0444444
21 0.059375 0.1 0.11875 0.0666667
10 0.03125 0.0888889 0.025 0.0444444
12 0.0375 0.0888889 0.0375 0.0444444
10 0.39375 0.1 0.1 0.155556
10 0.40625 0.0888889 0.075 0.133333
12 0.41875 0.0888889 0.1 0.0888889
21 0.46875 0.0888889 0.075 0.0888889
10 0.48125 0.111111 0.075 0.0888889
10 0.5 0.111111 0.1125 0.0888889
12 0.5125 0.1 0.0875 0.0666667
10 0.51875 0.1 0.075 0.0666667
8 0.5375 0.1 0.0625 0.0666667
8 0.5375 0.111111 0.0375 0.0444444
8 0.55 0.111111 0.0375 0.0444444
8 0.575 0.122222 0.0875 0.0666667
8 0.58125 0.111111 0.1 0.0888889
8 0.6125 0.111111 0.1125 0.0888889
8 0.5875 0.111111 0.1625 0.0888889
6 0.65 0.111111 0.0625 0.0888889
21 0.65625 0.1 0.075 0.0666667
2 0.6625 0.111111 0.0625 0.0444444
8 0.69375 0.1 0.075 0.0666667
21 0.7125 0.1 0.0875 0.0666667
10 0.725 0.1 0.0625 0.0666667
10 0.7375 0.1 0.0375 0.0666667
10 0.7375 0.133333 0.0375 0.133333
12 0.75625 0.0666667 0.05 0.133333
21 0.78125 0.0666667 0.075 0.133333
11 0.79375 0.0888889 0.025 0.0444444
25 0.80625 0.0888889 0.075 0.0444444
60 0.8 0.1 0.0625 0.0666667
9 0.91875 0.0777778 0.025 0.0666667
6 0.9625 0.111111 0.0625 0.0444444
11 0.9625 0.1 0.0375 0.0222222
26 0.965625 0.0888889 0.06875 0.0444444
21 0.028125 0.1 0.05625 0.0666667
10 0.025 0.111111 0.0125 0.0444444
10 0.36875 0.0888889 0.075 0.133333
10 0.44375 0.1 0.075 0.0666667
21 0.45625 0.111111 0.075 0.0888889
10 0.51875 0.1 0.125 0.0666667
6 0.53125 0.111111 0.05 0.0444444
8 0.58125 0.133333 0.075 0.0888889
6 0.58125 0.122222 0.075 0.111111
8 0.625 0.133333 0.0625 0.0444444
8 0.64375 0.111111 0.075 0.0444444
2 0.65 0.111111 0.0625 0.0444444
2 0.6625 0.111111 0.0375 0.0444444
2 0.6625 0.122222 0.0375 0.0222222
21 0.68125 0.111111 0.075 0.0444444
10 0.7 0.1 0.0625 0.0666667
10 0.7125 0.1 0.0625 0.0666667
10 0.725 0.111111 0.0375 0.0444444
0 0.73125 0.122222 0.05 0.111111
0 0.7375 0.0888889 0.0375 0.0888889
10 0.78125 0.0666667 0.1 0.133333
20 0.7875 0.0888889 0.0875 0.177778
11 0.79375 0.1 0.05 0.0666667
12 0.9 0.111111 0.0125 0.0444444
21 0.965625 0.111111 0.06875 0.0444444
11 0.9625 0.111111 0.0375 0.0444444
11 0.971875 0.111111 0.05625 0.0444444
10 0.4 0.0777778 0.0625 0.155556
10 0.40625 0.0666667 0.1 0.133333
10 0.41875 0.1 0.1 0.111111
10 0.45 0.1 0.0625 0.111111
10 0.4875 0.133333 0.1125 0.133333
10 0.5 0.122222 0.1125 0.155556
10 0.51875 0.1 0.125 0.111111
10 0.54375 0.122222 0.1 0.0666667
0 0.54375 0.122222 0.075 0.0666667
10 0.5375 0.122222 0.0375 0.0666667
10 0.56875 0.122222 0.075 0.0666667
14 0.58125 0.144444 0.05 0.0666667
14 0.59375 0.144444 0.075 0.0666667
14 0.6125 0.122222 0.0625 0.0666667
8 0.625 0.122222 0.0625 0.0666667
8 0.65 0.133333 0.0625 0.0444444
10 0.65625 0.122222 0.075 0.0666667
2 0.6625 0.133333 0.0375 0.0444444
14 0.65625 0.133333 0.025 0.0444444
21 0.6625 0.133333 0.0375 0.0444444
10 0.7 0.111111 0.0625 0.0444444
0 0.70625 0.122222 0.05 0.0666667
21 0.7125 0.122222 0.0375 0.0666667
10 0.71875 0.1 0.05 0.111111
0 0.71875 0.1 0.05 0.111111
0 0.73125 0.1 0.05 0.111111
0 0.74375 0.0777778 0.05 0.155556
14 0.7625 0.1 0.0625 0.155556
21 0.78125 0.1 0.075 0.155556
29 0.8625 0.122222 0.0625 0.0666667
25 0.9125 0.122222 0.0375 0.0666667
25 0.94375 0.133333 0.075 0.0888889
21 0.96875 0.111111 0.05 0.0444444
9 0.95625 0.111111 0.05 0.0444444
11 0.96875 0.133333 0.025 0.0444444
11 0.96875 0.133333 0.05 0.0444444
12 0.4125 0.111111 0.0875 0.222222
21 0.41875 0.1 0.1 0.155556
10 0.45 0.133333 0.0625 0.0888889
21 0.45625 0.155556 0.075 0.133333
10 0.4875 0.111111 0.1125 0.222222
12 0.50625 0.122222 0.1 0.2
10 0.51875 0.155556 0.1 0.133333
10 0.5375 0.133333 0.0875 0.0444444
0 0.54375 0.144444 0.075 0.0666667
10 0.5625 0.144444 0.0625 0.0666667
14 0.575 0.155556 0.0625 0.0444444
21 0.58125 0.155556 0.05 0.0444444
8 0.6 0.155556 0.0375 0.0444444
14 0.64375 0.144444 0.075 0.0666667
10 0.64375 0.133333 0.075 0.0444444
0 0.65 0.122222 0.0625 0.0666667
21 0.65625 0.122222 0.05 0.0666667
21 0.65625 0.144444 0.05 0.111111
20 0.71875 0.144444 0.125 0.0666667
21 0.7 0.144444 0.0375 0.0666667
21 0.7 0.177778 0.0375 0.0888889
12 0.71875 0.144444 0.05 0.0666667
20 0.75625 0.166667 0.05 0.0666667
21 0.78125 0.166667 0.05 0.0666667
6 0.7875 0.166667 0.0375 0.0666667
29 0.8625 0.155556 0.0875 0.0888889
60 0.90625 0.144444 0.05 0.0666667
29 0.925 0.144444 0.0375 0.0666667
21 0.95 0.144444 0.0875 0.0666667
25 0.959375 0.144444 0.08125 0.0666667
10 0.35625 0.2 0.1 0.0888889
10 0.4125 0.188889 0.0875 0.111111
21 0.41875 0.133333 0.1 0.177778
10 0.44375 0.177778 0.075 0.0888889
21 0.45 0.177778 0.0625 0.0888889
21 0.4875 0.155556 0.1125 0.133333
10 0.475 0.122222 0.0625 0.2
10 0.49375 0.133333 0.075 0.222222
21 0.5 0.133333 0.0875 0.222222
21 0.5125 0.144444 0.0875 0.2
21 0.5375 0.166667 0.0875 0.155556
21 0.5625 0.155556 0.1125 0.0444444
21 0.6 0.155556 0.1125 0.0444444
20 0.5875 0.166667 0.0625 0.0666667
6 0.58125 0.166667 0.05 0.0666667
6 0.58125 0.177778 0.05 0.0444444
21 0.625 0.166667 0.0375 0.0666667
0 0.65625 0.155556 0.05 0.0888889
20 0.65625 0.144444 0.05 0.111111
10 0.6625 0.144444 0.0375 0.111111
10 0.69375 0.166667 0.05 0.155556
10 0.70625 0.2 0.025 0.0888889
9 0.7125 0.2 0.0375 0.0888889
12 0.71875 0.2 0.05 0.0888889
25 0.75 0.166667 0.0375 0.0666667
21 0.7625 0.166667 0.0375 0.0666667
6 0.7875 0.177778 0.0375 0.0444444
12 0.41875 0.144444 0.1 0.2
21 0.44375 0.188889 0.075 0.111111
10 0.49375 0.188889 0.1 0.0666667
10 0.475 0.188889 0.0625 0.0666667
12 0.48125 0.133333 0.075 0.177778
11 0.525 0.133333 0.1375 0.177778
21 0.54375 0.2 0.125 0.0888889
20 0.56875 0.177778 0.075 0.0444444
20 0.58125 0.177778 0.05 0.0444444
21 0.58125 0.177778 0.05 0.0444444
21 0.6 0.188889 0.0375 0.0222222
25 0.6375 0.2 0.0625 0.0444444
6 0.64375 0.211111 0.05 0.0222222
10 0.64375 0.211111 0.05 0.0222222
10 0.7125 0.2 0.0375 0.0888889
6 0.71875 0.2 0.05 0.0888889
21 0.775 0.211111 0.0625 0.111111
5 0.028125 0.233333 0.05625 0.0666667
6 0.03125 0.233333 0.05 0.0666667
12 0.3125 0.211111 0.0625 0.0666667
12 0.325 0.211111 0.0625 0.0666667
14 0.3375 0.222222 0.0625 0.0888889
12 0.375 0.222222 0.1125 0.0888889
12 0.34375 0.211111 0.05 0.111111
12 0.3625 0.211111 0.0875 0.111111
10 0.38125 0.2 0.05 0.0888889
10 0.4125 0.222222 0.0875 0.0888889
21 0.44375 0.211111 0.075 0.0666667
21 0.45625 0.2 0.05 0.0888889
10 0.49375 0.211111 0.1 0.0666667
10 0.475 0.211111 0.0625 0.0666667
10 0.48125 0.2 0.075 0.0888889
21 0.5125 0.2 0.1375 0.0888889
21 0.525 0.188889 0.1375 0.111111
10 0.51875 0.188889 0.075 0.111111
21 0.525 0.2 0.0625 0.0888889
21 0.55625 0.222222 0.05 0.0444444
8 0.55625 0.222222 0.05 0.0444444
14 0.55625 0.222222 0.05 0.0444444
25 0.575 0.211111 0.0625 0.0666667
21 0.6375 0.188889 0.1125 0.111111
10 0.64375 0.222222 0.05 0.0444444
11 0.71875 0.2 0.05 0.0888889
14 0.71875 0.211111 0.05 0.111111
14 0.78125 0.2 0.075 0.133333
11 0.95625 0.211111 0.075 0.0666667
11 0.990625 0.222222 0.01875 0.0444444
12 0.3125 0.244444 0.0625 0.0444444
21 0.33125 0.222222 0.075 0.0888889
10 0.34375 0.244444 0.05 0.0444444
12 0.35 0.233333 0.0625 0.111111
