8 0.028125 0.0111111 0.05625 0.0222222
4 0.040625 0.0333333 0.08125 0.0666667
6 0.078125 0.0333333 0.15625 0.0666667
6 0.09375 0.0222222 0.175 0.0444444
11 0.125 0.0222222 0.1625 0.0444444
12 0.984375 0.0111111 0.03125 0.0222222
78 0.959375 0.0222222 0.08125 0.0444444
6 0.053125 0.0555556 0.10625 0.0666667
8 0.028125 0.0555556 0.05625 0.0666667
6 0.053125 0.1 0.10625 0.0666667
8 0.053125 0.122222 0.10625 0.0666667
11 0.028125 0.122222 0.05625 0.0666667
11 0.028125 0.133333 0.05625 0.0444444
4 0.028125 0.133333 0.05625 0.0444444
4 0.4 0.133333 0.1125 0.0888889
11 0.053125 0.144444 0.10625 0.111111
4 0.015625 0.155556 0.03125 0.0888889
21 0.16875 0.155556 0.075 0.0444444
43 0.2375 0.166667 0.1125 0.0666667
8 0.2875 0.166667 0.1625 0.0666667
8 0.053125 0.177778 0.10625 0.0888889
4 0.021875 0.166667 0.04375 0.0666667
6 0.20625 0.177778 0.175 0.0888889
2 0.54375 0.177778 0.075 0.0888889
2 0.55625 0.166667 0.075 0.0666667
2 0.5625 0.155556 0.0875 0.0888889
21 0.71875 0.155556 0.125 0.0888889
11 0.7875 0.188889 0.0625 0.0666667
4 0.053125 0.177778 0.10625 0.0888889
4 0.025 0.2 0.0125 0.0444444
6 0.39375 0.211111 0.175 0.0666667
6 0.4875 0.188889 0.1125 0.111111
2 0.54375 0.177778 0.025 0.0888889
9 0.575 0.177778 0.0875 0.0888889
21 0.58125 0.188889 0.1 0.0666667
2 0.68125 0.177778 0.075 0.0888889
25 0.6875 0.188889 0.1125 0.0666667
25 0.725 0.177778 0.1625 0.0888889
8 0.79375 0.211111 0.15 0.0666667
8 0.7625 0.211111 0.1125 0.0666667
4 0.925 0.188889 0.1125 0.111111
4 0.940625 0.188889 0.11875 0.111111
8 0.98125 0.2 0.025 0.0444444
29 0.95625 0.211111 0.075 0.0666667
8 0.015625 0.233333 0.03125 0.0666667
8 0.025 0.222222 0.0125 0.0444444
6 0.4875 0.211111 0.1125 0.111111
4 0.525 0.222222 0.1625 0.0444444
2 0.53125 0.222222 0.025 0.0444444
2 0.525 0.233333 0.0375 0.0666667
0 0.6125 0.2 0.1125 0.0888889
0 0.6 0.2 0.0625 0.0888889
10 0.64375 0.2 0.1 0.0888889
8 0.68125 0.211111 0.075 0.0666667
10 0.6875 0.211111 0.0875 0.0666667
25 0.71875 0.2 0.15 0.0888889
8 0.96875 0.211111 0.05 0.0666667
29 0.98125 0.222222 0.025 0.0444444
8 0.028125 0.255556 0.05625 0.0666667
11 0.015625 0.244444 0.03125 0.0444444
44 0.1625 0.255556 0.0875 0.0666667
32 0.16875 0.255556 0.1 0.0666667
6 0.39375 0.255556 0.125 0.0666667
6 0.40625 0.244444 0.125 0.0444444
6 0.41875 0.255556 0.125 0.0666667
6 0.46875 0.255556 0.175 0.0666667
6 0.46875 0.244444 0.075 0.0444444
9 0.53125 0.233333 0.025 0.0666667
10 0.56875 0.233333 0.05 0.0666667
8 0.5875 0.233333 0.1375 0.0666667
12 0.58125 0.244444 0.1 0.0444444
11 0.89375 0.255556 0.025 0.0666667
44 0.75625 0.266667 0.075 0.0444444
8 0.021875 0.288889 0.04375 0.0444444
10 0.75 0.266667 0.0875 0.0888889
8 0.021875 0.322222 0.04375 0.0666667
8 0.7875 0.333333 0.0875 0.0888889
8 0.7875 0.366667 0.0875 0.111111
8 0.79375 0.355556 0.075 0.0888889
21 0.965625 0.377778 0.06875 0.133333
29 0.75625 0.388889 0.075 0.0666667
46 0.775 0.377778 0.0625 0.0888889
8 0.78125 0.377778 0.075 0.0888889
8 0.85 0.411111 0.1625 0.0666667
39 0.9125 0.422222 0.0125 0.0444444
8 0.95625 0.411111 0.025 0.0666667
8 0.96875 0.422222 0.025 0.0444444
12 0.65625 0.422222 0 0.0444444
39 0.725 0.422222 0.1125 0.0444444
12 0.68125 0.422222 0.225 0.0444444
44 0.74375 0.422222 0.1 0.0444444
25 0.71875 0.422222 0.075 0.0444444
21 0.79375 0.4 0.125 0.0888889
8 0.7625 0.4 0.0375 0.0888889
11 0.7625 0.422222 0.0625 0.0444444
21 0.825 0.422222 0.1625 0.0888889
21 0.8625 0.422222 0.1125 0.0888889
21 0.83125 0.433333 0.025 0.0666667
21 0.84375 0.422222 0 0.0444444
44 0.85625 0.422222 0 0.0444444
3 0.9125 0.422222 0.0125 0.0444444
10 0.9125 0.422222 0.0375 0.0444444
0 0.925 0.444444 0.0125 0.0444444
8 0.965625 0.422222 0.06875 0.0888889
8 0.96875 0.422222 0.05 0.0888889
9 0.2625 0.433333 0.1125 0.0666667
32 0.24375 0.444444 0.025 0.0444444
32 0.31875 0.444444 0.1 0.0444444
33 0.325 0.444444 0.0625 0.0444444
9 0.44375 0.444444 0.05 0.0888889
9 0.45 0.444444 0.0125 0.0888889
12 0.65625 0.444444 0 0.0444444
12 0.69375 0.444444 0 0.0444444
12 0.70625 0.444444 0 0.0444444
10 0.925 0.444444 0.0125 0.0444444
11 0.028125 0.466667 0.05625 0.0888889
12 0.71875 0.444444 0.175 0.0888889
12 0.7375 0.444444 0.0625 0.0888889
8 0.053125 0.488889 0.10625 0.0888889
4 0.015625 0.488889 0.03125 0.0444444
4 0.053125 0.511111 0.10625 0.0888889
4 0.015625 0.511111 0.03125 0.0444444
8 0.028125 0.544444 0.05625 0.0666667
8 0.025 0.533333 0.0125 0.0444444
8 0.028125 0.555556 0.05625 0.0444444
6 0.046875 0.566667 0.09375 0.0666667
4 0.075 0.566667 0.1125 0.0666667
6 0.625 0.555556 0.1125 0.0888889
6 0.6875 0.555556 0.1125 0.0888889
4 0.7 0.555556 0.1125 0.0888889
4 0.775 0.544444 0.1375 0.0666667
4 0.021875 0.566667 0.04375 0.0666667
2 0.075 0.566667 0.1125 0.0666667
4 0.21875 0.566667 0.1 0.0666667
21 0.5125 0.555556 0.0875 0.0888889
8 0.80625 0.588889 0.075 0.0666667
8 0.875 0.566667 0.1375 0.0666667
8 0.86875 0.566667 0.025 0.0666667
44 0.8875 0.566667 0.0125 0.0666667
44 0.8875 0.577778 0.0375 0.0444444
39 0.8875 0.566667 0.0625 0.0666667
11 0.978125 0.588889 0.04375 0.0666667
2 0.9625 0.555556 0.0625 0.133333
23 0.053125 0.588889 0.10625 0.0666667
8 0.55625 0.611111 0.175 0.0666667
11 0.63125 0.611111 0.125 0.0666667
8 0.56875 0.622222 0.1 0.0444444
8 0.61875 0.588889 0.025 0.111111
49 0.6875 0.611111 0.0375 0.0222222
8 0.7875 0.588889 0.1125 0.0666667
21 0.80625 0.588889 0.075 0.0666667
21 0.84375 0.588889 0.025 0.0666667
60 0.9 0.6 0.1625 0.0444444
29 0.915625 0.6 0.16875 0.0444444
44 0.89375 0.6 0.1 0.0444444
4 0.934375 0.611111 0.13125 0.0666667
4 0.965625 0.6 0.06875 0.0444444
11 0.015625 0.611111 0.03125 0.0666667
32 0.59375 0.622222 0 0.0444444
12 0.65 0.622222 0.0125 0.0444444
60 0.7 0.622222 0.0625 0.0444444
21 0.7375 0.611111 0.1125 0.0666667
4 0.75625 0.6 0.125 0.0888889
4 0.725 0.6 0.2125 0.0888889
21 0.84375 0.622222 0.025 0.0444444
4 0.971875 0.611111 0.05625 0.0666667
2 0.971875 0.611111 0.05625 0.0666667
23 0.053125 0.633333 0.10625 0.111111
11 0.034375 0.644444 0.06875 0.0888889
25 0.68125 0.633333 0.075 0.0666667
25 0.70625 0.644444 0.05 0.0444444
11 0.76875 0.644444 0.1 0.0444444
4 0.8 0.622222 0.1125 0.0888889
4 0.034375 0.655556 0.06875 0.0666667
60 0.675 0.666667 0.0625 0.0444444
8 0.028125 0.666667 0.05625 0.0888889
4 0.034375 0.677778 0.06875 0.0666667
6 0.040625 0.688889 0.08125 0.0444444
6 0.053125 0.677778 0.10625 0.0666667
25 0.0875 0.666667 0.1125 0.0888889
23 0.028125 0.7 0.05625 0.111111
23 0.034375 0.7 0.06875 0.0666667
25 0.040625 0.7 0.08125 0.0666667
12 0.40625 0.711111 0.1 0.0444444
12 0.39375 0.711111 0.05 0.0444444
8 0.028125 0.722222 0.05625 0.0666667
39 0.1125 0.733333 0.0625 0.0444444
11 0.425 0.722222 0.1125 0.0666667
11 0.10625 0.744444 0.075 0.0666667
4 0.1125 0.755556 0.0875 0.0888889
60 0.85 0.766667 0.1125 0.0666667
21 0.83125 0.777778 0.1 0.0888889
21 0.83125 0.766667 0.025 0.0666667
14 0.875 0.755556 0.1375 0.0888889
14 0.8625 0.755556 0.0875 0.0888889
21 0.91875 0.766667 0.05 0.0666667
10 0.978125 0.766667 0.04375 0.0666667
2 0.49375 0.822222 0.125 0.0444444
2 0.53125 0.811111 0.05 0.0666667
8 0.5375 0.811111 0.0375 0.0666667
11 0.58125 0.766667 0.075 0.155556
11 0.60625 0.755556 0.15 0.133333
10 0.63125 0.755556 0.1 0.133333
10 0.61875 0.766667 0.075 0.155556
10 0.69375 0.766667 0.1 0.155556
21 0.825 0.8 0.0375 0.0444444
8 0.8375 0.8 0.0125 0.0444444
21 0.8875 0.811111 0.1375 0.0666667
8 0.021875 0.822222 0.04375 0.0444444
4 0.1 0.822222 0.1125 0.0444444
23 0.36875 0.822222 0.15 0.0888889
8 0.55625 0.8 0.1 0.0888889
16 0.58125 0.822222 0.075 0.0444444
10 0.61875 0.833333 0.125 0.0666667
3 0.64375 0.833333 0.1 0.0222222
2 0.625 0.833333 0.0625 0.0222222
2 0.64375 0.833333 0.075 0.0666667
8 0.675 0.822222 0.1375 0.0444444
21 0.83125 0.822222 0.025 0.0444444
6 0.953125 0.822222 0.09375 0.0888889
8 0.053125 0.855556 0.10625 0.0666667
8 0.015625 0.844444 0.03125 0.0444444
9 0.09375 0.833333 0.075 0.0666667
33 0.19375 0.833333 0.025 0.0666667
8 0.20625 0.833333 0.025 0.0666667
0 0.21875 0.833333 0.025 0.0666667
11 0.29375 0.833333 0.075 0.0666667
4 0.3 0.811111 0.1125 0.111111
8 0.48125 0.833333 0.075 0.0666667
11 0.51875 0.822222 0.025 0.0888889
21 0.525 0.822222 0.0375 0.0888889
16 0.53125 0.811111 0.05 0.0666667
15 0.58125 0.811111 0.05 0.0666667
21 0.6125 0.811111 0.1125 0.0666667
8 0.053125 0.877778 0.10625 0.0666667
4 0.015625 0.855556 0.03125 0.0666667
44 0.16875 0.866667 0.175 0.0444444
4 0.4375 0.855556 0.0875 0.0666667
2 0.4625 0.844444 0.0375 0.0888889
2 0.5125 0.844444 0.1375 0.0888889
9 0.525 0.844444 0.1375 0.0888889
11 0.4875 0.844444 0.0375 0.0888889
11 0.51875 0.866667 0.025 0.0444444
25 0.5375 0.855556 0.0125 0.0666667
21 0.56875 0.877778 0.075 0.0666667
6 0.953125 0.855556 0.09375 0.111111
8 0.053125 0.888889 0.10625 0.0444444
4 0.028125 0.888889 0.05625 0.0444444
11 0.55625 0.877778 0.1 0.0666667
11 0.053125 0.888889 0.10625 0.0444444
4 0.028125 0.9 0.05625 0.0666667
25 0.51875 0.9 0.15 0.111111
23 0.053125 0.955556 0.10625 0.0888889
4 0.028125 0.944444 0.05625 0.111111
16 0.5 0.922222 0.1125 0.111111
10 0.5375 0.922222 0.0875 0.111111
21 0.55 0.922222 0.0875 0.111111
10 0.625 0.944444 0.1125 0.0666667
2 0.75625 0.944444 0.1 0.0666667
4 0.7625 0.944444 0.1125 0.0666667
2 0.053125 0.944444 0.10625 0.111111
2 0.034375 0.955556 0.06875 0.0888889
8 0.0375 0.944444 0.0625 0.0666667
18 0.33125 0.933333 0.15 0.0888889
14 0.34375 0.933333 0.15 0.0888889
2 0.35625 0.933333 0.15 0.0888889
8 0.375 0.933333 0.1375 0.0888889
77 0.5 0.933333 0.0375 0.133333
10 0.5375 0.944444 0.0875 0.111111
10 0.6875 0.955556 0.1375 0.0888889
2 0.78125 0.955556 0.15 0.0888889
4 0.8 0.944444 0.1625 0.111111
8 0.825 0.944444 0.1625 0.111111
8 0.959375 0.966667 0.08125 0.0666667
2 0.028125 0.955556 0.05625 0.0888889
2 0.075 0.955556 0.1125 0.0888889
2 0.05 0.955556 0.0625 0.0888889
18 0.25625 0.955556 0.15 0.0888889
19 0.26875 0.955556 0.15 0.0888889
18 0.25 0.955556 0.0875 0.0888889
19 0.2625 0.955556 0.0875 0.0888889
14 0.275 0.955556 0.0625 0.0888889
4 0.325 0.955556 0.1375 0.0888889
14 0.34375 0.955556 0.125 0.0888889
14 0.31875 0.955556 0.05 0.0888889
14 0.35 0.955556 0.0875 0.0888889
16 0.3875 0.955556 0.1375 0.0888889
19 0.4 0.955556 0.1375 0.0888889
14 0.4125 0.955556 0.1375 0.0888889
14 0.3875 0.955556 0.0625 0.0888889
18 0.39375 0.955556 0.05 0.0888889
16 0.40625 0.933333 0.05 0.133333
0 0.41875 0.944444 0.05 0.111111
0 0.4375 0.944444 0.0625 0.111111
3 0.44375 0.944444 0.05 0.111111
10 0.45625 0.933333 0.05 0.133333
0 0.475 0.933333 0.0625 0.133333
3 0.48125 0.944444 0.05 0.111111
11 0.5 0.944444 0.0375 0.111111
10 0.5125 0.933333 0.0375 0.133333
