10 0.49375 0.0111111 0.15 0.0222222
8 0.5125 0.0111111 0.1625 0.0222222
8 0.5625 0.0111111 0.1625 0.0222222
8 0.59375 0.0111111 0.15 0.0222222
24 0.5875 0.0111111 0.1375 0.0222222
53 0.59375 0.0111111 0.1 0.0222222
8 0.60625 0.0222222 0.075 0.0444444
8 0.61875 0.0111111 0.075 0.0222222
26 0.6375 0 0.0875 0
37 0.65 0.0222222 0.0875 0.0444444
25 0.6625 0.0111111 0.1375 0.0222222
60 0.71875 0.0444444 0.175 0.0888889
60 0.73125 0.0222222 0.175 0.0444444
44 0.66875 0.0111111 0.3 0.0222222
60 0.775 0.0111111 0.1375 0.0222222
44 0.8125 0.0111111 0.1375 0.0222222
44 0.75 0.0111111 0.3125 0.0222222
10 0.990625 0.0111111 0.01875 0.0222222
43 0.053125 0.0222222 0.10625 0.0444444
43 0.13125 0.0222222 0.15 0.0444444
26 0.15 0.0222222 0.1625 0.0444444
26 0.15625 0.0222222 0.175 0.0444444
43 0.3125 0.0222222 0.1625 0.0444444
43 0.34375 0.0222222 0.15 0.0444444
43 0.40625 0.0222222 0.15 0.0444444
43 0.44375 0.0222222 0.15 0.0444444
8 0.475 0.0222222 0.1625 0.0444444
8 0.4875 0.0111111 0.1375 0.0222222
8 0.50625 0.0222222 0.175 0.0444444
8 0.525 0.0222222 0.1375 0.0444444
8 0.55625 0.0222222 0.15 0.0444444
8 0.60625 0.0222222 0.125 0.0444444
8 0.6 0.0222222 0.1125 0.0444444
8 0.60625 0.0222222 0.05 0.0444444
8 0.65625 0.0222222 0.15 0.0444444
8 0.64375 0.0333333 0.125 0.0666667
8 0.6625 0.0333333 0.1125 0.0666667
8 0.675 0.0222222 0.1625 0.0444444
8 0.68125 0.0333333 0.2 0.0666667
8 0.7125 0.0222222 0.1625 0.0444444
43 0.71875 0.0222222 0.175 0.0444444
60 0.74375 0.0222222 0.175 0.0444444
11 0.990625 0.0111111 0.01875 0.0222222
44 0.10625 0.0444444 0.175 0.0444444
44 0.10625 0.0333333 0.2 0.0666667
44 0.40625 0.0333333 0.3 0.0666667
8 0.4875 0.0222222 0.1625 0.0444444
44 0.55 0.0222222 0.1125 0.0444444
44 0.55625 0.0333333 0.15 0.0666667
10 0.55625 0.0333333 0.15 0.0666667
10 0.5875 0.0222222 0.1125 0.0444444
44 0.59375 0.0222222 0.15 0.0444444
44 0.6 0.0333333 0.1625 0.0666667
44 0.65 0.0222222 0.1375 0.0444444
44 0.64375 0.0333333 0.15 0.0666667
44 0.65 0.0333333 0.1125 0.0666667
43 0.66875 0.0444444 0.125 0.0444444
34 0.675 0.0444444 0.1625 0.0444444
50 0.70625 0.0222222 0.15 0.0444444
55 0.7125 0.0222222 0.1625 0.0444444
16 0.990625 0.0222222 0.01875 0.0444444
44 0.015625 0.0444444 0.03125 0.0888889
43 0.1125 0.0666667 0.1625 0.0444444
43 0.15 0.0666667 0.1625 0.0444444
37 0.15625 0.0555556 0.175 0.0666667
43 0.175 0.0555556 0.1375 0.0666667
43 0.2125 0.0555556 0.1625 0.0666667
43 0.21875 0.0444444 0.15 0.0888889
8 0.39375 0.0666667 0.15 0.0444444
8 0.43125 0.0666667 0.1 0.0444444
8 0.44375 0.0666667 0.15 0.0444444
8 0.4875 0.0666667 0.1125 0.0444444
8 0.5 0.0555556 0.1125 0.0222222
42 0.49375 0.0555556 0.15 0.0222222
42 0.525 0.0555556 0.1625 0.0222222
42 0.55 0.0666667 0.1375 0.0444444
43 0.55625 0.0666667 0.15 0.0444444
42 0.58125 0.0555556 0.175 0.0222222
25 0.59375 0.0666667 0.175 0.0444444
42 0.65 0.0555556 0.1375 0.0222222
43 0.64375 0.0555556 0.15 0.0222222
29 0.68125 0.0666667 0.15 0.0444444
13 0.68125 0.0666667 0.175 0.0444444
3 0.70625 0.0555556 0.15 0.0222222
12 0.70625 0.0666667 0.15 0.0444444
53 0.725 0.0555556 0.0125 0.0222222
16 0.7375 0.0444444 0.0125 0.0444444
24 0.75 0.0444444 0.0125 0.0444444
24 0.7625 0.0444444 0.0125 0.0444444
24 0.76875 0.0444444 0.025 0.0444444
24 0.875 0.0444444 0.1875 0.0444444
24 0.85 0.0444444 0.1125 0.0444444
26 0.8625 0.0444444 0.1125 0.0444444
26 0.83125 0.0444444 0.05 0.0444444
26 0.8875 0.0444444 0.1375 0.0444444
26 0.9125 0.0444444 0.1125 0.0444444
26 0.8875 0.0555556 0.0125 0.0222222
16 0.9 0.0666667 0.0125 0.0444444
8 0.93125 0.0666667 0.05 0.0444444
8 0.940625 0.0666667 0.11875 0.0444444
44 0.94375 0.0666667 0.1 0.0444444
44 0.9625 0.0666667 0.0625 0.0444444
15 0.990625 0.0444444 0.01875 0.0888889
44 0.015625 0.0444444 0.03125 0.0888889
10 0.015625 0.0555556 0.03125 0.0666667
44 0.08125 0.0666667 0.125 0.0444444
6 0.13125 0.0777778 0.2 0.0666667
6 0.14375 0.0666667 0.2 0.0444444
44 0.18125 0.0555556 0.125 0.0666667
44 0.20625 0.0555556 0.15 0.0666667
44 0.25625 0.0555556 0.15 0.0666667
44 0.3 0.0555556 0.1125 0.0666667
44 0.275 0.0666667 0.0625 0.0444444
44 0.29375 0.0666667 0.05 0.0444444
43 0.30625 0.0666667 0.05 0.0444444
43 0.31875 0.0666667 0.05 0.0444444
43 0.3125 0.0666667 0.0125 0.0444444
43 0.325 0.0666667 0.0125 0.0444444
44 0.3375 0.0666667 0.0125 0.0444444
44 0.35 0.0555556 0.0125 0.0666667
44 0.38125 0.0666667 0.05 0.0444444
44 0.38125 0.0777778 0.075 0.0222222
44 0.4 0.0777778 0.0625 0.0222222
44 0.475 0.0777778 0.1125 0.0222222
44 0.5 0.0777778 0.1125 0.0222222
44 0.49375 0.0888889 0.15 0.0444444
44 0.5 0.0777778 0.1875 0.0666667
43 0.5625 0.0666667 0.1625 0.0888889
6 0.56875 0.0777778 0.175 0.0666667
42 0.58125 0.0888889 0.175 0.0444444
53 0.61875 0.0777778 0.2 0.0666667
44 0.625 0.0666667 0.0625 0.0444444
43 0.68125 0.0666667 0.15 0.0444444
27 0.7375 0.0666667 0.0125 0.0444444
27 0.76875 0.0666667 0.05 0.0444444
46 0.8 0.0666667 0.1375 0.0444444
44 0.8125 0.0666667 0.1375 0.0444444
8 0.74375 0.0666667 0.3 0.0444444
8 0.83125 0.0666667 0.15 0.0444444
44 0.84375 0.0888889 0.15 0.0888889
43 0.85625 0.0888889 0.15 0.0888889
15 0.990625 0.0555556 0.01875 0.0666667
8 0.16875 0.111111 0.075 0.0444444
8 0.1875 0.111111 0.0875 0.0444444
8 0.20625 0.111111 0.1 0.0444444
8 0.24375 0.111111 0.175 0.0444444
8 0.275 0.111111 0.1625 0.0444444
44 0.28125 0.111111 0.175 0.0444444
8 0.46875 0.1 0.2 0.0666667
6 0.5 0.1 0.1875 0.0666667
6 0.50625 0.0888889 0.2 0.0444444
44 0.54375 0.0888889 0.125 0.0444444
44 0.5625 0.0777778 0.1625 0.0666667
19 0.6125 0.1 0.2125 0.0222222
47 0.65625 0.1 0.125 0.0222222
44 0.71875 0.0888889 0.125 0.0444444
8 0.8 0.0777778 0.1375 0.111111
8 0.8 0.1 0.1375 0.0222222
8 0.79375 0.111111 0.175 0.0444444
6 0.775 0.111111 0.2875 0.0888889
6 0.84375 0.1 0.15 0.0666667
43 0.946875 0.1 0.10625 0.0666667
44 0.1375 0.1 0.1875 0.111111
8 0.1625 0.111111 0.1875 0.0888889
8 0.20625 0.111111 0.175 0.0888889
8 0.25625 0.111111 0.175 0.0888889
44 0.26875 0.1 0.175 0.0666667
8 0.4875 0.111111 0.1375 0.0888889
5 0.49375 0.111111 0.175 0.0888889
6 0.5 0.133333 0.1875 0.0444444
6 0.55 0.122222 0.1125 0.0222222
43 0.54375 0.111111 0.125 0.0444444
8 0.51875 0.1 0.275 0.0666667
6 0.5875 0.111111 0.1625 0.0444444
16 0.6 0.111111 0.1875 0.0444444
16 0.65 0.111111 0.1125 0.0444444
5 0.6875 0.1 0.1375 0.0666667
6 0.68125 0.111111 0.125 0.0444444
8 0.71875 0.122222 0.175 0.0666667
8 0.75625 0.122222 0.05 0.0222222
8 0.80625 0.122222 0.125 0.0222222
8 0.8 0.111111 0.1375 0.0888889
8 0.79375 0.122222 0.175 0.111111
8 0.80625 0.122222 0.175 0.0666667
43 0.8 0.122222 0.2125 0.0666667
44 0.15 0.155556 0.1875 0.0444444
42 0.18125 0.155556 0.15 0.0444444
30 0.19375 0.155556 0.15 0.0444444
42 0.21875 0.155556 0.15 0.0444444
42 0.25625 0.155556 0.15 0.0444444
44 0.28125 0.155556 0.15 0.0444444
30 0.425 0.155556 0.0375 0.0444444
8 0.48125 0.155556 0.15 0.0444444
6 0.4875 0.144444 0.1875 0.0666667
4 0.4875 0.133333 0.0125 0.0444444
2 0.5625 0.133333 0.1375 0.0444444
44 0.54375 0.122222 0.125 0.0666667
0 0.5625 0.122222 0.2375 0.0666667
47 0.61875 0.155556 0.2 0.0444444
47 0.6625 0.122222 0.1125 0.0666667
6 0.69375 0.122222 0.15 0.0666667
8 0.74375 0.144444 0.175 0.0666667
8 0.7125 0.144444 0.3125 0.0666667
60 0.8 0.144444 0.1625 0.0666667
12 0.959375 0.144444 0.08125 0.0666667
8 0.1 0.166667 0.1625 0.0666667
8 0.1375 0.166667 0.1625 0.0666667
6 0.15 0.166667 0.1875 0.0666667
44 0.1875 0.166667 0.1625 0.0666667
43 0.20625 0.166667 0.175 0.0666667
6 0.21875 0.166667 0.175 0.0666667
6 0.25625 0.166667 0.175 0.0666667
43 0.28125 0.166667 0.175 0.0666667
6 0.29375 0.166667 0.175 0.0666667
6 0.30625 0.177778 0.175 0.0444444
43 0.33125 0.177778 0.175 0.0444444
43 0.3375 0.166667 0.1625 0.0666667
44 0.35625 0.166667 0.15 0.0666667
44 0.43125 0.166667 0.175 0.0666667
6 0.4375 0.166667 0.1625 0.0666667
8 0.45 0.155556 0.1625 0.0888889
43 0.4625 0.155556 0.1625 0.0888889
42 0.475 0.155556 0.1625 0.0888889
6 0.49375 0.177778 0.175 0.0444444
6 0.4875 0.177778 0.0125 0.0444444
8 0.55625 0.177778 0.15 0.0444444
44 0.54375 0.166667 0.125 0.0222222
44 0.5875 0.177778 0.1375 0.0444444
43 0.5875 0.177778 0.1375 0.0444444
44 0.55625 0.177778 0.05 0.0444444
44 0.66875 0.177778 0.15 0.0444444
6 0.675 0.144444 0.1625 0.111111
6 0.6875 0.155556 0.1375 0.0888889
6 0.69375 0.166667 0.15 0.0222222
6 0.70625 0.177778 0.15 0.0444444
8 0.68125 0.177778 0.275 0.0444444
43 0.75625 0.177778 0.15 0.0444444
8 0.7125 0.166667 0.3125 0.0666667
24 0.8125 0.166667 0.1375 0.0666667
6 0.8125 0.166667 0.1375 0.0666667
8 0.80625 0.155556 0.025 0.0444444
43 0.915625 0.133333 0.16875 0.0888889
12 0.978125 0.166667 0.04375 0.0666667
8 0.1 0.188889 0.1625 0.0666667
44 0.1375 0.188889 0.1625 0.0666667
8 0.14375 0.177778 0.175 0.0888889
6 0.15 0.2 0.1875 0.0444444
43 0.1625 0.2 0.1875 0.0444444
44 0.1875 0.188889 0.1625 0.0222222
44 0.2 0.2 0.1625 0.0444444
43 0.225 0.2 0.1875 0.0444444
43 0.25625 0.188889 0.175 0.0222222
43 0.29375 0.2 0.175 0.0444444
43 0.31875 0.188889 0.175 0.0222222
8 0.45 0.188889 0.1375 0.0222222
43 0.475 0.188889 0.1625 0.0666667
6 0.49375 0.188889 0.175 0.0666667
8 0.4625 0.2 0.1125 0.0444444
8 0.55625 0.2 0.125 0.0444444
6 0.54375 0.2 0.15 0.0444444
43 0.56875 0.188889 0.15 0.0222222
43 0.575 0.188889 0.1625 0.0666667
6 0.59375 0.177778 0.15 0.0888889
43 0.60625 0.188889 0.175 0.0666667
6 0.66875 0.177778 0.15 0.0888889
6 0.725 0.188889 0.1125 0.0666667
37 0.75 0.177778 0.1125 0.0444444
8 0.75625 0.177778 0.125 0.0444444
8 0.79375 0.177778 0.125 0.0444444
43 0.825 0.177778 0.1125 0.0444444
43 0.83125 0.166667 0.1 0.0666667
12 0.81875 0.177778 0.05 0.0444444
12 0.83125 0.177778 0.025 0.0444444
8 0.89375 0.155556 0.15 0.0888889
8 0.91875 0.177778 0.1 0.0888889
8 0.934375 0.177778 0.13125 0.0888889
43 0.903125 0.177778 0.19375 0.0888889
10 0.996875 0.188889 0.00625 0.0666667
8 0.14375 0.2 0.175 0.0888889
6 0.15 0.222222 0.1875 0.0444444
43 0.18125 0.211111 0.15 0.0222222
43 0.225 0.211111 0.1875 0.0222222
43 0.25625 0.211111 0.125 0.0222222
43 0.28125 0.211111 0.125 0.0222222
43 0.30625 0.211111 0.125 0.0222222
43 0.30625 0.211111 0.075 0.0222222
44 0.50625 0.188889 0.125 0.0666667
6 0.5375 0.211111 0.1125 0.0222222
43 0.5375 0.211111 0.1375 0.0222222
6 0.5375 0.211111 0.1625 0.0666667
43 0.54375 0.2 0.175 0.0888889
34 0.5125 0.188889 0.2875 0.111111
34 0.59375 0.177778 0.15 0.0888889
44 0.59375 0.211111 0.125 0.0222222
43 0.60625 0.188889 0.175 0.111111
44 0.66875 0.177778 0.15 0.0888889
9 0.69375 0.177778 0.15 0.0888889
9 0.71875 0.188889 0.125 0.0666667
5 0.725 0.188889 0.1125 0.0666667
53 0.74375 0.188889 0.125 0.0666667
