11 0.55 0.0111111 0.0875 0.0222222
10 0.55 0.0111111 0.0625 0.0222222
12 0.56875 0.0111111 0.025 0.0222222
4 0.68125 0.0111111 0.125 0.0222222
25 0.7125 0.0111111 0.1375 0.0222222
8 0.8 0 0.1125 0
8 0.8125 0.0111111 0.1125 0.0222222
11 0.84375 0.0111111 0.15 0.0222222
10 0.990625 0 0.01875 0
11 0.028125 0.0111111 0.05625 0.0222222
11 0.034375 0.0111111 0.06875 0.0222222
6 0.040625 0.0111111 0.08125 0.0222222
6 0.065625 0.0111111 0.13125 0.0222222
11 0.1875 0.0111111 0.1125 0.0222222
11 0.44375 0.0222222 0.175 0.0444444
11 0.4875 0.0111111 0.2125 0.0222222
12 0.54375 0.0222222 0.05 0.0444444
12 0.5625 0.0111111 0.0125 0.0222222
11 0.59375 0.0111111 0.125 0.0222222
11 0.625 0.0111111 0.1125 0.0222222
2 0.64375 0.0222222 0.125 0.0444444
7 0.65625 0.0111111 0.125 0.0222222
6 0.69375 0.0111111 0.075 0.0222222
11 0.68125 0.0111111 0.125 0.0222222
29 0.953125 0.0111111 0.09375 0.0222222
46 0.990625 0.0111111 0.01875 0.0222222
12 0.43125 0.0222222 0 0.0444444
29 0.4625 0.0333333 0.0125 0.0222222
29 0.40625 0.0444444 0.15 0.0444444
11 0.41875 0.0333333 0.15 0.0666667
11 0.49375 0.0222222 0 0.0444444
8 0.5 0.0333333 0.0125 0.0666667
8 0.51875 0.0333333 0 0.0666667
21 0.53125 0.0222222 0 0.0444444
21 0.6 0.0333333 0.0375 0.0666667
8 0.94375 0.0222222 0.05 0.0444444
10 0.990625 0.0222222 0.01875 0.0444444
11 0.03125 0.0333333 0.025 0.0666667
11 0.4 0.0555556 0.1125 0.0666667
49 0.40625 0.0555556 0.1 0.0666667
21 0.425 0.0444444 0.1125 0.0444444
10 0.4375 0.0444444 0.0125 0.0444444
41 0.45625 0.0444444 0 0.0444444
55 0.46875 0.0444444 0 0.0444444
21 0.60625 0.0333333 0.025 0.0666667
21 0.946875 0.0333333 0.10625 0.0666667
3 0.990625 0.0444444 0.01875 0.0444444
55 0.43125 0.0666667 0.025 0.0444444
11 0.4375 0.0666667 0.0125 0.0444444
11 0.675 0.0555556 0.1125 0.111111
12 0.990625 0.0666667 0.01875 0.0444444
11 0.375 0.111111 0.1625 0.0888889
11 0.3875 0.111111 0.1625 0.0444444
23 0.43125 0.122222 0.15 0.0666667
11 0.71875 0.0777778 0.125 0.111111
11 0.053125 0.122222 0.10625 0.111111
10 0.68125 0.133333 0.05 0.0444444
10 0.69375 0.122222 0.05 0.0666667
21 0.7 0.133333 0.0625 0.0888889
21 0.7125 0.122222 0.0625 0.0666667
8 0.7375 0.122222 0.0625 0.0666667
8 0.75 0.133333 0.0625 0.0444444
8 0.7625 0.133333 0.0625 0.0444444
10 0.75625 0.133333 0.025 0.0444444
10 0.775 0.122222 0.0375 0.0666667
21 0.8 0.122222 0.0625 0.0666667
21 0.8125 0.122222 0.0625 0.0666667
21 0.85 0.0888889 0.1625 0.133333
21 0.88125 0.0888889 0.15 0.133333
0 0.18125 0.166667 0.025 0.0222222
0 0.19375 0.177778 0.025 0.0444444
0 0.19375 0.166667 0.025 0.0222222
0 0.21875 0.166667 0.025 0.0222222
0 0.24375 0.177778 0.05 0.0444444
11 0.6625 0.144444 0.0625 0.0666667
10 0.65625 0.144444 0.025 0.0666667
10 0.66875 0.155556 0.025 0.0444444
21 0.71875 0.144444 0.1 0.0666667
10 0.725 0.144444 0.0125 0.0666667
3 0.7375 0.155556 0.0125 0.0444444
10 0.75625 0.133333 0.025 0.0888889
10 0.8125 0.133333 0.1375 0.0888889
19 0.83125 0.133333 0.1 0.0888889
19 0.84375 0.155556 0.125 0.0444444
19 0.86875 0.166667 0.125 0.0222222
20 0.875 0.166667 0.1375 0.0222222
20 0.8875 0.155556 0.1375 0.0444444
21 0.9 0.155556 0.1375 0.0444444
21 0.8875 0.155556 0.0625 0.0444444
21 0.925 0.166667 0.1375 0.0666667
10 0.975 0.155556 0.0375 0.0444444
0 0.978125 0.155556 0.04375 0.0444444
11 0.15625 0.166667 0.125 0.111111
11 0.175 0.166667 0.0875 0.0666667
5 0.15 0.166667 0.0125 0.0666667
5 0.15625 0.166667 0.025 0.0666667
10 0.16875 0.166667 0.025 0.0666667
10 0.18125 0.177778 0.025 0.0444444
10 0.19375 0.177778 0.025 0.0444444
2 0.20625 0.177778 0.025 0.0444444
12 0.25625 0.177778 0.1 0.0444444
8 0.2375 0.177778 0.0125 0.0444444
8 0.24375 0.166667 0.025 0.0666667
8 0.2625 0.166667 0.0125 0.0666667
8 0.3125 0.177778 0.1125 0.0444444
10 0.28125 0.177778 0.025 0.0444444
25 0.475 0.166667 0.0625 0.0666667
20 0.84375 0.166667 0.15 0.0666667
20 0.825 0.155556 0.0625 0.0444444
20 0.8875 0.166667 0.1625 0.0666667
21 0.9 0.177778 0.1625 0.0444444
21 0.9 0.188889 0.1875 0.0666667
9 0.984375 0.177778 0.03125 0.0444444
19 0.1375 0.2 0.0375 0.0444444
10 0.20625 0.2 0.15 0.0444444
12 0.21875 0.177778 0.125 0.0888889
19 0.2125 0.177778 0.1125 0.0888889
18 0.20625 0.188889 0.075 0.0666667
18 0.23125 0.188889 0.1 0.0666667
18 0.23125 0.2 0.075 0.0444444
3 0.2375 0.2 0.0375 0.0444444
10 0.24375 0.2 0.025 0.0444444
55 0.3 0.2 0.0625 0.0444444
60 0.34375 0.188889 0.2 0.111111
23 0.475 0.188889 0.0875 0.111111
21 0.8 0.188889 0.1875 0.111111
21 0.825 0.2 0.1625 0.0888889
21 0.90625 0.2 0.15 0.0888889
21 0.91875 0.211111 0.15 0.0666667
21 0.940625 0.211111 0.11875 0.0666667
20 0.95625 0.2 0.075 0.0444444
21 0.978125 0.2 0.04375 0.0444444
17 0.1875 0.222222 0.1625 0.0444444
21 0.19375 0.233333 0.15 0.0666667
25 0.19375 0.233333 0.15 0.0666667
25 0.20625 0.222222 0.075 0.0444444
4 0.21875 0.222222 0.075 0.0444444
25 0.2625 0.222222 0.1625 0.0444444
51 0.4125 0.211111 0.1625 0.111111
12 0.978125 0.211111 0.04375 0.0666667
19 0.15625 0.233333 0.05 0.0666667
20 0.19375 0.244444 0.15 0.0888889
25 0.19375 0.244444 0.125 0.0444444
19 0.20625 0.244444 0.125 0.0444444
25 0.21875 0.255556 0.075 0.0222222
19 0.81875 0.255556 0.125 0.0222222
21 0.825 0.255556 0.1375 0.0222222
19 0.825 0.244444 0.1375 0.0444444
21 0.85625 0.244444 0.125 0.0444444
21 0.825 0.244444 0.0375 0.0444444
19 0.9125 0.244444 0.1625 0.0444444
21 0.91875 0.233333 0.15 0.0666667
21 0.925 0.244444 0.1125 0.0444444
20 0.9125 0.244444 0.0625 0.0888889
21 0.940625 0.244444 0.11875 0.0888889
21 0.865625 0.244444 0.26875 0.0888889
12 0.975 0.244444 0.0375 0.0444444
11 0.990625 0.222222 0.01875 0.0888889
21 0.3125 0.255556 0.0125 0.0666667
21 0.375 0.255556 0.1625 0.0666667
21 0.4125 0.266667 0.1625 0.0444444
21 0.41875 0.266667 0.15 0.0888889
55 0.4125 0.255556 0.1375 0.0666667
8 0.4875 0.244444 0.1375 0.0888889
19 0.4875 0.277778 0.0625 0.0666667
18 0.5 0.266667 0.0625 0.0444444
11 0.50625 0.266667 0.075 0.0444444
2 0.56875 0.266667 0.15 0.0444444
8 0.55 0.266667 0.0625 0.0444444
17 0.75 0.266667 0.0875 0.0444444
17 0.8 0.266667 0.1625 0.0444444
17 0.8375 0.266667 0.1375 0.0444444
17 0.81875 0.255556 0.125 0.0666667
17 0.8125 0.255556 0.0375 0.0666667
19 0.85 0.255556 0.1375 0.0666667
21 0.85 0.277778 0.1375 0.111111
21 0.90625 0.255556 0.15 0.0666667
21 0.91875 0.266667 0.125 0.0888889
20 0.91875 0.255556 0.05 0.0666667
20 0.865625 0.255556 0.26875 0.0666667
21 0.959375 0.255556 0.08125 0.0666667
18 0.9625 0.266667 0.0625 0.0888889
12 0.98125 0.255556 0.025 0.0666667
11 0.978125 0.266667 0.04375 0.0444444
21 0.3625 0.288889 0.1375 0.0444444
60 0.35625 0.288889 0.1 0.0444444
21 0.4125 0.288889 0.1625 0.0444444
21 0.4125 0.277778 0.1375 0.0666667
21 0.425 0.288889 0.1125 0.0444444
18 0.50625 0.277778 0.1 0.0666667
21 0.5 0.266667 0.0625 0.0444444
2 0.53125 0.277778 0.075 0.0222222
21 0.55 0.277778 0.0625 0.0222222
19 0.6 0.288889 0.0625 0.0444444
18 0.64375 0.288889 0.125 0.0444444
18 0.63125 0.3 0.05 0.0222222
18 0.65 0.3 0.0625 0.0222222
18 0.7125 0.3 0.1375 0.0222222
18 0.66875 0.3 0.05 0.0222222
14 0.7 0.3 0.0375 0.0222222
14 0.70625 0.3 0.025 0.0222222
18 0.73125 0.3 0.05 0.0222222
19 0.775 0.311111 0.1125 0.0444444
17 0.775 0.3 0.1125 0.0666667
17 0.81875 0.3 0.15 0.0666667
19 0.825 0.3 0.1625 0.0222222
21 0.825 0.277778 0.1125 0.0666667
21 0.85 0.277778 0.1625 0.0666667
21 0.88125 0.288889 0.15 0.0888889
21 0.865625 0.3 0.26875 0.111111
49 0.953125 0.288889 0.09375 0.0888889
19 0.95625 0.288889 0.075 0.0888889
12 0.975 0.277778 0.0375 0.0666667
11 0.984375 0.277778 0.03125 0.0666667
60 0.3625 0.322222 0.0875 0.0666667
21 0.40625 0.311111 0.15 0.0888889
21 0.4125 0.3 0.1375 0.0666667
19 0.50625 0.311111 0.1 0.0444444
21 0.6125 0.311111 0.1375 0.0444444
21 0.6375 0.322222 0.1375 0.0222222
18 0.70625 0.322222 0.15 0.0222222
18 0.69375 0.311111 0.125 0.0444444
18 0.66875 0.311111 0.05 0.0444444
14 0.6875 0.311111 0.0375 0.0444444
8 0.7 0.322222 0.0375 0.0222222
2 0.7125 0.322222 0.0375 0.0222222
2 0.71875 0.322222 0.025 0.0222222
18 0.76875 0.322222 0.1 0.0222222
17 0.75625 0.333333 0.075 0.0444444
17 0.7625 0.333333 0.0375 0.0444444
18 0.7625 0.333333 0.0375 0.0444444
19 0.8 0.322222 0.0625 0.0222222
19 0.85625 0.333333 0.15 0.0444444
21 0.85625 0.3 0.15 0.111111
21 0.946875 0.311111 0.10625 0.0888889
19 0.9625 0.311111 0.0625 0.0888889
12 0.975 0.3 0.0375 0.0666667
25 0.3375 0.333333 0.1875 0.0888889
19 0.50625 0.322222 0.1 0.0666667
21 0.475 0.322222 0.0375 0.0666667
21 0.49375 0.322222 0.075 0.111111
14 0.53125 0.322222 0.15 0.111111
19 0.63125 0.344444 0.175 0.0666667
21 0.61875 0.344444 0.125 0.0666667
19 0.7 0.333333 0.1625 0.0444444
18 0.69375 0.344444 0.15 0.0666667
19 0.73125 0.322222 0.15 0.0666667
18 0.7125 0.322222 0.1375 0.0666667
14 0.7125 0.344444 0.0375 0.0666667
14 0.725 0.344444 0.0625 0.0666667
14 0.7375 0.344444 0.0625 0.0666667
18 0.74375 0.344444 0.05 0.0666667
17 0.76875 0.333333 0.025 0.0444444
18 0.76875 0.333333 0.025 0.0444444
18 0.825 0.333333 0.1125 0.0444444
18 0.80625 0.322222 0.075 0.0666667
19 0.8125 0.322222 0.0875 0.0666667
14 0.825 0.322222 0.0625 0.0666667
18 0.88125 0.322222 0.125 0.0666667
18 0.90625 0.344444 0.15 0.0222222
20 0.91875 0.344444 0.125 0.0222222
21 0.953125 0.344444 0.09375 0.0666667
2 0.9625 0.322222 0.0625 0.0666667
11 0.95625 0.322222 0.075 0.0666667
47 0.3 0.344444 0.1125 0.111111
47 0.3375 0.355556 0.1875 0.133333
21 0.4125 0.333333 0.1625 0.133333
19 0.49375 0.355556 0.125 0.0444444
20 0.475 0.344444 0.0375 0.0666667
21 0.4875 0.333333 0.0625 0.0888889
20 0.53125 0.333333 0.15 0.133333
21 0.6 0.355556 0.0875 0.0444444
21 0.625 0.355556 0.1625 0.0444444
21 0.7 0.344444 0.1625 0.0666667
21 0.71875 0.355556 0.175 0.0444444
19 0.725 0.344444 0.1125 0.111111
18 0.70625 0.355556 0.05 0.0888889
18 0.725 0.355556 0.0625 0.0888889
19 0.7375 0.355556 0.0625 0.0888889
21 0.79375 0.344444 0.15 0.0666667
18 0.76875 0.344444 0.025 0.0666667
20 0.81875 0.355556 0.15 0.0888889
20 0.81875 0.366667 0.125 0.0666667
18 0.84375 0.355556 0.125 0.0444444
20 0.84375 0.366667 0.125 0.0666667
20 0.825 0.355556 0.0625 0.0444444
21 0.875 0.377778 0.1625 0.0444444
18 0.86875 0.377778 0.15 0.0444444
20 0.875 0.377778 0.0625 0.0444444
20 0.9125 0.377778 0.1375 0.0444444
20 0.89375 0.366667 0.075 0.0222222
21 0.928125 0.355556 0.14375 0.0444444
21 0.865625 0.355556 0.26875 0.0888889
21 0.953125 0.366667 0.09375 0.0666667
18 0.9625 0.344444 0.0625 0.0666667
2 0.9625 0.344444 0.0625 0.0666667
11 0.978125 0.333333 0.04375 0.0888889
23 0.425 0.344444 0.1375 0.111111
20 0.49375 0.377778 0.125 0.0888889
21 0.4625 0.366667 0.0625 0.0666667
