25 0.084375 0.0111111 0.16875 0.0222222
23 0.79375 0.0222222 0.075 0.0444444
17 0.825 0.0222222 0.0375 0.0444444
17 0.8375 0.0222222 0.0625 0.0444444
18 0.85625 0.0222222 0.025 0.0444444
18 0.88125 0.0222222 0.025 0.0444444
18 0.89375 0.0111111 0.025 0.0222222
17 0.9 0.0111111 0.0125 0.0222222
18 0.90625 0.0111111 0.025 0.0222222
25 0.9125 0.0111111 0.1625 0.0222222
65 0.96875 0.0111111 0.05 0.0222222
67 0.98125 0 0 0
32 0.9875 0 0.0125 0
29 0.040625 0.0111111 0.08125 0.0222222
4 0.046875 0.0111111 0.09375 0.0222222
23 0.425 0.0111111 0.1125 0.0222222
25 0.525 0.0111111 0.1625 0.0222222
60 0.53125 0.0111111 0.175 0.0222222
23 0.575 0.0222222 0.1125 0.0444444
37 0.65625 0.0222222 0.175 0.0444444
29 0.66875 0.0222222 0.15 0.0444444
19 0.68125 0.0222222 0.15 0.0444444
11 0.68125 0.0222222 0.125 0.0444444
55 0.7 0.0222222 0.1125 0.0444444
55 0.73125 0.0222222 0.15 0.0444444
60 0.74375 0.0222222 0.175 0.0444444
4 0.83125 0.0222222 0.075 0.0444444
4 0.85 0.0222222 0.0625 0.0444444
4 0.86875 0.0222222 0.05 0.0444444
4 0.8875 0.0111111 0.0375 0.0222222
4 0.9 0.0111111 0.0375 0.0222222
21 0.93125 0.0111111 0.1 0.0222222
21 0.94375 0.0111111 0.1 0.0222222
67 0.96875 0.0111111 0.025 0.0222222
67 0.975 0.0111111 0.0125 0.0222222
78 0.98125 0.0111111 0.025 0.0222222
23 0.7125 0.0333333 0.0625 0.0222222
23 0.8625 0.0333333 0.1125 0.0666667
23 0.8875 0.0444444 0.1125 0.0888889
60 0.8625 0.0444444 0.0375 0.0888889
59 0.89375 0.0444444 0.175 0.0888889
59 0.925 0.0444444 0.1125 0.0888889
25 0.9375 0.0555556 0.1125 0.0666667
25 0.946875 0.0333333 0.10625 0.0666667
25 0.9375 0.0333333 0.0625 0.0666667
34 0.95 0.0222222 0.0875 0.0444444
46 0.9875 0.0222222 0.0125 0.0444444
44 0.028125 0.0555556 0.05625 0.0666667
60 0.11875 0.0555556 0.05 0.0666667
4 0.2125 0.0333333 0.0625 0.0666667
23 0.23125 0.0444444 0.1 0.0444444
43 0.3125 0.0555556 0.1625 0.0666667
60 0.5125 0.0777778 0.1125 0.0666667
60 0.46875 0.0777778 0.1 0.0666667
60 0.475 0.0555556 0.0875 0.0666667
60 0.55625 0.0555556 0.125 0.0666667
6 0.55625 0.0444444 0.075 0.0444444
20 0.5625 0.0444444 0.0625 0.0444444
60 0.66875 0.0555556 0.175 0.0666667
51 0.70625 0.0555556 0.075 0.0222222
47 0.74375 0.0666667 0.125 0.0444444
44 0.73125 0.0666667 0.075 0.0444444
0 0.990625 0.188889 0.01875 0.377778
6 0.034375 0.0666667 0.06875 0.0888889
21 0.08125 0.0777778 0.1 0.0666667
21 0.1125 0.0777778 0.0375 0.0666667
4 0.11875 0.0888889 0.05 0.0888889
4 0.13125 0.0888889 0.075 0.0888889
4 0.1375 0.0888889 0.2375 0.0888889
4 0.18125 0.0777778 0.175 0.0666667
6 0.2375 0.0777778 0.1375 0.0666667
4 0.25 0.0777778 0.1375 0.0666667
8 0.25625 0.0777778 0.15 0.0666667
60 0.25625 0.0777778 0.175 0.0666667
60 0.2875 0.0666667 0.1375 0.0444444
43 0.31875 0.0777778 0.175 0.0666667
53 0.46875 0.0777778 0.175 0.0666667
4 0.49375 0.0777778 0.175 0.0666667
4 0.46875 0.0777778 0.1 0.0666667
8 0.475 0.0777778 0.0875 0.0666667
59 0.55 0.0777778 0.0875 0.0666667
22 0.55 0.0666667 0.0875 0.0444444
43 0.946875 0.0888889 0.10625 0.0888889
43 0.953125 0.0777778 0.09375 0.0666667
44 0.984375 0.0444444 0.03125 0.0888889
50 0.1375 0.111111 0.1125 0.0888889
4 0.11875 0.111111 0.05 0.0888889
4 0.125 0.122222 0.0375 0.0666667
20 0.2125 0.0777778 0.0625 0.0666667
16 0.225 0.0888889 0.0625 0.0444444
16 0.2625 0.0888889 0.1125 0.0444444
18 0.275 0.0888889 0.1125 0.0444444
20 0.28125 0.122222 0.125 0.0666667
4 0.45 0.111111 0.2375 0.0444444
4 0.49375 0.111111 0.175 0.0444444
4 0.475 0.111111 0.0875 0.0444444
60 0.56875 0.111111 0.125 0.0444444
22 0.55 0.1 0.0875 0.0666667
6 0.946875 0.1 0.10625 0.0666667
44 0.990625 0.0888889 0.01875 0.0444444
2 0.03125 0.111111 0.05 0.0444444
4 0.04375 0.111111 0.05 0.0444444
6 0.13125 0.122222 0.175 0.0666667
4 0.14375 0.122222 0.175 0.0666667
4 0.10625 0.122222 0.075 0.0666667
55 0.23125 0.122222 0.125 0.0666667
6 0.2375 0.122222 0.1375 0.0666667
6 0.25 0.111111 0.1375 0.0444444
4 0.2625 0.133333 0.1375 0.0444444
6 0.34375 0.122222 0.125 0.0222222
47 0.33125 0.122222 0.075 0.0222222
50 0.34375 0.122222 0.075 0.0222222
4 0.4375 0.133333 0.1625 0.0444444
4 0.4125 0.133333 0.2375 0.0444444
4 0.48125 0.122222 0.125 0.0222222
4 0.425 0.122222 0.2875 0.0222222
4 0.51875 0.133333 0.175 0.0444444
4 0.5125 0.122222 0.0375 0.0222222
4 0.575 0.122222 0.1125 0.0222222
4 0.5625 0.122222 0.0625 0.0222222
22 0.60625 0.122222 0.125 0.0222222
44 0.990625 0.1 0.01875 0.0666667
60 0.015625 0.144444 0.03125 0.0666667
2 0.028125 0.144444 0.05625 0.0666667
2 0.0375 0.144444 0.0375 0.0666667
4 0.04375 0.144444 0.05 0.0666667
44 0.14375 0.155556 0.125 0.0444444
43 0.13125 0.155556 0.175 0.0444444
44 0.24375 0.155556 0.125 0.0444444
22 0.225 0.155556 0.0625 0.0444444
22 0.2625 0.155556 0.1375 0.0444444
43 0.275 0.155556 0.1375 0.0444444
6 0.3375 0.133333 0.0875 0.0444444
6 0.35 0.155556 0.0875 0.0444444
6 0.34375 0.155556 0.125 0.0444444
4 0.3625 0.155556 0.0875 0.0444444
4 0.4 0.133333 0.1375 0.0444444
4 0.45625 0.144444 0.075 0.0222222
4 0.49375 0.144444 0.125 0.0222222
4 0.51875 0.144444 0.125 0.0222222
4 0.54375 0.144444 0.125 0.0222222
4 0.575 0.144444 0.1125 0.0222222
4 0.5625 0.144444 0.0625 0.0222222
4 0.60625 0.144444 0.1 0.0222222
4 0.625 0.144444 0.1125 0.0222222
4 0.61875 0.133333 0.15 0.0444444
4 0.675 0.133333 0.1375 0.0444444
4 0.65 0.144444 0.0875 0.0666667
4 0.66875 0.144444 0.05 0.0666667
10 0.990625 0.144444 0.01875 0.0222222
6 0.0375 0.155556 0.0375 0.0444444
34 0.33125 0.155556 0.175 0.0888889
4 0.325 0.155556 0.1375 0.0444444
9 0.375 0.155556 0.0875 0.0444444
1 0.4625 0.155556 0.0875 0.0444444
16 0.49375 0.155556 0.075 0.0444444
16 0.48125 0.155556 0.025 0.0444444
20 0.5 0.155556 0.0375 0.0444444
44 0.55 0.155556 0.1125 0.0444444
4 0.56875 0.177778 0.125 0.0888889
4 0.59375 0.177778 0.1 0.0444444
4 0.58125 0.166667 0.05 0.0222222
4 0.625 0.166667 0.1125 0.0222222
4 0.59375 0.166667 0.025 0.0222222
20 0.60625 0.166667 0.025 0.0222222
20 0.64375 0.144444 0.075 0.0666667
23 0.675 0.166667 0.1375 0.111111
20 0.70625 0.155556 0.125 0.0888889
44 0.940625 0.177778 0.11875 0.0888889
32 0.96875 0.166667 0.025 0.0666667
10 0.990625 0.166667 0.01875 0.0222222
10 0.0375 0.177778 0.0375 0.0444444
4 0.29375 0.188889 0.125 0.0666667
4 0.33125 0.177778 0.175 0.0444444
4 0.36875 0.177778 0.1 0.0444444
42 0.3625 0.177778 0.0875 0.0444444
44 0.36875 0.177778 0.075 0.0444444
11 0.4625 0.177778 0.0625 0.0444444
44 0.475 0.177778 0.0625 0.0444444
4 0.56875 0.188889 0.025 0.0222222
4 0.575 0.188889 0.0375 0.0222222
4 0.58125 0.188889 0.025 0.0222222
20 0.59375 0.177778 0.025 0.0444444
29 0.984375 0.177778 0.03125 0.0444444
21 0.015625 0.2 0.03125 0.0888889
60 0.5625 0.211111 0.0375 0.0222222
18 0.575 0.2 0.0375 0.0444444
50 0.015625 0.222222 0.03125 0.0888889
60 0.5625 0.222222 0.0375 0.0444444
18 0.61875 0.222222 0.125 0.0444444
23 0.575 0.277778 0.0625 0.0666667
4 0.56875 0.277778 0.025 0.0222222
4 0.575 0.288889 0.0625 0.0444444
11 0.575 0.288889 0.0625 0.0444444
14 0.059375 0.288889 0.11875 0.0888889
10 0.04375 0.3 0.025 0.0222222
4 0.56875 0.288889 0.025 0.0444444
4 0.575 0.3 0.0625 0.0666667
14 0.053125 0.311111 0.10625 0.0888889
10 0.05 0.311111 0.0625 0.0444444
60 0.56875 0.322222 0.175 0.0222222
4 0.56875 0.322222 0.025 0.0222222
4 0.58125 0.322222 0.05 0.0222222
21 0.059375 0.333333 0.11875 0.0888889
50 0.04375 0.355556 0.05 0.0444444
10 0.0375 0.344444 0.0375 0.0222222
6 0.55 0.355556 0.1625 0.0444444
8 0.525 0.355556 0.0875 0.0444444
25 0.5625 0.344444 0.0375 0.0222222
4 0.53125 0.355556 0.125 0.0444444
8 0.56875 0.355556 0.05 0.0444444
29 0.575 0.344444 0.0625 0.0666667
25 0.60625 0.344444 0.125 0.0666667
4 0.6375 0.344444 0.0625 0.0666667
11 0.65 0.344444 0.0625 0.0666667
8 0.675 0.344444 0.0625 0.0666667
47 0.059375 0.366667 0.11875 0.111111
47 0.059375 0.366667 0.11875 0.0666667
55 0.0375 0.366667 0.0375 0.0666667
9 0.04375 0.355556 0.025 0.0444444
44 0.50625 0.355556 0.075 0.0444444
4 0.525 0.355556 0.0875 0.0444444
4 0.55625 0.388889 0.05 0.0666667
4 0.56875 0.377778 0.05 0.0444444
29 0.56875 0.355556 0.05 0.0444444
60 0.059375 0.377778 0.11875 0.0888889
55 0.0375 0.388889 0.0375 0.0666667
4 0.55625 0.388889 0.025 0.0222222
6 0.5625 0.4 0.0375 0.0444444
6 0.15625 0.422222 0.05 0.0444444
43 0.2375 0.433333 0.0875 0.0666667
6 0.3125 0.422222 0.1375 0.0444444
2 0.51875 0.411111 0.025 0.0222222
2 0.53125 0.4 0.025 0.0444444
2 0.5375 0.4 0.0375 0.0444444
6 0.55625 0.4 0.025 0.0444444
6 0.56875 0.4 0.025 0.0444444
55 0.54375 0.411111 0.05 0.0666667
2 0.54375 0.411111 0.025 0.0666667
60 0.053125 0.444444 0.10625 0.0888889
6 0.5375 0.477778 0.1375 0.0666667
2 0.6875 0.477778 0.1625 0.0666667
2 0.6 0.5 0.0875 0.0666667
4 0.6875 0.488889 0.1125 0.0444444
4 0.64375 0.5 0 0.0666667
32 0.6625 0.511111 0.0125 0.0444444
29 0.69375 0.5 0.025 0.0666667
4 0.74375 0.511111 0.05 0.0444444
60 0.059375 0.544444 0.11875 0.111111
21 0.059375 0.577778 0.11875 0.0444444
21 0.13125 0.577778 0.05 0.0444444
21 0.1375 0.566667 0.0375 0.0666667
21 0.15625 0.566667 0.05 0.0666667
6 0.20625 0.566667 0.175 0.0666667
6 0.2 0.566667 0.0625 0.0666667
4 0.28125 0.577778 0.075 0.0888889
8 0.59375 0.544444 0.125 0.0666667
8 0.6375 0.555556 0.0375 0.0444444
8 0.775 0.555556 0.1375 0.0444444
60 0.015625 0.588889 0.03125 0.0666667
60 0.015625 0.577778 0.03125 0.0444444
55 0.03125 0.577778 0.025 0.0444444
60 0.13125 0.588889 0.05 0.0666667
6 0.15625 0.588889 0.05 0.0666667
60 0.51875 0.6 0.25 0.0444444
25 0.5375 0.6 0.1375 0.0444444
6 0.56875 0.588889 0.075 0.0222222
6 0.5875 0.588889 0.1625 0.0222222
60 0.59375 0.6 0.125 0.0444444
8 0.65625 0.588889 0.1 0.0222222
8 0.64375 0.588889 0.05 0.0222222
10 0.775 0.577778 0.1375 0.0444444
8 0.7375 0.577778 0.0375 0.0444444
25 0.875 0.577778 0.1125 0.0444444
8 0.959375 0.566667 0.08125 0.0666667
16 0.015625 0.6 0.03125 0.0888889
10 0.0375 0.6 0.0375 0.0444444
10 0.0375 0.6 0.0125 0.0444444
8 0.525 0.6 0.0625 0.0444444
8 0.55625 0.611111 0.15 0.0666667
60 0.575 0.611111 0.1375 0.0222222
60 0.5625 0.6 0.1875 0.0444444
2 0.6 0.6 0.1125 0.0444444
6 0.6125 0.6 0.1125 0.0444444
53 0.60625 0.6 0 0.0444444
55 0.6375 0.6 0.0625 0.0444444
47 0.6625 0.611111 0.0625 0.0222222
44 0.909375 0.588889 0.18125 0.0666667
44 0.915625 0.577778 0.16875 0.0888889
60 0.953125 0.577778 0.09375 0.0888889
8 0.959375 0.588889 0.08125 0.0666667
8 0.95625 0.588889 0.05 0.0666667
8 0.015625 0.611111 0.03125 0.0666667
44 0.015625 0.611111 0.03125 0.0666667
6 0.15625 0.622222 0.05 0.0444444
8 0.51875 0.622222 0.075 0.0444444
25 0.5625 0.622222 0.1125 0.0444444
29 0.575 0.622222 0.1375 0.0444444
25 0.5875 0.622222 0.1375 0.0444444
60 0.6 0.622222 0.1125 0.0444444
