6 0.946875 0.0111111 0.10625 0.0222222
44 0.959375 0 0.08125 0
21 0.021875 0.0222222 0.04375 0.0444444
11 0.040625 0.0222222 0.08125 0.0444444
11 0.046875 0.0222222 0.09375 0.0444444
8 0.05625 0.0222222 0.1 0.0444444
11 0.1625 0.0111111 0.1125 0.0222222
11 0.20625 0.0222222 0.1 0.0444444
11 0.24375 0.0222222 0.1 0.0444444
11 0.2625 0.0111111 0.1125 0.0222222
11 0.2875 0.0111111 0.1125 0.0222222
11 0.3125 0.0111111 0.1125 0.0222222
11 0.35 0.0111111 0.1125 0.0222222
8 0.3625 0.0111111 0.1125 0.0222222
11 0.36875 0.0111111 0.1 0.0222222
8 0.3875 0.0111111 0.1125 0.0222222
11 0.39375 0.0111111 0.1 0.0222222
8 0.41875 0.0111111 0.1 0.0222222
11 0.43125 0.0111111 0.1 0.0222222
11 0.45625 0.0111111 0.1 0.0222222
11 0.475 0.0111111 0.1125 0.0222222
11 0.49375 0.0222222 0.1 0.0444444
11 0.51875 0.0222222 0.1 0.0444444
11 0.51875 0.0222222 0.1 0.0444444
8 0.55625 0.0222222 0.1 0.0444444
11 0.5625 0.0111111 0.0875 0.0222222
8 0.60625 0.0111111 0.1 0.0222222
8 0.6375 0.0111111 0.0875 0.0222222
8 0.68125 0.0111111 0.15 0.0222222
11 0.69375 0.0111111 0.15 0.0222222
4 0.75 0.0111111 0.1625 0.0222222
6 0.7875 0.0111111 0.1625 0.0222222
11 0.8125 0.0111111 0.1625 0.0222222
19 0.825 0.0111111 0.1625 0.0222222
2 0.8375 0.0111111 0.1625 0.0222222
2 0.875 0.0111111 0.1625 0.0222222
2 0.8625 0.0111111 0.1125 0.0222222
22 0.875 0.0111111 0.1125 0.0222222
22 0.9 0.0111111 0.1125 0.0222222
2 0.9125 0.0111111 0.1125 0.0222222
22 0.925 0.0111111 0.1125 0.0222222
2 0.94375 0.0111111 0.1 0.0222222
21 0.053125 0.0444444 0.10625 0.0888889
11 0.04375 0.0444444 0.05 0.0444444
21 0.021875 0.0555556 0.04375 0.111111
12 0.0375 0.0444444 0.0125 0.0444444
12 0.05 0.0444444 0.0125 0.0444444
12 0.0625 0.0444444 0.0125 0.0444444
2 0.040625 0.0444444 0.08125 0.0444444
32 0.08125 0.0555556 0.025 0.0222222
32 0.09375 0.0444444 0.025 0.0444444
32 0.1125 0.0444444 0.0125 0.0444444
10 0.125 0.0444444 0.0125 0.0444444
0 0.1375 0.0444444 0.0125 0.0444444
0 0.15 0.0444444 0.0125 0.0444444
0 0.1625 0.0444444 0.0125 0.0444444
0 0.175 0.0555556 0.0125 0.0222222
32 0.1875 0.0555556 0.0125 0.0222222
10 0.2 0.0555556 0.0125 0.0222222
12 0.20625 0.0444444 0 0.0444444
10 0.225 0.0444444 0.0125 0.0444444
10 0.2375 0.0333333 0.0125 0.0666667
10 0.25625 0.0444444 0.025 0.0888889
10 0.2625 0.0444444 0.0125 0.0888889
12 0.275 0.0444444 0.0125 0.0888889
12 0.28125 0.0444444 0.025 0.0888889
12 0.33125 0.0444444 0.125 0.0888889
32 0.35 0.0444444 0.1125 0.0888889
27 0.36875 0.0444444 0.1 0.0888889
27 0.33125 0.0555556 0.2 0.111111
27 0.34375 0.0333333 0.2 0.0666667
27 0.36875 0.0444444 0.2 0.0888889
27 0.4 0.0555556 0.2125 0.0222222
11 0.46875 0.0555556 0.1 0.0222222
10 0.4375 0.0555556 0.2125 0.0222222
11 0.45 0.0444444 0.2125 0.0888889
2 0.6875 0.0333333 0.0625 0.0666667
25 0.71875 0.0333333 0.05 0.0666667
25 0.73125 0.0333333 0.05 0.0666667
10 0.76875 0.0333333 0.025 0.0666667
2 0.78125 0.0333333 0.05 0.0666667
6 0.83125 0.0333333 0.125 0.0666667
21 0.84375 0.0333333 0.1 0.0666667
25 0.83125 0.0333333 0.075 0.0666667
25 0.8625 0.0333333 0.1125 0.0666667
25 0.81875 0.0333333 0.225 0.0666667
21 0.009375 0.0666667 0.01875 0.133333
12 0.03125 0.0666667 0.025 0.0444444
12 0.05 0.0666667 0.0375 0.0444444
10 0.06875 0.0666667 0.025 0.0444444
12 0.08125 0.0666667 0.025 0.0444444
16 0.09375 0.0666667 0.025 0.0444444
12 0.10625 0.0666667 0.025 0.0444444
12 0.11875 0.0666667 0.025 0.0444444
3 0.13125 0.0666667 0.025 0.0444444
3 0.14375 0.0666667 0.025 0.0444444
12 0.15625 0.0666667 0.025 0.0444444
12 0.175 0.0666667 0.0125 0.0444444
10 0.1875 0.0555556 0.0125 0.0222222
10 0.19375 0.0666667 0.025 0.0444444
10 0.20625 0.0666667 0.025 0.0444444
10 0.23125 0.0888889 0.025 0.0888889
3 0.23125 0.0666667 0.025 0.0444444
3 0.2375 0.0444444 0.0375 0.0888889
3 0.25625 0.0888889 0.025 0.177778
3 0.26875 0.0555556 0.025 0.111111
10 0.28125 0.0555556 0.025 0.111111
10 0.3375 0.0555556 0.1125 0.111111
0 0.3125 0.0777778 0.0375 0.0222222
12 0.31875 0.0888889 0.025 0.0444444
18 0.33125 0.0888889 0.025 0.0444444
10 0.35 0.0888889 0.0375 0.0444444
18 0.39375 0.0777778 0.075 0.0222222
18 0.4125 0.0888889 0.0625 0.0444444
10 0.41875 0.0777778 0.075 0.0666667
10 0.44375 0.0777778 0.075 0.0666667
10 0.45 0.0666667 0.0625 0.0444444
18 0.475 0.0777778 0.0625 0.0222222
18 0.4875 0.0777778 0.0625 0.0222222
18 0.49375 0.0888889 0.075 0.0444444
18 0.53125 0.0777778 0.125 0.0666667
20 0.5125 0.0777778 0.0375 0.0666667
10 0.58125 0.0777778 0.1 0.0666667
11 0.5875 0.0666667 0.0875 0.0444444
0 0.6375 0.0666667 0.0125 0.0444444
2 0.64375 0.0666667 0.025 0.0444444
2 0.65625 0.0666667 0.025 0.0444444
10 0.69375 0.0777778 0.05 0.0222222
0 0.7375 0.0555556 0.0125 0.0666667
0 0.76875 0.0666667 0.075 0.0444444
3 0.79375 0.0666667 0.05 0.0444444
3 0.8 0.0777778 0.0625 0.0222222
6 0.80625 0.0777778 0.075 0.0222222
6 0.80625 0.0888889 0.1 0.0444444
65 0.81875 0.0888889 0.125 0.0444444
16 0.009375 0.0777778 0.01875 0.155556
67 0.03125 0.111111 0.025 0.0444444
2 0.08125 0.0888889 0.025 0.0444444
2 0.09375 0.0777778 0.025 0.0666667
11 0.10625 0.0888889 0.025 0.0444444
12 0.11875 0.0888889 0.025 0.0444444
11 0.13125 0.0888889 0.025 0.0444444
26 0.15 0.0888889 0.0125 0.0444444
11 0.15625 0.0888889 0.025 0.0444444
11 0.16875 0.0888889 0.025 0.0444444
2 0.175 0.1 0.0375 0.0666667
2 0.19375 0.0777778 0.025 0.0666667
2 0.2125 0.122222 0.0625 0.0666667
10 0.2125 0.0888889 0.0625 0.133333
11 0.23125 0.0888889 0.05 0.133333
10 0.25 0.0888889 0.0625 0.133333
10 0.2625 0.0777778 0.0625 0.111111
11 0.29375 0.0888889 0.05 0.0444444
19 0.3 0.111111 0.0375 0.0444444
18 0.3125 0.1 0.0375 0.0666667
19 0.31875 0.1 0.05 0.0666667
18 0.33125 0.111111 0.025 0.0444444
17 0.35 0.0777778 0.0375 0.0666667
16 0.3625 0.0777778 0.0375 0.0666667
18 0.3625 0.0777778 0.0375 0.0666667
16 0.375 0.0777778 0.0375 0.0666667
16 0.40625 0.0888889 0.05 0.0444444
16 0.4125 0.0777778 0.0625 0.0666667
16 0.425 0.0777778 0.0625 0.0666667
0 0.4375 0.0888889 0.0625 0.0444444
3 0.45625 0.0777778 0.05 0.0666667
2 0.4625 0.0777778 0.0375 0.0666667
17 0.48125 0.0888889 0.075 0.0888889
17 0.5 0.0888889 0.0625 0.0888889
3 0.50625 0.0888889 0.05 0.0888889
0 0.5125 0.0888889 0.0375 0.0888889
16 0.525 0.0888889 0.0625 0.0888889
3 0.55 0.0888889 0.0625 0.0888889
0 0.6375 0.0888889 0.0125 0.0444444
0 0.64375 0.0888889 0.025 0.0444444
2 0.6625 0.0888889 0.0375 0.0444444
16 0.68125 0.0888889 0.05 0.0444444
54 0.7 0.0777778 0.0625 0.0666667
16 0.75625 0.0888889 0.075 0.0444444
2 0.76875 0.111111 0.075 0.0888889
2 0.78125 0.1 0.075 0.111111
3 0.7875 0.111111 0.0875 0.0444444
39 0.025 0.122222 0.0125 0.0222222
29 0.05 0.133333 0.0125 0.0444444
26 0.0375 0.133333 0.0625 0.0444444
1 0.05625 0.122222 0.05 0.0222222
1 0.08125 0.122222 0.025 0.0222222
2 0.09375 0.122222 0.025 0.0222222
26 0.1 0.133333 0.0375 0.0444444
29 0.10625 0.133333 0.05 0.0888889
11 0.15625 0.111111 0.025 0.0444444
11 0.175 0.111111 0.0125 0.0444444
10 0.175 0.111111 0.0375 0.0888889
11 0.21875 0.166667 0.05 0.155556
11 0.23125 0.166667 0.05 0.155556
13 0.26875 0.122222 0.025 0.0222222
19 0.28125 0.133333 0.05 0.0444444
19 0.33125 0.122222 0.125 0.0222222
16 0.3125 0.122222 0.0125 0.0222222
4 0.31875 0.122222 0.05 0.0222222
2 0.33125 0.122222 0.025 0.0222222
19 0.3375 0.1 0.1625 0.111111
4 0.3875 0.122222 0.2375 0.0222222
11 0.39375 0.133333 0.225 0.0444444
3 0.40625 0.133333 0.225 0.0444444
0 0.4875 0.122222 0.0875 0.0222222
0 0.4625 0.111111 0.0625 0.0444444
3 0.525 0.0888889 0.0625 0.0888889
44 0.54375 0.111111 0.05 0.0444444
1 0.575 0.111111 0.0875 0.0888889
0 0.59375 0.111111 0.025 0.0888889
10 0.5875 0.111111 0.0375 0.0444444
11 0.64375 0.111111 0.025 0.0444444
3 0.64375 0.111111 0.025 0.0888889
0 0.65625 0.111111 0.05 0.0888889
16 0.69375 0.111111 0.125 0.0888889
3 0.68125 0.0888889 0.05 0.0444444
16 0.69375 0.111111 0.05 0.0888889
20 0.73125 0.1 0.125 0.111111
54 0.79375 0.133333 0.125 0.0444444
11 0.8125 0.133333 0.1375 0.0444444
19 0.071875 0.133333 0.14375 0.0888889
41 0.03125 0.133333 0.025 0.0444444
67 0.04375 0.144444 0.025 0.0666667
2 0.09375 0.166667 0.05 0.0666667
35 0.09375 0.155556 0.05 0.0888889
29 0.125 0.188889 0.0875 0.111111
13 0.125 0.188889 0.0875 0.111111
29 0.125 0.166667 0.0875 0.0666667
12 0.1625 0.144444 0.0125 0.0222222
12 0.175 0.144444 0.0125 0.0222222
10 0.1875 0.144444 0.0125 0.0222222
0 0.2 0.144444 0.0125 0.0222222
2 0.21875 0.133333 0.05 0.0444444
2 0.21875 0.144444 0.05 0.0666667
2 0.2375 0.144444 0.0375 0.0666667
2 0.2375 0.155556 0.0375 0.0444444
2 0.25 0.122222 0.0375 0.0666667
2 0.26875 0.166667 0.025 0.0666667
2 0.28125 0.166667 0.05 0.0666667
4 0.33125 0.166667 0.125 0.0666667
4 0.31875 0.155556 0.05 0.0444444
4 0.325 0.144444 0.0375 0.0222222
4 0.34375 0.133333 0.075 0.0444444
2 0.3375 0.133333 0.0875 0.0444444
29 0.44375 0.144444 0.025 0.0222222
44 0.45 0.144444 0.0125 0.0222222
3 0.48125 0.133333 0.05 0.0444444
1 0.58125 0.133333 0.025 0.0444444
0 0.5875 0.133333 0.0125 0.0444444
21 0.65625 0.155556 0.05 0.0444444
21 0.69375 0.144444 0.125 0.0666667
21 0.7125 0.122222 0.1125 0.111111
10 0.6875 0.122222 0.0625 0.111111
16 0.75 0.144444 0.1125 0.0222222
21 0.7625 0.144444 0.0875 0.0222222
4 0.75 0.133333 0.0375 0.0444444
44 0.725 0.144444 0.2625 0.0666667
2 0.015625 0.155556 0.03125 0.0888889
2 0.01875 0.166667 0.025 0.0666667
11 0.03125 0.166667 0.025 0.0666667
11 0.04375 0.166667 0.025 0.0666667
2 0.09375 0.188889 0.025 0.0666667
2 0.1 0.188889 0.0375 0.0666667
0 0.1125 0.188889 0.0125 0.0666667
0 0.13125 0.188889 0.025 0.0666667
10 0.19375 0.166667 0.025 0.0666667
0 0.19375 0.155556 0.025 0.0444444
0 0.20625 0.155556 0.025 0.0444444
1 0.21875 0.155556 0.05 0.0444444
2 0.24375 0.155556 0.025 0.0444444
2 0.29375 0.177778 0.05 0.0444444
2 0.3125 0.177778 0.0375 0.0444444
2 0.375 0.177778 0.1625 0.0444444
2 0.3125 0.166667 0.0625 0.0666667
2 0.3375 0.177778 0.0375 0.0444444
2 0.35625 0.177778 0.075 0.0888889
3 0.44375 0.144444 0.025 0.0666667
10 0.45 0.166667 0.0125 0.0666667
10 0.65 0.166667 0.0375 0.0666667
9 0.64375 0.166667 0.025 0.0666667
50 0.65 0.155556 0.0375 0.0444444
2 0.8375 0.166667 0.1875 0.0666667
6 0.8125 0.166667 0.1125 0.0666667
6 0.85625 0.155556 0.075 0.0444444
2 0.015625 0.177778 0.03125 0.0888889
2 0.025 0.188889 0.0375 0.111111
3 0.03125 0.177778 0.025 0.0888889
19 0.075 0.188889 0.0375 0.155556
2 0.0875 0.188889 0.0375 0.111111
2 0.09375 0.2 0.05 0.0888889
0 0.11875 0.188889 0.025 0.0666667
0 0.15 0.166667 0.0125 0.0666667
26 0.1625 0.177778 0.0125 0.0444444
1 0.16875 0.177778 0 0.0444444
12 0.1875 0.177778 0.0125 0.0444444
0 0.19375 0.166667 0.025 0.0666667
0 0.2 0.177778 0.0375 0.0444444
0 0.21875 0.166667 0.025 0.0222222
2 0.23125 0.177778 0.025 0.0444444
