21 0.85 0 0.0875 0
21 0.8875 0 0.1875 0
11 0.015625 0.0222222 0.03125 0.0444444
60 0.078125 0.0333333 0.15625 0.0666667
21 0.1375 0.0333333 0.0625 0.0666667
12 0.18125 0.0444444 0.075 0.0888889
12 0.20625 0.0333333 0.075 0.0666667
12 0.23125 0.0333333 0.075 0.0666667
12 0.25 0.0333333 0.0625 0.0666667
12 0.26875 0.0333333 0.075 0.0666667
12 0.29375 0.0333333 0.075 0.0666667
12 0.3125 0.0333333 0.0625 0.0666667
12 0.325 0.0333333 0.0625 0.0666667
12 0.34375 0.0333333 0.075 0.0666667
12 0.36875 0.0333333 0.075 0.0666667
2 0.60625 0.0222222 0.075 0.0444444
12 0.6125 0.0222222 0.0875 0.0444444
12 0.65 0.0222222 0.1125 0.0444444
12 0.675 0.0222222 0.0875 0.0444444
8 0.015625 0.0222222 0.03125 0.0444444
12 0.19375 0.0555556 0.05 0.111111
12 0.29375 0.0444444 0.075 0.0888889
12 0.3125 0.0444444 0.0625 0.0888889
12 0.325 0.0444444 0.0625 0.0888889
12 0.3375 0.0444444 0.0625 0.0888889
12 0.35 0.0444444 0.0625 0.0888889
12 0.36875 0.0444444 0.075 0.0888889
12 0.3875 0.0444444 0.0625 0.0888889
12 0.71875 0.0333333 0.175 0.0666667
8 0.015625 0.0555556 0.03125 0.111111
8 0.015625 0.0333333 0.03125 0.0666667
0 0.13125 0.0555556 0.025 0.111111
0 0.14375 0.0555556 0.025 0.111111
0 0.14375 0.0555556 0.05 0.111111
0 0.15625 0.0444444 0.05 0.0888889
12 0.21875 0.0444444 0.075 0.0888889
12 0.24375 0.0444444 0.075 0.0888889
12 0.28125 0.0444444 0.075 0.0888889
12 0.3 0.0444444 0.0625 0.0888889
12 0.3125 0.0444444 0.0625 0.0888889
12 0.33125 0.0444444 0.075 0.0888889
12 0.3375 0.0444444 0.0625 0.0888889
12 0.35 0.0444444 0.0625 0.0888889
12 0.36875 0.0444444 0.075 0.0888889
12 0.3875 0.0333333 0.0625 0.0666667
12 0.4 0.0333333 0.0625 0.0666667
3 0.40625 0.0444444 0.075 0.0888889
3 0.4375 0.0444444 0.0875 0.0888889
3 0.45625 0.0444444 0.075 0.0888889
3 0.48125 0.0444444 0.075 0.0888889
8 0.48125 0.0444444 0.075 0.0888889
12 0.50625 0.0444444 0.075 0.0888889
12 0.525 0.0444444 0.0625 0.0888889
3 0.53125 0.0444444 0.05 0.0888889
3 0.55 0.0444444 0.0625 0.0888889
3 0.56875 0.0555556 0.075 0.0666667
3 0.575 0.0444444 0.0875 0.0888889
3 0.6 0.0444444 0.0875 0.0888889
3 0.6125 0.0333333 0.0875 0.0666667
3 0.61875 0.0444444 0.075 0.0888889
44 0.6375 0.0444444 0.1125 0.0888889
44 0.65625 0.0444444 0.1 0.0888889
44 0.71875 0.0444444 0.2 0.0888889
8 0.71875 0.0444444 0.175 0.0888889
3 0.69375 0.0444444 0.075 0.0888889
3 0.71875 0.0333333 0.075 0.0666667
3 0.7375 0.0333333 0.0875 0.0666667
12 0.88125 0.0333333 0.075 0.0666667
2 0.88125 0.0333333 0.05 0.0666667
0 0.90625 0.0333333 0.075 0.0666667
3 0.9125 0.0333333 0.0625 0.0666667
11 0.953125 0.0444444 0.09375 0.0888889
8 0.015625 0.0666667 0.03125 0.0888889
3 0.015625 0.0666667 0.03125 0.0444444
8 0.065625 0.0888889 0.13125 0.0444444
8 0.034375 0.0555556 0.06875 0.111111
12 0.05 0.0444444 0.0375 0.0888889
67 0.0625 0.0666667 0.0375 0.133333
67 0.08125 0.0666667 0.025 0.133333
0 0.10625 0.0666667 0.025 0.133333
0 0.11875 0.0666667 0.025 0.133333
0 0.15625 0.0444444 0.025 0.0888889
0 0.175 0.0444444 0.0625 0.0888889
3 0.1875 0.0444444 0.0625 0.0888889
12 0.21875 0.0555556 0.075 0.111111
12 0.2375 0.0555556 0.0625 0.111111
12 0.25625 0.0555556 0.075 0.111111
12 0.28125 0.0555556 0.075 0.111111
8 0.3125 0.0444444 0.0625 0.0888889
8 0.33125 0.0444444 0.075 0.0888889
12 0.38125 0.0444444 0.075 0.0888889
12 0.40625 0.0444444 0.075 0.0888889
12 0.425 0.0555556 0.0625 0.0666667
3 0.44375 0.0555556 0.075 0.0666667
3 0.4625 0.0555556 0.0625 0.0666667
12 0.475 0.0555556 0.0875 0.0666667
12 0.48125 0.0666667 0.075 0.0888889
12 0.50625 0.0666667 0.075 0.0888889
12 0.51875 0.0777778 0.075 0.111111
8 0.53125 0.0555556 0.05 0.111111
3 0.55 0.0666667 0.0625 0.0888889
3 0.575 0.0666667 0.0625 0.0444444
3 0.6 0.0666667 0.0875 0.0444444
12 0.61875 0.0666667 0.1 0.0444444
44 0.6625 0.0666667 0.2125 0.0444444
44 0.7 0.0666667 0.2125 0.0444444
44 0.71875 0.0777778 0.175 0.0222222
3 0.7 0.0777778 0.1375 0.0222222
1 0.7125 0.0777778 0.1375 0.0222222
3 0.73125 0.0777778 0.15 0.0222222
26 0.7625 0.0555556 0.0875 0.111111
12 0.775 0.0555556 0.0875 0.111111
12 0.7625 0.0555556 0.1375 0.111111
12 0.8125 0.0555556 0.0875 0.111111
12 0.83125 0.0555556 0.075 0.111111
12 0.83125 0.0555556 0.05 0.111111
44 0.8625 0.0555556 0.0625 0.111111
3 0.9125 0.0666667 0.1625 0.0888889
3 0.88125 0.0666667 0.075 0.0888889
3 0.89375 0.0555556 0.075 0.111111
3 0.9 0.0555556 0.0625 0.0666667
3 0.90625 0.0666667 0.075 0.0444444
11 0.946875 0.0777778 0.10625 0.0222222
6 0.015625 0.0777778 0.03125 0.111111
3 0.015625 0.0888889 0.03125 0.0888889
8 0.065625 0.0888889 0.13125 0.0444444
8 0.03125 0.1 0.05 0.0666667
10 0.034375 0.0666667 0.06875 0.133333
15 0.0625 0.0555556 0.0625 0.111111
0 0.06875 0.0888889 0.05 0.177778
0 0.08125 0.0888889 0.05 0.177778
0 0.10625 0.0888889 0.025 0.177778
21 0.11875 0.0888889 0.025 0.177778
8 0.11875 0.0555556 0.05 0.111111
21 0.13125 0.0555556 0.05 0.111111
60 0.1375 0.0666667 0.0625 0.133333
60 0.23125 0.1 0.075 0.111111
44 0.2375 0.0777778 0.0875 0.155556
8 0.25 0.0777778 0.0875 0.155556
8 0.2625 0.0666667 0.0625 0.133333
8 0.28125 0.0666667 0.075 0.133333
8 0.30625 0.0666667 0.075 0.133333
8 0.3125 0.0555556 0.0625 0.111111
8 0.325 0.0555556 0.0625 0.111111
8 0.3375 0.0666667 0.0625 0.0888889
8 0.35 0.0777778 0.0625 0.111111
8 0.36875 0.0888889 0.075 0.0888889
3 0.38125 0.0888889 0.075 0.0888889
3 0.4 0.0777778 0.0625 0.0666667
3 0.41875 0.0777778 0.075 0.0666667
3 0.43125 0.0888889 0.075 0.0888889
3 0.45625 0.0777778 0.075 0.0666667
3 0.4875 0.0777778 0.1125 0.0666667
3 0.5 0.0666667 0.1125 0.0888889
3 0.5 0.0777778 0.0875 0.111111
8 0.4875 0.0888889 0.1375 0.133333
8 0.51875 0.0777778 0.075 0.111111
8 0.50625 0.0666667 0.125 0.0888889
3 0.54375 0.0777778 0.075 0.0666667
3 0.56875 0.0777778 0.075 0.0666667
3 0.5875 0.0777778 0.1125 0.0666667
3 0.59375 0.0888889 0.125 0.0888889
44 0.64375 0.0888889 0.175 0.0888889
44 0.6875 0.1 0.2125 0.0666667
44 0.70625 0.0888889 0.15 0.0444444
28 0.70625 0.0888889 0.125 0.0444444
3 0.71875 0.0888889 0.15 0.0444444
3 0.79375 0.0888889 0.2 0.0444444
44 0.7875 0.0777778 0.1875 0.0666667
44 0.7625 0.0777778 0.1375 0.111111
8 0.775 0.0777778 0.1375 0.111111
44 0.78125 0.0888889 0.125 0.0444444
8 0.81875 0.0555556 0.075 0.111111
12 0.8125 0.0888889 0.1375 0.0444444
44 0.875 0.0888889 0.2375 0.0444444
44 0.89375 0.0888889 0.15 0.0444444
44 0.88125 0.0777778 0.075 0.0666667
44 0.909375 0.0777778 0.18125 0.0666667
44 0.928125 0.0777778 0.14375 0.0666667
44 0.928125 0.0888889 0.14375 0.0444444
5 0.015625 0.1 0.03125 0.111111
3 0.015625 0.111111 0.03125 0.0888889
8 0.071875 0.1 0.14375 0.0666667
21 0.034375 0.111111 0.06875 0.0888889
21 0.0625 0.1 0.0625 0.111111
21 0.06875 0.0888889 0.05 0.133333
21 0.08125 0.1 0.05 0.155556
21 0.09375 0.0888889 0.05 0.133333
21 0.10625 0.0888889 0.05 0.133333
21 0.125 0.0666667 0.0625 0.133333
43 0.1375 0.1 0.0625 0.111111
8 0.24375 0.111111 0.075 0.0888889
8 0.26875 0.1 0.075 0.111111
8 0.2875 0.1 0.0625 0.111111
8 0.3 0.1 0.0625 0.111111
8 0.3125 0.1 0.0625 0.111111
8 0.325 0.1 0.0625 0.111111
8 0.3375 0.111111 0.0625 0.133333
8 0.35 0.1 0.0625 0.111111
8 0.3875 0.1 0.0625 0.111111
8 0.4 0.0888889 0.0625 0.0888889
3 0.40625 0.1 0.075 0.0666667
8 0.41875 0.1 0.075 0.0666667
8 0.4375 0.111111 0.0625 0.0888889
8 0.45 0.111111 0.0625 0.0888889
8 0.4625 0.111111 0.0625 0.0888889
8 0.49375 0.1 0.125 0.0666667
8 0.5 0.1 0.1125 0.111111
8 0.50625 0.1 0.075 0.111111
8 0.51875 0.111111 0.075 0.133333
8 0.5375 0.1 0.0625 0.111111
8 0.55 0.1 0.0625 0.111111
8 0.5625 0.1 0.0625 0.111111
8 0.6 0.1 0.1125 0.111111
12 0.6125 0.1 0.0875 0.111111
12 0.6125 0.1 0.0875 0.0666667
12 0.66875 0.1 0.1 0.0666667
8 0.69375 0.1 0.1 0.0666667
44 0.7125 0.1 0.1125 0.0666667
3 0.725 0.111111 0.1125 0.0888889
60 0.75 0.111111 0.0875 0.0888889
60 0.79375 0.111111 0.175 0.0888889
44 0.79375 0.1 0.05 0.0666667
44 0.80625 0.111111 0.075 0.0888889
44 0.81875 0.1 0.075 0.0666667
44 0.8125 0.1 0.1125 0.0666667
44 0.8375 0.111111 0.1375 0.0888889
44 0.875 0.111111 0.0875 0.0888889
3 0.875 0.1 0.0875 0.111111
44 0.9125 0.1 0.1125 0.111111
44 0.953125 0.111111 0.09375 0.0888889
43 0.953125 0.111111 0.09375 0.0888889
12 0.946875 0.0888889 0.10625 0.0888889
3 0.015625 0.122222 0.03125 0.111111
8 0.084375 0.122222 0.16875 0.0666667
8 0.090625 0.144444 0.18125 0.0666667
21 0.10625 0.122222 0.15 0.111111
21 0.05625 0.111111 0.05 0.0888889
21 0.09375 0.122222 0.05 0.111111
21 0.11875 0.122222 0.075 0.111111
43 0.125 0.111111 0.0625 0.0888889
43 0.1375 0.1 0.0625 0.0666667
8 0.4 0.111111 0.0625 0.133333
12 0.4125 0.1 0.0625 0.111111
12 0.425 0.111111 0.0625 0.0888889
8 0.475 0.122222 0.0625 0.0666667
8 0.50625 0.122222 0.1 0.0666667
8 0.50625 0.122222 0.075 0.111111
8 0.525 0.111111 0.0625 0.0888889
8 0.56875 0.133333 0.075 0.133333
12 0.575 0.122222 0.0625 0.111111
12 0.59375 0.122222 0.075 0.111111
43 0.60625 0.122222 0.075 0.111111
8 0.63125 0.122222 0.075 0.111111
43 0.6375 0.122222 0.0875 0.111111
8 0.66875 0.111111 0.1 0.0888889
8 0.70625 0.111111 0.1 0.0888889
11 0.70625 0.111111 0.1 0.0888889
44 0.78125 0.133333 0.075 0.0888889
43 0.84375 0.122222 0.15 0.0666667
43 0.84375 0.122222 0.075 0.111111
44 0.85 0.122222 0.0875 0.111111
44 0.86875 0.1 0.1 0.111111
8 0.875 0.111111 0.0875 0.0888889
2 0.015625 0.144444 0.03125 0.111111
3 0.015625 0.144444 0.03125 0.0666667
8 0.084375 0.155556 0.16875 0.0444444
21 0.090625 0.144444 0.18125 0.0666667
21 0.075 0.155556 0.0625 0.133333
25 0.0875 0.155556 0.0375 0.133333
21 0.10625 0.155556 0.075 0.133333
21 0.15625 0.144444 0.125 0.111111
43 0.13125 0.133333 0.075 0.0888889
8 0.20625 0.122222 0.075 0.111111
8 0.2125 0.133333 0.0625 0.0888889
8 0.225 0.133333 0.0625 0.0888889
8 0.24375 0.155556 0.075 0.133333
8 0.25625 0.144444 0.075 0.155556
8 0.3125 0.122222 0.0625 0.111111
8 0.325 0.144444 0.0625 0.155556
8 0.34375 0.144444 0.075 0.155556
8 0.35625 0.133333 0.075 0.133333
8 0.36875 0.122222 0.075 0.155556
8 0.4125 0.122222 0.0625 0.155556
8 0.425 0.133333 0.0625 0.133333
8 0.4375 0.144444 0.0625 0.111111
8 0.45 0.144444 0.0625 0.111111
8 0.4625 0.144444 0.0625 0.111111
8 0.5125 0.133333 0.1125 0.0888889
8 0.50625 0.144444 0.075 0.111111
8 0.525 0.144444 0.0625 0.111111
8 0.5375 0.133333 0.0625 0.0888889
8 0.55 0.133333 0.0625 0.0888889
12 0.575 0.144444 0.0625 0.111111
12 0.5875 0.144444 0.0625 0.111111
8 0.60625 0.144444 0.05 0.111111
8 0.61875 0.144444 0.075 0.111111
8 0.63125 0.133333 0.1 0.0888889
8 0.65625 0.133333 0.175 0.0888889
8 0.68125 0.144444 0.125 0.0666667
