25 0.078125 0.0222222 0.15625 0.0444444
60 0.1375 0.0111111 0.1875 0.0222222
43 0.64375 0.0111111 0.125 0.0222222
6 0.65 0.0111111 0.1125 0.0222222
43 0.69375 0.0111111 0.125 0.0222222
43 0.925 0.0111111 0.1125 0.0222222
44 0.9375 0.0111111 0.1125 0.0222222
34 0.946875 0.0111111 0.10625 0.0222222
34 0.953125 0.0111111 0.09375 0.0222222
43 0.959375 0.0111111 0.08125 0.0222222
11 0.040625 0.0222222 0.08125 0.0444444
29 0.071875 0.0333333 0.14375 0.0666667
44 0.15625 0.0222222 0.1 0.0444444
11 0.5625 0.0111111 0.1125 0.0222222
44 0.6375 0.0111111 0.1625 0.0222222
2 0.65625 0.0111111 0.125 0.0222222
44 0.6625 0.0111111 0.1125 0.0222222
11 0.7375 0.0111111 0.1125 0.0222222
44 0.9 0.0111111 0.1125 0.0222222
44 0.928125 0.0111111 0.14375 0.0222222
29 0.946875 0.0111111 0.10625 0.0222222
8 0.953125 0.0222222 0.09375 0.0444444
21 0.990625 0.0111111 0.01875 0.0222222
6 0.053125 0.0333333 0.10625 0.0666667
14 0.015625 0.0333333 0.03125 0.0666667
10 0.06875 0.0333333 0.025 0.0222222
10 0.06875 0.0333333 0.05 0.0666667
21 0.1125 0.0333333 0.1625 0.0666667
8 0.125 0.0333333 0.1875 0.0666667
8 0.1625 0.0333333 0.1375 0.0666667
4 0.71875 0.0222222 0.125 0.0444444
79 0.953125 0.0333333 0.09375 0.0666667
6 0.953125 0.0333333 0.09375 0.0666667
43 0.959375 0.0444444 0.08125 0.0444444
19 0.053125 0.0333333 0.10625 0.0666667
21 0.05625 0.0444444 0.05 0.0888889
44 0.09375 0.0444444 0.125 0.0888889
44 0.48125 0.0666667 0.175 0.0444444
21 0.4875 0.0666667 0.1625 0.0444444
55 0.5 0.0666667 0.1625 0.0444444
55 0.5375 0.0666667 0.0875 0.0444444
10 0.55 0.0444444 0.0375 0.0444444
20 0.575 0.0444444 0.0625 0.0444444
52 0.68125 0.0333333 0.075 0.0666667
2 0.69375 0.0333333 0.075 0.0666667
2 0.7125 0.0444444 0.0625 0.0444444
10 0.725 0.0444444 0.0625 0.0444444
10 0.71875 0.0444444 0.025 0.0444444
47 0.74375 0.0444444 0.025 0.0444444
10 0.75 0.0444444 0.0375 0.0444444
10 0.775 0.0444444 0.0625 0.0444444
47 0.7875 0.0444444 0.0625 0.0444444
47 0.8 0.0444444 0.0625 0.0444444
6 0.8125 0.0444444 0.0625 0.0444444
52 0.83125 0.0444444 0.05 0.0444444
44 0.84375 0.0666667 0.075 0.0444444
44 0.84375 0.0555556 0.075 0.0222222
43 0.85625 0.0555556 0.075 0.0222222
43 0.88125 0.0555556 0.075 0.0222222
10 0.9125 0.0555556 0.0875 0.0222222
10 0.93125 0.0555556 0.075 0.0222222
44 0.94375 0.0555556 0.075 0.0222222
55 0.95625 0.0444444 0.075 0.0444444
20 0.053125 0.0555556 0.10625 0.111111
14 0.021875 0.0777778 0.04375 0.0666667
44 0.4125 0.0777778 0.1625 0.0222222
44 0.425 0.0666667 0.1625 0.0444444
43 0.4625 0.0777778 0.1625 0.0666667
25 0.46875 0.0777778 0.175 0.0666667
8 0.49375 0.0777778 0.175 0.0222222
8 0.50625 0.0777778 0.175 0.0666667
8 0.49375 0.0777778 0.1 0.0666667
8 0.525 0.0666667 0.1125 0.0444444
34 0.63125 0.0777778 0.125 0.0666667
6 0.66875 0.0777778 0.175 0.0666667
4 0.68125 0.0777778 0.175 0.0666667
10 0.75625 0.0777778 0.075 0.0666667
2 0.76875 0.0888889 0.075 0.0444444
52 0.78125 0.0888889 0.075 0.0444444
6 0.8 0.0888889 0.0875 0.0444444
52 0.81875 0.0777778 0.075 0.0666667
44 0.83125 0.0777778 0.1 0.0666667
47 0.84375 0.0777778 0.075 0.0666667
52 0.8625 0.0777778 0.1125 0.0666667
44 0.875 0.0888889 0.1375 0.0444444
52 0.8875 0.0888889 0.1125 0.0444444
14 0.053125 0.0888889 0.10625 0.0888889
21 0.028125 0.0777778 0.05625 0.0666667
44 0.4625 0.0777778 0.1625 0.0666667
44 0.46875 0.0888889 0.175 0.0888889
44 0.45625 0.0888889 0.075 0.0444444
44 0.5125 0.1 0.1625 0.0666667
50 0.74375 0.111111 0.075 0.0444444
55 0.75625 0.1 0.075 0.0222222
21 0.775 0.0888889 0.0625 0.0444444
21 0.78125 0.0777778 0.075 0.0666667
21 0.79375 0.1 0.075 0.0666667
50 0.8375 0.0777778 0.0875 0.0666667
50 0.86875 0.0777778 0.075 0.0666667
44 0.8625 0.0888889 0.1125 0.0888889
6 0.725 0.122222 0.1375 0.0666667
43 0.73125 0.111111 0.125 0.0444444
43 0.7875 0.111111 0.1625 0.0444444
6 0.76875 0.111111 0.125 0.0444444
42 0.8 0.111111 0.1125 0.0444444
8 0.028125 0.133333 0.05625 0.0888889
8 0.040625 0.166667 0.08125 0.0666667
43 0.11875 0.155556 0.125 0.0444444
29 0.1375 0.155556 0.1125 0.0444444
6 0.56875 0.133333 0.075 0.0444444
10 0.68125 0.122222 0.125 0.0666667
44 0.71875 0.122222 0.125 0.0666667
44 0.7875 0.122222 0.1625 0.0666667
6 0.028125 0.166667 0.05625 0.0666667
6 0.040625 0.177778 0.08125 0.0888889
4 0.053125 0.166667 0.10625 0.0666667
43 0.06875 0.155556 0.1 0.0444444
42 0.0875 0.155556 0.1125 0.0444444
43 0.1375 0.155556 0.1875 0.0444444
34 0.14375 0.166667 0.175 0.0666667
8 0.053125 0.166667 0.10625 0.111111
6 0.040625 0.2 0.08125 0.0444444
44 0.11875 0.166667 0.175 0.0666667
51 0.14375 0.166667 0.175 0.0666667
47 0.13125 0.166667 0.125 0.0666667
50 0.1875 0.166667 0.0625 0.0666667
44 0.175 0.177778 0.1125 0.0888889
44 0.23125 0.188889 0.125 0.0222222
44 0.26875 0.188889 0.075 0.0222222
51 0.3 0.177778 0.0625 0.0444444
47 0.3125 0.177778 0.0625 0.0444444
44 0.56875 0.166667 0.075 0.0666667
50 0.5875 0.177778 0.0875 0.0444444
55 0.60625 0.166667 0.15 0.0666667
6 0.6125 0.166667 0.1625 0.0666667
10 0.64375 0.177778 0.1 0.0444444
21 0.65 0.177778 0.1125 0.0444444
44 0.66875 0.177778 0.075 0.0444444
44 0.65 0.177778 0.1125 0.0444444
44 0.65625 0.166667 0.125 0.0666667
44 0.69375 0.166667 0.075 0.0666667
6 0.725 0.166667 0.1125 0.0666667
43 0.7375 0.166667 0.1125 0.0666667
43 0.7625 0.166667 0.1125 0.0666667
43 0.79375 0.166667 0.175 0.0666667
13 0.79375 0.166667 0.125 0.0666667
66 0.825 0.166667 0.1125 0.0666667
43 0.8375 0.166667 0.1125 0.0666667
13 0.875 0.166667 0.1125 0.0666667
21 0.053125 0.2 0.10625 0.0888889
21 0.015625 0.211111 0.03125 0.0666667
55 0.040625 0.211111 0.08125 0.0666667
66 0.425 0.2 0.1625 0.0444444
66 0.425 0.2 0.1125 0.0444444
25 0.83125 0.188889 0.075 0.0666667
25 0.825 0.188889 0.1125 0.0666667
11 0.021875 0.244444 0.04375 0.0444444
47 0.053125 0.255556 0.10625 0.0666667
23 0.021875 0.255556 0.04375 0.0666667
47 0.059375 0.277778 0.11875 0.0666667
21 0.059375 0.277778 0.11875 0.0666667
47 0.053125 0.322222 0.10625 0.0666667
21 0.015625 0.322222 0.03125 0.0666667
47 0.053125 0.344444 0.10625 0.0666667
21 0.015625 0.344444 0.03125 0.0666667
11 0.015625 0.355556 0.03125 0.0444444
60 0.053125 0.377778 0.10625 0.0888889
21 0.021875 0.388889 0.04375 0.0666667
20 0.021875 0.388889 0.04375 0.0666667
10 0.0375 0.377778 0.0125 0.0444444
44 0.08125 0.377778 0.125 0.0444444
43 0.1125 0.377778 0.1625 0.0444444
43 0.0875 0.377778 0.0875 0.0444444
43 0.10625 0.377778 0.075 0.0444444
43 0.1375 0.366667 0.0375 0.0666667
43 0.15625 0.366667 0.025 0.0666667
42 0.16875 0.377778 0.025 0.0444444
42 0.18125 0.377778 0.025 0.0444444
42 0.19375 0.377778 0.025 0.0444444
31 0.21875 0.377778 0.075 0.0444444
44 0.275 0.377778 0.1125 0.0444444
43 0.2625 0.377778 0.1375 0.0444444
44 0.24375 0.377778 0.1 0.0444444
44 0.28125 0.377778 0.075 0.0444444
13 0.3 0.377778 0.1125 0.0444444
44 0.36875 0.377778 0.125 0.0888889
44 0.38125 0.377778 0.125 0.0444444
55 0.53125 0.377778 0.125 0.0888889
8 0.5375 0.377778 0.1125 0.0888889
8 0.5625 0.377778 0.1375 0.0888889
8 0.59375 0.377778 0.15 0.0444444
8 0.575 0.366667 0.0875 0.0666667
8 0.575 0.377778 0.0875 0.0444444
44 0.86875 0.377778 0.125 0.0888889
44 0.8875 0.388889 0.1125 0.0666667
43 0.928125 0.388889 0.14375 0.0666667
44 0.928125 0.388889 0.14375 0.0666667
47 0.053125 0.4 0.10625 0.0888889
20 0.021875 0.411111 0.04375 0.0666667
9 0.021875 0.4 0.04375 0.0444444
8 0.5125 0.4 0.0625 0.0888889
8 0.53125 0.4 0.075 0.0888889
8 0.5625 0.4 0.0375 0.0888889
44 0.5875 0.4 0.0375 0.0888889
44 0.928125 0.4 0.14375 0.0444444
21 0.053125 0.422222 0.10625 0.0888889
20 0.021875 0.433333 0.04375 0.0666667
21 0.021875 0.433333 0.04375 0.0666667
21 0.053125 0.444444 0.10625 0.0888889
20 0.021875 0.444444 0.04375 0.0444444
21 0.021875 0.455556 0.04375 0.0666667
21 0.053125 0.466667 0.10625 0.0888889
21 0.015625 0.466667 0.03125 0.0444444
55 0.021875 0.477778 0.04375 0.0666667
47 0.021875 0.488889 0.04375 0.0444444
60 0.053125 0.522222 0.10625 0.0666667
9 0.4375 0.511111 0.0375 0.0444444
60 0.065625 0.533333 0.13125 0.0888889
52 0.39375 0.522222 0.125 0.0666667
9 0.4375 0.522222 0.0625 0.0666667
25 0.021875 0.555556 0.04375 0.0444444
25 0.046875 0.555556 0.09375 0.0444444
25 0.19375 0.544444 0.075 0.0666667
6 0.25625 0.544444 0.075 0.0666667
2 0.28125 0.544444 0.075 0.0666667
25 0.2875 0.544444 0.0875 0.0666667
60 0.36875 0.555556 0.125 0.0444444
6 0.39375 0.544444 0.125 0.0666667
9 0.4375 0.555556 0.0375 0.0444444
60 0.54375 0.544444 0.125 0.0666667
13 0.81875 0.555556 0.125 0.0444444
13 0.83125 0.555556 0.025 0.0444444
66 0.84375 0.544444 0.125 0.0666667
60 0.940625 0.555556 0.11875 0.0888889
21 0.01875 0.577778 0.025 0.0444444
44 0.0875 0.566667 0.0625 0.0666667
25 0.4375 0.566667 0.0875 0.0666667
25 0.4625 0.566667 0.1125 0.0666667
21 0.015625 0.6 0.03125 0.0444444
60 0.36875 0.588889 0.125 0.0666667
21 0.43125 0.588889 0.075 0.0666667
25 0.4625 0.577778 0.0875 0.0888889
51 0.015625 0.622222 0.03125 0.0444444
44 0.3875 0.611111 0.1125 0.0666667
44 0.44375 0.622222 0.05 0.0444444
55 0.44375 0.622222 0.075 0.0444444
43 0.275 0.644444 0.1125 0.0444444
44 0.33125 0.644444 0.175 0.0444444
44 0.39375 0.633333 0.075 0.0666667
51 0.034375 0.655556 0.06875 0.0666667
47 0.040625 0.666667 0.08125 0.0888889
29 0.36875 0.655556 0.125 0.0666667
25 0.775 0.655556 0.1625 0.0666667
13 0.86875 0.666667 0.125 0.0444444
6 0.89375 0.666667 0.125 0.0444444
34 0.90625 0.677778 0.125 0.0222222
11 0.95 0.655556 0.0875 0.0666667
29 0.959375 0.666667 0.08125 0.0444444
47 0.028125 0.7 0.05625 0.0666667
47 0.021875 0.711111 0.04375 0.0444444
50 0.0625 0.7 0.0625 0.0222222
60 0.35625 0.688889 0.125 0.0444444
44 0.64375 0.688889 0.075 0.0444444
44 0.68125 0.688889 0.025 0.0444444
60 0.7875 0.677778 0.0875 0.0666667
43 0.85625 0.677778 0.125 0.0666667
13 0.86875 0.688889 0.125 0.0444444
47 0.8875 0.688889 0.1125 0.0444444
47 0.946875 0.688889 0.10625 0.0444444
47 0.925 0.688889 0.0875 0.0444444
44 0.9125 0.688889 0.0625 0.0444444
44 0.93125 0.688889 0.075 0.0444444
29 0.95 0.688889 0.0875 0.0444444
47 0.053125 0.7 0.10625 0.0666667
11 0.059375 0.711111 0.11875 0.0444444
6 0.021875 0.711111 0.04375 0.0444444
66 0.075 0.711111 0.0625 0.0444444
6 0.06875 0.711111 0.1 0.0444444
13 0.1 0.7 0.1125 0.0666667
13 0.11875 0.711111 0.125 0.0444444
13 0.1375 0.7 0.1125 0.0666667
13 0.1625 0.7 0.1125 0.0666667
13 0.1875 0.7 0.1125 0.0666667
13 0.20625 0.711111 0.125 0.0444444
6 0.23125 0.711111 0.125 0.0444444
66 0.28125 0.711111 0.075 0.0444444
13 0.3 0.711111 0.0625 0.0444444
13 0.2875 0.711111 0.1125 0.0444444
13 0.2875 0.7 0.0875 0.0666667
6 0.36875 0.711111 0.125 0.0444444
6 0.39375 0.7 0.125 0.0666667
66 0.45625 0.711111 0.075 0.0444444
44 0.50625 0.7 0.125 0.0666667
60 0.51875 0.7 0.125 0.0666667
6 0.53125 0.711111 0.125 0.0444444
52 0.6 0.711111 0.0625 0.0444444
6 0.65 0.711111 0.0625 0.0444444
13 0.64375 0.711111 0.025 0.0444444
13 0.8375 0.711111 0.0375 0.0444444
44 0.81875 0.711111 0.075 0.0444444
