65 0.046875 0.0444444 0.09375 0.0888889
60 0.412499 0.0111111 0.187498 0.0222222
6 0.41875 0.0111111 0.175 0.0222222
60 0.40625 0.0111111 0.125 0.0222222
1 0.44375 0 0.075 0
1 0.456248 0 0.0750032 0
43 0.45625 0.0111111 0.125 0.0222222
52 0.4625 0.0111111 0.1375 0.0222222
35 0.475 0.0111111 0.1375 0.0222222
35 0.50625 0.0111111 0.15 0.0222222
55 0.78125 0.0111111 0.175 0.0222222
4 0.79375 0.0111111 0.175 0.0222222
4 0.80001 0.0111111 0.16252 0.0222222
16 0.812125 0.0111111 0.161749 0.0222222
1 0.84374 0.0111111 0.0500191 0.0222222
10 0.862492 0.0111111 0.112516 0.0222222
0 0.862407 0.0111111 0.0626865 0.0222222
0 0.877918 0.0111111 0.118335 0.0222221
1 0.89375 0.0111111 0.125 0.0222222
51 0.906269 0.0111111 0.150039 0.0222222
21 0.921677 0.0111111 0.156646 0.0222222
6 0.953125 0.0222222 0.09375 0.0444444
34 0.953125 0.0222222 0.09375 0.0444444
4 0.953125 0.0222222 0.09375 0.0444444
47 0.046875 0.0111111 0.09375 0.0222222
60 0.4125 0.0333333 0.1875 0.0666667
60 0.425 0.0333333 0.1875 0.0666667
60 0.4625 0.0333333 0.1625 0.0666667
65 0.45625 0.0333333 0.125 0.0666667
12 0.4625 0.0333333 0.1375 0.0666667
6 0.49375 0.0333333 0.175 0.0666667
12 0.51875 0.0333333 0.175 0.0666667
43 0.51875 0.0333333 0.175 0.0666667
6 0.525 0.0333333 0.1375 0.0666667
12 0.56875 0.0333333 0.175 0.0666667
6 0.575 0.0333333 0.1625 0.0666667
43 0.6 0.0333333 0.1375 0.0666667
12 0.625 0.0333333 0.1375 0.0666667
12 0.675 0.0333333 0.1375 0.0666667
12 0.70625 0.0333333 0.175 0.0666667
6 0.725 0.0333333 0.1875 0.0666667
29 0.787462 0.0333333 0.162576 0.0666667
43 0.825 0.0333333 0.1875 0.0666667
43 0.8375 0.0222222 0.1875 0.0444444
55 0.862525 0.0222222 0.112688 0.0444444
43 0.965625 0.0333333 0.06875 0.0666667
34 0.953125 0.0333333 0.09375 0.0666667
29 0.953125 0.0333333 0.09375 0.0666667
11 0.44375 0.0333333 0.15 0.0666667
11 0.475 0.0333333 0.1625 0.0666667
11 0.5 0.0333333 0.1625 0.0666667
11 0.5125 0.0333333 0.1625 0.0666667
11 0.775 0.0444444 0.1375 0.0888888
11 0.787499 0.0333407 0.137501 0.0666813
65 0.79375 0.0333333 0.175 0.0666667
6 0.8125 0.0333333 0.1875 0.0666667
60 0.84375 0.0333333 0.2 0.0666667
62 0.86875 0.0444444 0.175 0.0888889
69 0.881235 0.0444444 0.174969 0.0888889
43 0.940625 0.0333333 0.11875 0.0666667
29 0.950397 0.0333333 0.0992069 0.0666667
4 0.94375 0.0333333 0.1 0.0666667
16 0.9875 0.0444444 0.0125 0.0444444
49 0.9878 0.0444444 0.0130997 0.0444444
47 0.41875 0.0666667 0.05 0.0888889
47 0.43125 0.0444784 0.05 0.088821
54 0.4375 0.0333333 0.0375 0.0666667
21 0.5125 0.0444444 0.0625 0.0888889
54 0.525 0.0444444 0.0625 0.0888889
54 0.61875 0.0444444 0.125 0.0888889
59 0.625 0.0444444 0.1375 0.0888889
47 0.7125 0.0555556 0.0875 0.0666667
47 0.7625 0.0444444 0.1625 0.0888889
54 0.775 0.0444444 0.1375 0.0888889
47 0.8 0.0333333 0.1375 0.0666667
21 0.805891 0.033372 0.124282 0.0667439
47 0.83125 0.0333333 0.05 0.0666667
47 0.84375 0.0333333 0.05 0.0666667
54 0.850002 0.0444444 0.0625038 0.0888889
54 0.8875 0.0666667 0.1375 0.0444444
28 0.947932 0.0666667 0.0916359 0.0444444
16 0.9875 0.0555556 0.0125 0.0222222
16 0.989774 0.0444444 0.0170481 0.0888889
9 0.21875 0.0994044 0.175 0.198809
65 0.23125 0.0732564 0.175 0.146513
60 0.2625 0.0809699 0.1875 0.104727
2 0.306256 0.0665012 0.149988 0.0447753
28 0.3125 0.0777778 0.1625 0.0666667
16 0.337548 0.0777778 0.162605 0.0666667
28 0.3625 0.0687521 0.1875 0.0486153
60 0.38125 0.0666667 0.175 0.0888889
48 0.4125 0.0666667 0.1625 0.0888889
49 0.419399 0.0666667 0.173678 0.0888889
49 0.43125 0.0555556 0.0250001 0.0666667
20 0.4375 0.0555556 0.0375 0.0666667
60 0.44375 0.0555556 0.025 0.0666667
60 0.487596 0.0666655 0.112309 0.0444468
57 0.49375 0.0555556 0.125 0.0666667
54 0.500003 0.0555556 0.0624941 0.0666667
16 0.51875 0.0666667 0.05 0.0444444
49 0.51875 0.0666667 0.05 0.0444444
54 0.56875 0.0777777 0.125 0.0666667
21 0.593635 0.0555556 0.10023 0.0666667
21 0.5875 0.0581572 0.1375 0.0718699
47 0.59375 0.0666667 0.15 0.0888889
49 0.60625 0.0666667 0.175 0.0888889
49 0.65625 0.0666632 0.15 0.0888819
49 0.6625 0.0555556 0.1125 0.0666667
47 0.65 0.0555556 0.0625 0.0666667
49 0.69375 0.0555556 0.15 0.0666667
21 0.74375 0.0555556 0.05 0.0666667
21 0.74375 0.0555556 0.075 0.0666667
21 0.74375 0.0666667 0.075 0.0444444
21 0.7875 0.0666667 0.1375 0.0444444
16 0.780659 0.0666667 0.123819 0.0444444
16 0.78125 0.0777778 0.125 0.0666667
16 0.825 0.0777778 0.0375 0.0666667
20 0.83125 0.0777778 0.05 0.0666667
54 0.85 0.0777778 0.0625 0.0666667
20 0.85625 0.0666667 0.075 0.0888889
20 0.8875 0.0683369 0.1375 0.0847611
54 0.9 0.0888889 0.1375 0.0444444
21 0.90625 0.0777778 0.15 0.0666667
54 0.906255 0.0777778 0.17499 0.0666667
28 0.953125 0.0777778 0.09375 0.0666667
16 0.990625 0.0555556 0.01875 0.111111
28 0.325 0.0888889 0.0625 0.0444444
55 0.4 0.0666667 0.1625 0.0888889
55 0.41875 0.0777778 0.15 0.0666667
60 0.425 0.0777778 0.0625 0.0666667
59 0.4375 0.0777337 0.0375 0.0665786
60 0.44375 0.0777778 0.025 0.0666667
55 0.48125 0.0888889 0.15 0.0888889
57 0.51875 0.0888889 0.05 0.0888889
18 0.525 0.0777778 0.0625 0.0666667
60 0.575 0.0777778 0.1125 0.0666667
60 0.6 0.0888889 0.0875 0.0888889
57 0.6375 0.0777806 0.0625 0.0666609
20 0.66875 0.0777778 0.1 0.0666667
16 0.656343 0.0780726 0.050185 0.0672563
21 0.7125 0.0888889 0.1375 0.0888889
49 0.74375 0.0777778 0.05 0.0666667
17 0.799455 0.0777778 0.174562 0.0666667
57 0.806269 0.0777778 0.175038 0.0666667
17 0.825 0.0777778 0.0375 0.0666667
18 0.83125 0.0888889 0.025 0.0444444
54 0.83125 0.0888889 0.025 0.0444444
20 0.8375 0.0888889 0.0125 0.0444444
57 0.862506 0.0888889 0.0375122 0.0444444
2 0.953125 0.0777778 0.09375 0.0666667
28 0.953125 0.0888889 0.09375 0.0444444
1 0.9875 0.0888889 0.0125 0.0444444
11 0.224909 0.109478 0.0873188 0.0477098
10 0.231194 0.133302 0.0998884 0.0888252
0 0.243752 0.122222 0.0750047 0.0666667
10 0.25 0.122114 0.0375 0.0664507
16 0.275 0.122222 0.0875 0.0666667
16 0.26875 0.122222 0.025 0.0666667
1 0.29375 0.122222 0.075 0.0666667
1 0.3125 0.122222 0.0625005 0.0666667
1 0.31875 0.122155 0.025 0.0665319
16 0.3125 0.122222 0.0125 0.0666667
1 0.325372 0.1 0.0117554 0.0222222
60 0.39375 0.1 0.100001 0.0666667
60 0.40625 0.0888889 0.1 0.0888889
60 0.5 0.1 0.1125 0.0666667
59 0.4875 0.111111 0.1375 0.0888889
70 0.625 0.1 0.0625 0.0666667
20 0.68125 0.111111 0.1 0.0888889
0 0.725 0.100003 0.0875 0.0666724
44 0.73125 0.100002 0.075 0.0666705
1 0.74375 0.1 0.05 0.0666667
0 0.7625 0.099881 0.0375 0.0664286
1 0.76875 0.104101 0.075 0.0584647
16 0.76875 0.10047 0.05 0.065727
16 0.768907 0.110056 0.0253147 0.0465552
16 0.80625 0.1 0.0500001 0.0666667
16 0.85 0.1 0.1125 0.0666667
16 0.825 0.0888889 0.0375 0.0444444
18 0.875 0.1 0.1125 0.0666667
18 0.85625 0.111111 0.05 0.0444444
16 0.85625 0.122222 0.0499996 0.0666667
18 0.8625 0.122222 0.0375 0.0666664
16 0.86875 0.111133 0.025 0.0444872
18 0.88125 0.122222 0.025 0.0666667
16 0.89375 0.111112 0.025 0.0444462
16 0.940643 0.122222 0.118715 0.0666667
16 0.937529 0.111508 0.0874422 0.0880959
28 0.975 0.111111 0.0375 0.0444444
1 0.9875 0.111111 0.0125 0.0444444
15 0.996875 0.111111 0.00625 0.0444444
16 0.256464 0.122222 0.075428 0.0666667
60 0.243942 0.122222 0.0753807 0.0666667
60 0.4625 0.133333 0.1375 0.0888889
49 0.825 0.122222 0.0625 0.0666667
57 0.825 0.122222 0.0375 0.0666667
21 0.831242 0.122222 0.0249842 0.0666667
21 0.862434 0.133333 0.0623684 0.0444444
20 0.8625 0.133333 0.0375 0.0444444
21 0.868793 0.133333 0.0250868 0.0444444
21 0.88125 0.133333 0.025 0.0444444
21 0.89375 0.133333 0.025 0.0444444
70 0.90625 0.133324 0.025 0.0444635
16 0.975 0.122222 0.0375 0.0666667
15 0.996875 0.133333 0.00625 0.0444444
57 0.978125 0.144444 0.04375 0.0666667
66 0.984376 0.222222 0.0312481 0.133333
29 0.978572 0.222222 0.0428562 0.133333
29 0.990625 0.222605 0.01875 0.0881243
29 0.984375 0.233333 0.03125 0.0666667
65 0.95625 0.233333 0.05 0.0222222
29 0.984375 0.233333 0.03125 0.0222222
12 0.9875 0.233296 0.0125 0.0222972
11 0.8375 0.244444 0.0875 0.0888889
6 0.84375 0.255556 0.1 0.111111
11 0.85 0.255556 0.1375 0.111111
14 0.86875 0.255556 0.125 0.111111
50 0.93125 0.255556 0.05 0.0666667
65 0.9625 0.255556 0.0625 0.0666667
39 0.984375 0.255556 0.03125 0.0222222
42 0.983038 0.233333 0.00357685 0.0666667
24 0.10625 0.277778 0.125 0.111111
11 0.825 0.262392 0.1875 0.14199
11 0.83125 0.277778 0.075 0.0666667
42 0.868754 0.26679 0.124992 0.0891355
22 0.904695 0.277609 0.0968903 0.110773
22 0.93125 0.266667 0.05 0.0888889
50 0.946875 0.255556 0.10625 0.0666667
12 0.984375 0.277778 0.03125 0.0222222
42 0.987383 0.266667 0.0122654 0.0444444
11 0.8625 0.288889 0.1375 0.0888889
21 0.88125 0.288889 0.125 0.0888878
44 0.892505 0.3 0.0973351 0.111111
22 0.928125 0.3 0.14375 0.111111
12 0.943746 0.3 0.075008 0.0666667
12 0.975 0.311111 0.0125 0.0444444
42 0.9875 0.277778 0.0124998 0.0666662
55 0.0875 0.322222 0.0125001 0.0666667
26 0.1 0.322222 0.0125 0.0666667
16 0.1375 0.311807 0.0625 0.0458362
47 0.906249 0.311111 0.0749975 0.0888889
21 0.91875 0.311111 0.0500008 0.0888889
21 0.953125 0.311111 0.09375 0.0888889
50 0.946875 0.311111 0.10625 0.0888889
39 0.975 0.3 0.0125006 0.0666667
67 0.987499 0.3 0.0124989 0.0666667
12 0.996875 0.333333 0.00625 0.0444444
28 0.0875 0.377751 0.0375 0.177725
67 0.0937117 0.322222 0.0249233 0.0666667
16 0.843661 0.333333 0.049823 0.0444444
21 0.93125 0.333482 0.075 0.0447416
54 0.94984 0.333333 0.0628208 0.0444444
12 0.984375 0.333436 0.03125 0.0886832
21 0.928125 0.366667 0.14375 0.111111
55 0.925 0.344752 0.1375 0.0672827
50 0.953125 0.377778 0.09375 0.0888889
26 0.337599 0.4 0.087699 0.0888887
54 0.34375 0.400002 0.05 0.0888807
54 0.352933 0.387361 0.0433667 0.0697205
54 0.356252 0.377681 0.0749957 0.0890832
47 0.375 0.388889 0.0625 0.0666673
54 0.38125 0.388889 0.075 0.0666667
60 0.928125 0.375188 0.14375 0.0864685
67 0.2 0.399951 0.0625 0.0887906
67 0.29375 0.388889 0.075 0.0666667
49 0.35625 0.388889 0.05 0.0666667
49 0.362498 0.4 0.0625034 0.0888887
20 0.375 0.39712 0.0625 0.0831283
20 0.391034 0.4 0.0696052 0.0888889
21 0.953125 0.377778 0.09375 0.133332
60 0.928125 0.399997 0.14375 0.0888831
60 0.937508 0.388889 0.0125166 0.0666667
12 0.959375 0.409355 0.08125 0.0701795
12 0.990625 0.388889 0.0187503 0.0666667
54 0.0875062 0.444445 0.0375125 0.0888889
16 0.0999996 0.469112 0.0374993 0.128443
16 0.09375 0.466667 0.025 0.133333
16 0.113232 0.466667 0.0139636 0.133333
54 0.187516 0.428495 0.137532 0.0763422
21 0.19375 0.422222 0.125 0.0888889
20 0.2 0.4 0.1625 0.0888889
21 0.200006 0.4 0.162487 0.0888889
21 0.24375 0.4 0.125 0.0888884
60 0.25 0.411111 0.1875 0.111111
60 0.262502 0.4 0.162495 0.0888889
57 0.2875 0.4 0.0875003 0.0888889
54 0.29375 0.410103 0.075 0.109096
20 0.393353 0.411039 0.149176 0.066811
20 0.387454 0.411111 0.112592 0.111111
17 0.374986 0.411111 0.0625256 0.0666668
20 0.375 0.400008 0.0375 0.088873
60 0.6 0.421792 0.1375 0.176917
55 0.60625 0.422027 0.125 0.132952
59 0.61875 0.411111 0.125 0.111111
47 0.88122 0.432998 0.0750607 0.111782
54 0.89352 0.433333 0.0745394 0.111111
49 0.906239 0.433333 0.0749773 0.111111
46 0.8875 0.433333 0.0375 0.11111
21 0.953125 0.400009 0.09375 0.133315
20 0.953125 0.410772 0.09375 0.111789
