11 0.34375 0.0111111 0.125 0.0222222
10 0.3375 0.0111111 0.0375 0.0222222
25 0.34375 0.0111111 0.025 0.0222222
11 0.34375 0.0111111 0.025 0.0222222
17 0.4125 0.0111111 0.1375 0.0222222
17 0.3875 0.0111111 0.0625 0.0222222
8 0.41875 0 0.025 0
11 0.41875 0.0222222 0.025 0.0444444
11 0.4375 0.0222222 0.0875 0.0444444
4 0.45 0.0222222 0.1125 0.0444444
17 0.46875 0.0222222 0.075 0.0444444
17 0.4875 0.0222222 0.0875 0.0444444
11 0.63125 0.0222222 0.15 0.0444444
4 0.65 0.0222222 0.1625 0.0444444
4 0.70625 0.0222222 0.075 0.0444444
11 0.70625 0 0 0
11 0.75625 0.0222222 0.2 0.0444444
10 0.75625 0.0111111 0.125 0.0222222
11 0.8 0.0444444 0.0875 0.0888889
11 0.8125 0.0333333 0.1125 0.0666667
11 0.84375 0.0222222 0.175 0.0444444
6 0.84375 0.0222222 0.2 0.0444444
11 0.896875 0.0222222 0.20625 0.0444444
11 0.921875 0.0222222 0.15625 0.0444444
32 0.990625 0.0111111 0.01875 0.0222222
2 0.053125 0.0222222 0.10625 0.0444444
37 0.225 0.0111111 0.0875 0.0222222
8 0.2375 0.0111111 0.0875 0.0222222
8 0.2875 0.0111111 0.1125 0.0222222
8 0.3125 0.0222222 0.1125 0.0444444
11 0.31875 0.0222222 0.125 0.0444444
8 0.34375 0.0111111 0.125 0.0222222
11 0.33125 0.0111111 0.05 0.0222222
8 0.34375 0.0111111 0.025 0.0222222
11 0.38125 0.0222222 0.075 0.0444444
8 0.4125 0.0222222 0.1375 0.0444444
29 0.43125 0.0333333 0.075 0.0666667
8 0.49375 0.0222222 0.1 0.0444444
8 0.5125 0.0222222 0.1125 0.0444444
4 0.61875 0.0222222 0.075 0.0444444
11 0.6625 0.0222222 0.0875 0.0444444
8 0.7 0.0111111 0.0625 0.0222222
11 0.7 0.0222222 0.0375 0.0444444
22 0.725 0.0222222 0.0125 0.0444444
23 0.7625 0.0222222 0.1625 0.0444444
23 0.85 0.0222222 0.1125 0.0444444
4 0.8375 0.0222222 0.1625 0.0444444
8 0.953125 0.0222222 0.09375 0.0444444
8 0.3375 0.0222222 0.1375 0.0444444
8 0.33125 0.0222222 0.025 0.0444444
8 0.3375 0.0333333 0.0375 0.0666667
8 0.3625 0.0333333 0.0375 0.0666667
47 0.3625 0.0333333 0.0375 0.0666667
4 0.41875 0.0444444 0.025 0.0444444
4 0.425 0.0444444 0.0375 0.0444444
4 0.425 0.0444444 0.0125 0.0444444
19 0.425 0.0444444 0.0375 0.0444444
8 0.48125 0.0444444 0.025 0.0444444
8 0.4875 0.0444444 0.0375 0.0444444
8 0.675 0.0333333 0.0625 0.0666667
21 0.7 0.0222222 0.0375 0.0444444
21 0.725 0.0222222 0.0125 0.0444444
19 0.7375 0.0333333 0.0125 0.0666667
19 0.74375 0.0333333 0.025 0.0666667
22 0.7625 0.0333333 0.0375 0.0666667
21 0.8 0.0222222 0.0125 0.0444444
21 0.8125 0.0222222 0.0125 0.0444444
8 0.028125 0.0333333 0.05625 0.0666667
8 0.025 0.0444444 0.0375 0.0444444
4 0.04375 0.0333333 0.025 0.0666667
8 0.1 0.0444444 0.0125 0.0444444
8 0.125 0.0555556 0.1125 0.0666667
4 0.18125 0.0555556 0.1 0.0666667
2 0.2125 0.0555556 0.1125 0.0666667
4 0.275 0.0555556 0.0625 0.0666667
0 0.3 0.0555556 0.1125 0.0666667
0 0.275 0.0444444 0.0375 0.0444444
4 0.275 0.0555556 0.0375 0.0666667
8 0.275 0.0333333 0.0625 0.0666667
8 0.3 0.0444444 0.0625 0.0444444
8 0.325 0.0555556 0.0375 0.0666667
2 0.3625 0.0444444 0.0375 0.0888889
2 0.35625 0.0444444 0.025 0.0888889
19 0.39375 0.0555556 0.05 0.0666667
4 0.4125 0.0444444 0.0125 0.0444444
19 0.41875 0.0444444 0.025 0.0444444
19 0.43125 0.0444444 0.025 0.0444444
19 0.45625 0.0444444 0.025 0.0444444
19 0.46875 0.0444444 0.05 0.0444444
2 0.4875 0.0444444 0.0375 0.0444444
2 0.50625 0.0444444 0.025 0.0444444
2 0.51875 0.0444444 0.025 0.0444444
2 0.53125 0.0666667 0.025 0.0444444
2 0.54375 0.0666667 0.025 0.0444444
2 0.5625 0.0666667 0.0375 0.0444444
4 0.56875 0.0666667 0.025 0.0444444
4 0.58125 0.0666667 0.025 0.0444444
4 0.58125 0.0666667 0.05 0.0444444
4 0.60625 0.0555556 0.05 0.0666667
22 0.69375 0.0555556 0.1 0.0666667
22 0.7125 0.0444444 0.0375 0.0444444
19 0.725 0.0333333 0.0375 0.0666667
14 0.73125 0.0444444 0.05 0.0888889
21 0.8 0.0444444 0.1375 0.0888889
19 0.8125 0.0444444 0.1375 0.0888889
14 0.79375 0.0444444 0.2 0.0888889
19 0.8 0.0444444 0.0125 0.0444444
21 0.80625 0.0444444 0.025 0.0444444
19 0.875 0.0444444 0.0375 0.0444444
21 0.9 0.0444444 0.0125 0.0444444
21 0.9125 0.0444444 0.0125 0.0444444
8 0.028125 0.0666667 0.05625 0.0888889
8 0.03125 0.0555556 0.05 0.0666667
8 0.05 0.0555556 0.0125 0.0666667
8 0.0625 0.0666667 0.0125 0.0888889
4 0.06875 0.0666667 0.025 0.0888889
2 0.10625 0.0777778 0.025 0.0666667
2 0.1125 0.0888889 0.0375 0.0888889
2 0.15 0.0777778 0.0375 0.0222222
2 0.15625 0.0777778 0.025 0.0222222
4 0.1875 0.0777778 0.0625 0.0222222
4 0.1875 0.0777778 0.0375 0.0222222
4 0.19375 0.0777778 0.025 0.0222222
4 0.20625 0.0777778 0.025 0.0222222
4 0.2125 0.0777778 0.0125 0.0222222
2 0.225 0.0777778 0.0125 0.0222222
2 0.26875 0.0777778 0.075 0.0222222
2 0.26875 0.0777778 0.05 0.0222222
2 0.26875 0.0777778 0.025 0.0222222
2 0.275 0.0777778 0.0125 0.0222222
2 0.2875 0.0777778 0.0125 0.0222222
8 0.3125 0.0666667 0.0375 0.0444444
2 0.3125 0.0555556 0.0375 0.0666667
2 0.325 0.0555556 0.0375 0.0666667
14 0.33125 0.0777778 0.075 0.111111
2 0.3375 0.0777778 0.0875 0.111111
3 0.35625 0.0666667 0.025 0.0888889
4 0.41875 0.0555556 0.025 0.0666667
2 0.425 0.0444444 0.0375 0.0444444
19 0.425 0.0555556 0.0375 0.0666667
2 0.45 0.0444444 0.0375 0.0444444
2 0.45625 0.0555556 0.05 0.0666667
2 0.475 0.0555556 0.0625 0.0666667
5 0.48125 0.0555556 0.05 0.0666667
2 0.5 0.0666667 0.0375 0.0888889
2 0.51875 0.0777778 0.025 0.0666667
2 0.5375 0.0666667 0.0375 0.0444444
2 0.55625 0.0666667 0.025 0.0444444
2 0.56875 0.0666667 0.025 0.0444444
4 0.5875 0.0555556 0.0375 0.0666667
4 0.59375 0.0777778 0.075 0.111111
4 0.6 0.0777778 0.0375 0.111111
4 0.625 0.0888889 0.0125 0.0888889
4 0.63125 0.0777778 0.025 0.0666667
2 0.65 0.0666667 0.0125 0.0444444
2 0.68125 0.0666667 0.05 0.0888889
4 0.69375 0.0777778 0.15 0.111111
23 0.7 0.0777778 0.0625 0.0666667
4 0.725 0.0777778 0.0375 0.0666667
4 0.78125 0.0777778 0.15 0.0666667
8 0.80625 0.0777778 0.125 0.0666667
4 0.8125 0.0666667 0.1375 0.0888889
14 0.028125 0.1 0.05625 0.111111
19 0.028125 0.0888889 0.05625 0.133333
2 0.04375 0.1 0.05 0.111111
2 0.0625 0.0777778 0.0375 0.0666667
5 0.0625 0.1 0.0375 0.0666667
4 0.0875 0.1 0.0125 0.0666667
4 0.1 0.0888889 0.0375 0.0888889
2 0.13125 0.0888889 0.075 0.0888889
2 0.1375 0.0777778 0.0625 0.0222222
2 0.16875 0.0777778 0.025 0.0222222
2 0.175 0.0777778 0.0375 0.0222222
2 0.1875 0.0777778 0.0375 0.0222222
4 0.2 0.0777778 0.0375 0.0222222
2 0.2125 0.0777778 0.0375 0.0222222
2 0.24375 0.0777778 0.025 0.0222222
2 0.25625 0.0777778 0.025 0.0222222
2 0.28125 0.0777778 0.025 0.0222222
4 0.30625 0.111111 0.05 0.0888889
4 0.3125 0.1 0.0375 0.111111
4 0.34375 0.0888889 0.075 0.133333
4 0.3875 0.0888889 0.1125 0.0888889
4 0.4125 0.1 0.1375 0.111111
4 0.4125 0.122222 0.1375 0.0666667
4 0.375 0.122222 0.0875 0.0666667
4 0.4125 0.111111 0.0375 0.0444444
2 0.425 0.1 0.0375 0.0222222
2 0.43125 0.0888889 0.05 0.0444444
2 0.45 0.0777778 0.0375 0.0666667
4 0.475 0.0888889 0.0625 0.0444444
4 0.4875 0.1 0.0375 0.0666667
4 0.5 0.1 0.0375 0.0666667
2 0.5125 0.0888889 0.0375 0.0888889
4 0.525 0.1 0.0375 0.0666667
4 0.5375 0.1 0.0375 0.111111
4 0.55 0.1 0.0625 0.111111
4 0.575 0.1 0.0375 0.111111
4 0.6 0.1 0.0625 0.111111
4 0.6125 0.1 0.0375 0.111111
2 0.6875 0.0888889 0.1375 0.0888889
4 0.66875 0.1 0.1 0.111111
4 0.7125 0.0888889 0.0375 0.0888889
4 0.71875 0.0777778 0.025 0.0666667
4 0.725 0.0888889 0.0375 0.0444444
4 0.80625 0.0888889 0.125 0.0888889
8 0.8375 0.0777778 0.1125 0.0666667
8 0.85 0.1 0.1125 0.0666667
4 0.84375 0.0888889 0.175 0.0888889
4 0.8625 0.1 0.1875 0.111111
23 0.88125 0.0888889 0.2 0.0888889
22 0.91875 0.1 0.15 0.0666667
8 0.934375 0.1 0.13125 0.0666667
8 0.94375 0.1 0.1 0.0666667
6 0.94375 0.1 0.1 0.0666667
25 0.95 0.1 0.0875 0.0666667
19 0.021875 0.1 0.04375 0.111111
19 0.015625 0.111111 0.03125 0.0888889
10 0.05625 0.1 0.05 0.0666667
8 0.075 0.1 0.0125 0.0666667
4 0.0875 0.1 0.0375 0.0666667
2 0.1 0.1 0.0375 0.0666667
2 0.11875 0.1 0.025 0.0666667
2 0.125 0.0888889 0.0375 0.0888889
2 0.1375 0.1 0.0625 0.111111
4 0.15 0.1 0.0375 0.0666667
4 0.15 0.0888889 0.0375 0.0444444
4 0.16875 0.0888889 0.05 0.0444444
4 0.18125 0.0888889 0.05 0.0444444
4 0.19375 0.0888889 0.05 0.0888889
4 0.20625 0.1 0.05 0.0666667
2 0.21875 0.1 0.05 0.0666667
4 0.25625 0.1 0.075 0.0666667
4 0.2625 0.0888889 0.0625 0.0444444
4 0.26875 0.1 0.05 0.0666667
4 0.28125 0.111111 0.05 0.0888889
4 0.29375 0.1 0.05 0.0666667
4 0.31875 0.111111 0.05 0.0888889
4 0.3375 0.111111 0.0125 0.0888889
4 0.3875 0.111111 0.1125 0.0888889
4 0.3875 0.133333 0.0875 0.0888889
4 0.43125 0.111111 0.025 0.0444444
4 0.4375 0.111111 0.0375 0.0444444
4 0.44375 0.1 0.025 0.0666667
2 0.45 0.111111 0.0375 0.0888889
4 0.49375 0.1 0.025 0.0666667
4 0.525 0.111111 0.0625 0.0888889
4 0.5375 0.122222 0.0375 0.111111
4 0.54375 0.133333 0.05 0.0888889
4 0.55625 0.144444 0.05 0.0666667
4 0.56875 0.133333 0.05 0.0888889
4 0.5875 0.133333 0.0375 0.0888889
4 0.60625 0.144444 0.05 0.0666667
4 0.61875 0.144444 0.05 0.0666667
2 0.6875 0.144444 0.1375 0.0666667
2 0.7125 0.133333 0.1125 0.0444444
2 0.68125 0.122222 0.05 0.0666667
2 0.6875 0.133333 0.0625 0.0444444
4 0.6875 0.133333 0.0625 0.0444444
4 0.70625 0.133333 0.05 0.0888889
4 0.725 0.122222 0.0375 0.0666667
4 0.775 0.122222 0.1375 0.0666667
8 0.825 0.122222 0.1375 0.0666667
4 0.8375 0.122222 0.1375 0.0666667
6 0.8375 0.122222 0.1625 0.0666667
4 0.86875 0.111111 0.125 0.0888889
4 0.8875 0.122222 0.1375 0.0666667
4 0.925 0.122222 0.1125 0.0666667
21 0.91875 0.122222 0.15 0.0666667
11 0.928125 0.122222 0.14375 0.0666667
8 0.940625 0.111111 0.11875 0.0888889
8 0.9375 0.111111 0.0875 0.0888889
4 0.953125 0.111111 0.09375 0.0888889
14 0.021875 0.111111 0.04375 0.0888889
2 0.015625 0.122222 0.03125 0.0666667
2 0.021875 0.133333 0.04375 0.0888889
19 0.075 0.144444 0.0625 0.0666667
4 0.0875 0.144444 0.0375 0.0666667
2 0.10625 0.133333 0.025 0.0888889
2 0.11875 0.166667 0.025 0.155556
4 0.125 0.144444 0.0375 0.111111
4 0.14375 0.144444 0.05 0.111111
4 0.15 0.166667 0.0375 0.0666667
4 0.16875 0.166667 0.05 0.0666667
4 0.1875 0.166667 0.0375 0.0666667
4 0.21875 0.177778 0.025 0.0888889
2 0.225 0.177778 0.0125 0.0888889
2 0.25 0.166667 0.0375 0.0666667
2 0.25625 0.155556 0.025 0.0444444
2 0.275 0.155556 0.0375 0.0444444
2 0.28125 0.144444 0.025 0.0222222
2 0.29375 0.155556 0.025 0.0444444
2 0.30625 0.155556 0.025 0.0444444
4 0.3125 0.144444 0.0375 0.0666667
4 0.3375 0.144444 0.0125 0.0666667
2 0.3625 0.133333 0.0625 0.0444444
5 0.38125 0.133333 0.075 0.0444444
5 0.4 0.133333 0.0625 0.0444444
4 0.39375 0.144444 0.1 0.0666667
25 0.3875 0.144444 0.0875 0.0666667
