37 0.49375 0.0222222 0.05 0.0444444
37 0.45625 0.0222222 0.15 0.0444444
28 0.65 0.0222222 0.0125 0.0444444
37 0.64375 0.0222222 0.15 0.0444444
37 0.7 0.0222222 0.2375 0.0444444
59 0.625 0.0222222 0.0125 0.0444444
28 0.6375 0.0222222 0.0125 0.0444444
16 0.65625 0.0222222 0 0.0444444
16 0.66875 0.0222222 0 0.0444444
16 0.68125 0.0222222 0 0.0444444
59 0.69375 0.0222222 0 0.0444444
57 0.70625 0.0222222 0.1 0.0444444
74 0.953125 0.0222222 0.09375 0.0444444
26 0.015625 0.0333333 0.03125 0.0222222
60 0.5 0.0666667 0.1875 0.133333
60 0.56875 0.0666667 0.15 0.133333
59 0.61875 0.0666667 0.15 0.133333
60 0.63125 0.0666667 0.2 0.133333
60 0.70625 0.0666667 0.25 0.133333
60 0.74375 0.0666667 0.25 0.133333
60 0.78125 0.0444444 0.2 0.0888889
16 0.021875 0.0666667 0.04375 0.0888889
24 0.01875 0.0666667 0.025 0.0888889
57 0.034375 0.0777778 0.06875 0.111111
60 0.053125 0.0666667 0.10625 0.0888889
67 0.059375 0.0666667 0.11875 0.0888889
60 0.6375 0.0666667 0.1875 0.0888889
60 0.6875 0.0666667 0.1875 0.0888889
60 0.7375 0.0666667 0.1875 0.0888889
59 0.725 0.0666667 0.2375 0.0888889
8 0.7375 0.0666667 0.2375 0.0888889
8 0.775 0.0666667 0.1875 0.0888889
8 0.8 0.0555556 0.1875 0.0666667
60 0.825 0.0666667 0.1875 0.0888889
28 0.915625 0.0777778 0.16875 0.0666667
26 0.953125 0.0555556 0.09375 0.0666667
17 0.953125 0.0666667 0.09375 0.0888889
3 0.053125 0.0777778 0.10625 0.111111
28 0.0375 0.0777778 0.0625 0.111111
28 0.046875 0.0888889 0.09375 0.0888889
27 0.071875 0.0888889 0.14375 0.0888889
27 0.078125 0.0888889 0.15625 0.0888889
11 0.084375 0.0777778 0.16875 0.0666667
27 0.1125 0.0777778 0.1875 0.0666667
27 0.15 0.0777778 0.1875 0.0666667
54 0.1625 0.0777778 0.1875 0.0666667
54 0.2 0.0777778 0.1875 0.0666667
54 0.225 0.0777778 0.1875 0.111111
55 0.2375 0.0777778 0.1875 0.111111
54 0.2625 0.0777778 0.1875 0.111111
55 0.275 0.0777778 0.1875 0.111111
59 0.2875 0.0777778 0.1875 0.111111
59 0.3 0.0666667 0.1875 0.133333
60 0.3125 0.0666667 0.1875 0.133333
59 0.33125 0.0666667 0.125 0.133333
55 0.34375 0.0666667 0.125 0.133333
55 0.35625 0.0666667 0.125 0.133333
45 0.36875 0.0777778 0.125 0.111111
55 0.4 0.0777778 0.1875 0.111111
59 0.4125 0.0777778 0.1875 0.111111
45 0.425 0.0666667 0.1875 0.133333
54 0.4375 0.0777778 0.1875 0.111111
54 0.43125 0.0777778 0.125 0.111111
54 0.44375 0.0888889 0.1 0.0888889
54 0.45625 0.0777778 0.125 0.0666667
54 0.48125 0.0888889 0.1 0.0888889
54 0.50625 0.0888889 0.1 0.0888889
54 0.5375 0.0666667 0.1375 0.0888889
54 0.58125 0.0666667 0.175 0.0888889
54 0.5625 0.0777778 0.1375 0.0666667
53 0.575 0.0777778 0.1375 0.0666667
53 0.6125 0.0777778 0.1875 0.0666667
53 0.65 0.0777778 0.1875 0.0666667
44 0.68125 0.0666667 0.175 0.0888889
53 0.7 0.0777778 0.1875 0.111111
43 0.68125 0.0888889 0.2 0.0888889
42 0.7375 0.0666667 0.1875 0.0444444
44 0.75625 0.0777778 0.175 0.0666667
53 0.76875 0.0666667 0.175 0.0888889
47 0.78125 0.0666667 0.175 0.0888889
44 0.7875 0.0666667 0.1875 0.0888889
42 0.8 0.0666667 0.1875 0.0888889
44 0.83125 0.0666667 0.175 0.0888889
28 0.909375 0.0888889 0.18125 0.0888889
1 0.915625 0.1 0.16875 0.111111
1 0.921875 0.0666667 0.15625 0.133333
1 0.953125 0.0777778 0.09375 0.111111
28 0.053125 0.0888889 0.10625 0.133333
28 0.034375 0.1 0.06875 0.111111
21 0.053125 0.1 0.10625 0.111111
27 0.059375 0.1 0.11875 0.111111
27 0.065625 0.0666667 0.13125 0.0444444
21 0.071875 0.0666667 0.14375 0.0444444
27 0.08125 0.0777778 0.15 0.0666667
27 0.09375 0.0666667 0.15 0.0444444
21 0.10625 0.0666667 0.15 0.0444444
21 0.15 0.0666667 0.1875 0.0444444
11 0.15 0.0777778 0.1375 0.0666667
21 0.1875 0.0888889 0.1875 0.0888889
21 0.2 0.0777778 0.1875 0.0666667
21 0.2375 0.0777778 0.1875 0.0666667
11 0.275 0.0777778 0.1875 0.0666667
21 0.2875 0.0777778 0.1875 0.0666667
27 0.3 0.1 0.1875 0.0666667
27 0.3125 0.1 0.1875 0.111111
27 0.35 0.1 0.1625 0.111111
21 0.36875 0.1 0.175 0.0666667
21 0.38125 0.1 0.175 0.111111
21 0.4 0.0888889 0.1875 0.0888889
54 0.43125 0.1 0.2 0.111111
21 0.4375 0.111111 0.2125 0.0888889
53 0.4625 0.111111 0.1625 0.0888889
21 0.475 0.1 0.1625 0.0666667
21 0.475 0.111111 0.1875 0.0888889
21 0.5 0.0888889 0.1875 0.0444444
21 0.5125 0.0888889 0.1875 0.0888889
21 0.55 0.0888889 0.1875 0.0888889
21 0.5875 0.0888889 0.1875 0.0888889
11 0.6125 0.0888889 0.1875 0.0888889
21 0.63125 0.0888889 0.2 0.0888889
11 0.65625 0.1 0.2 0.0666667
45 0.69375 0.1 0.175 0.0666667
47 0.7125 0.1 0.1875 0.0666667
11 0.73125 0.1 0.175 0.0666667
11 0.7375 0.0888889 0.1875 0.0444444
11 0.73125 0.1 0.25 0.0666667
47 0.775 0.0888889 0.1875 0.0444444
29 0.7875 0.0888889 0.1875 0.0444444
29 0.83125 0.0888889 0.175 0.0444444
29 0.915625 0.0777778 0.16875 0.0666667
1 0.971875 0.0777778 0.05625 0.0666667
1 0.959375 0.0888889 0.08125 0.0888889
16 0.059375 0.144444 0.11875 0.155556
28 0.009375 0.122222 0.01875 0.111111
28 0.053125 0.144444 0.10625 0.155556
21 0.065625 0.122222 0.13125 0.2
21 0.071875 0.144444 0.14375 0.155556
27 0.065625 0.144444 0.13125 0.155556
27 0.090625 0.144444 0.18125 0.155556
21 0.10625 0.144444 0.175 0.155556
27 0.14375 0.0888889 0.2 0.177778
27 0.15625 0.122222 0.2 0.111111
55 0.1625 0.122222 0.1875 0.111111
45 0.2 0.122222 0.1875 0.111111
55 0.225 0.122222 0.1875 0.111111
45 0.2625 0.122222 0.1875 0.111111
28 0.275 0.122222 0.1875 0.111111
21 0.3 0.122222 0.1875 0.111111
21 0.35625 0.122222 0.175 0.111111
21 0.375 0.1 0.1625 0.155556
27 0.39375 0.111111 0.175 0.0888889
27 0.40625 0.111111 0.175 0.133333
21 0.425 0.111111 0.1875 0.133333
21 0.46875 0.111111 0.175 0.133333
55 0.49375 0.122222 0.175 0.111111
27 0.5125 0.122222 0.1875 0.111111
27 0.54375 0.122222 0.175 0.0666667
45 0.55 0.111111 0.1875 0.0888889
55 0.5625 0.122222 0.1875 0.111111
27 0.575 0.122222 0.1875 0.111111
21 0.6125 0.122222 0.1875 0.111111
21 0.65625 0.1 0.2 0.0666667
21 0.66875 0.1 0.125 0.0666667
47 0.675 0.1 0.1375 0.0666667
55 0.75 0.1 0.1875 0.0666667
55 0.7875 0.1 0.1875 0.0666667
47 0.8 0.111111 0.1875 0.0444444
55 0.8125 0.111111 0.1875 0.0444444
43 0.940625 0.133333 0.11875 0.0888889
4 0.909375 0.133333 0.18125 0.0888889
2 0.915625 0.133333 0.16875 0.0888889
25 0.921875 0.122222 0.15625 0.111111
1 0.928125 0.122222 0.14375 0.111111
26 0.003125 0.122222 0.00625 0.244444
16 0.009375 0.144444 0.01875 0.111111
59 0.046875 0.144444 0.09375 0.111111
55 0.065625 0.144444 0.13125 0.111111
60 0.065625 0.1 0.13125 0.2
57 0.05625 0.1 0.1 0.2
57 0.1 0.1 0.1625 0.2
57 0.075 0.144444 0.0875 0.111111
57 0.1125 0.155556 0.0375 0.0888889
57 0.13125 0.144444 0.025 0.111111
45 0.14375 0.144444 0.025 0.111111
45 0.1625 0.144444 0.0375 0.111111
55 0.1375 0.144444 0.0875 0.111111
57 0.1625 0.144444 0.1125 0.111111
55 0.20625 0.144444 0.175 0.111111
55 0.21875 0.1 0.175 0.2
21 0.225 0.1 0.1875 0.2
55 0.26875 0.144444 0.175 0.111111
55 0.25 0.144444 0.1125 0.111111
21 0.3 0.144444 0.1875 0.111111
21 0.31875 0.1 0.2 0.2
21 0.375 0.1 0.1125 0.2
21 0.38125 0.144444 0.125 0.2
21 0.375 0.122222 0.1625 0.244444
55 0.39375 0.122222 0.125 0.244444
21 0.43125 0.122222 0.175 0.244444
21 0.475 0.122222 0.1375 0.244444
21 0.4875 0.155556 0.1625 0.133333
21 0.5 0.111111 0.1625 0.222222
45 0.5 0.1 0.1875 0.2
21 0.5125 0.122222 0.1875 0.155556
21 0.5375 0.144444 0.1625 0.111111
21 0.575 0.144444 0.1875 0.111111
21 0.61875 0.144444 0.2 0.111111
55 0.64375 0.155556 0.2 0.133333
25 0.66875 0.155556 0.2 0.0888889
21 0.7125 0.155556 0.1875 0.0888889
21 0.75 0.155556 0.1875 0.0888889
47 0.76875 0.155556 0.2 0.0888889
44 0.79375 0.155556 0.2 0.0888889
29 0.83125 0.133333 0.175 0.0444444
44 0.8125 0.133333 0.1375 0.0444444
34 0.88125 0.155556 0.15 0.0888889
43 0.928125 0.144444 0.14375 0.111111
4 0.928125 0.144444 0.14375 0.111111
2 0.965625 0.144444 0.06875 0.111111
1 0.959375 0.133333 0.08125 0.133333
26 0.953125 0.133333 0.09375 0.133333
3 0.003125 0.133333 0.00625 0.266667
16 0.0125 0.155556 0.0125 0.133333
15 0.028125 0.166667 0.05625 0.111111
28 0.053125 0.177778 0.10625 0.0888889
15 0.08125 0.188889 0.075 0.0666667
15 0.06875 0.188889 0.025 0.0666667
15 0.0875 0.177778 0.0125 0.0888889
15 0.09375 0.177778 0.025 0.0888889
15 0.10625 0.166667 0.025 0.111111
15 0.11875 0.166667 0.025 0.111111
15 0.13125 0.166667 0.025 0.111111
15 0.14375 0.166667 0.025 0.111111
15 0.15625 0.166667 0.025 0.111111
28 0.16875 0.166667 0.025 0.111111
21 0.18125 0.166667 0.025 0.111111
21 0.19375 0.144444 0.025 0.155556
21 0.20625 0.111111 0.025 0.222222
15 0.21875 0.111111 0.025 0.222222
15 0.23125 0.111111 0.025 0.222222
15 0.24375 0.111111 0.025 0.222222
15 0.25625 0.111111 0.025 0.222222
28 0.26875 0.111111 0.025 0.222222
21 0.2875 0.111111 0.0125 0.222222
21 0.26875 0.111111 0.075 0.222222
21 0.30625 0.111111 0.025 0.222222
21 0.31875 0.144444 0.025 0.155556
57 0.33125 0.144444 0.025 0.155556
57 0.34375 0.144444 0.025 0.155556
57 0.35625 0.144444 0.025 0.155556
55 0.36875 0.144444 0.025 0.155556
55 0.38125 0.155556 0.025 0.133333
55 0.39375 0.166667 0.025 0.111111
21 0.4125 0.144444 0.0375 0.155556
15 0.425 0.155556 0.0375 0.177778
15 0.4375 0.166667 0.0375 0.2
21 0.45 0.144444 0.0375 0.155556
15 0.45 0.166667 0.0625 0.111111
15 0.51875 0.166667 0.1 0.111111
21 0.525 0.155556 0.1125 0.133333
21 0.48125 0.166667 0.075 0.111111
21 0.5 0.166667 0.0875 0.111111
21 0.5375 0.166667 0.1125 0.111111
21 0.5625 0.166667 0.1125 0.111111
21 0.6 0.166667 0.1375 0.111111
21 0.64375 0.166667 0.2 0.111111
21 0.68125 0.166667 0.175 0.111111
21 0.76875 0.166667 0.2 0.111111
21 0.75 0.166667 0.1375 0.0666667
21 0.8 0.166667 0.1875 0.0666667
44 0.80625 0.166667 0.2 0.0666667
55 0.79375 0.166667 0.125 0.0666667
29 0.80625 0.177778 0.15 0.0888889
34 0.88125 0.177778 0.15 0.0888889
43 0.921875 0.166667 0.15625 0.111111
28 0.928125 0.166667 0.14375 0.111111
4 0.928125 0.177778 0.14375 0.0888889
4 0.953125 0.177778 0.09375 0.0888889
1 0.921875 0.166667 0.15625 0.111111
17 0.946875 0.111111 0.10625 0.222222
2 0.003125 0.155556 0.00625 0.266667
16 0.009375 0.188889 0.01875 0.111111
57 0.021875 0.188889 0.04375 0.111111
16 0.028125 0.188889 0.05625 0.111111
15 0.05625 0.2 0.025 0.0888889
15 0.06875 0.188889 0.025 0.111111
15 0.08125 0.188889 0.025 0.111111
15 0.10625 0.188889 0.025 0.111111
15 0.11875 0.188889 0.025 0.111111
15 0.13125 0.188889 0.025 0.111111
15 0.14375 0.188889 0.025 0.111111
15 0.16875 0.188889 0.025 0.111111
15 0.18125 0.188889 0.025 0.111111
15 0.19375 0.188889 0.025 0.111111
15 0.20625 0.188889 0.025 0.111111
15 0.21875 0.188889 0.025 0.111111
15 0.23125 0.188889 0.025 0.111111
15 0.24375 0.188889 0.025 0.111111
15 0.25625 0.177778 0.025 0.0888889
15 0.26875 0.177778 0.025 0.0888889
