4 0.38125 0.0111111 0.1 0.0222222
25 0.3875 0.0222222 0.1125 0.0444444
25 0.4125 0.0222222 0.0875 0.0444444
21 0.5625 0.0111111 0.1125 0.0222222
8 0.60625 0.0111111 0.125 0.0222222
59 0.6375 0.0111111 0.0625 0.0222222
60 0.64375 0.0111111 0.075 0.0222222
60 0.675 0 0.1375 0
10 0.69375 0 0.05 0
17 0.6625 0.0111111 0.1625 0.0222222
60 0.6875 0.0222222 0.1125 0.0444444
10 0.925 0.0222222 0.0625 0.0444444
10 0.978125 0 0.04375 0
2 0.975 0 0.0375 0
4 0.975 0 0.0375 0
4 0.975 0.0111111 0.0375 0.0222222
8 0.225 0.0222222 0.1125 0.0444444
4 0.23125 0.0222222 0.125 0.0444444
4 0.24375 0.0222222 0.125 0.0444444
6 0.25625 0.0222222 0.125 0.0444444
4 0.3625 0.0222222 0.1125 0.0444444
4 0.375 0.0111111 0.1125 0.0222222
25 0.4125 0.0222222 0.1625 0.0444444
34 0.41875 0.0111111 0.125 0.0222222
34 0.4375 0.0222222 0.1125 0.0444444
47 0.5625 0.0111111 0.0875 0.0222222
47 0.59375 0.0111111 0.15 0.0222222
10 0.63125 0.0111111 0.075 0.0222222
59 0.64375 0.0111111 0.05 0.0222222
60 0.6875 0.0111111 0.1125 0.0222222
60 0.6625 0.0111111 0.1625 0.0222222
0 0.925 0.0111111 0.0625 0.0222222
8 0.9625 0.0111111 0.0625 0.0222222
10 0.965625 0.0222222 0.06875 0.0444444
2 0.975 0.0111111 0.0375 0.0222222
4 0.975 0.0333333 0.0375 0.0666667
4 0.4125 0.0333333 0.1375 0.0666667
4 0.4375 0.0222222 0.1625 0.0444444
4 0.50625 0.0444444 0.125 0.0444444
4 0.5125 0.0444444 0.1375 0.0888889
60 0.525 0.0444444 0.1375 0.0888889
55 0.5875 0.0333333 0.1625 0.0666667
21 0.6125 0.0444444 0.1625 0.0888889
60 0.63125 0.0444444 0.175 0.0888889
60 0.65 0.0555556 0.1625 0.0666667
0 0.91875 0.0222222 0.05 0.0444444
10 0.95625 0.0333333 0.075 0.0666667
2 0.96875 0.0333333 0.05 0.0666667
4 0.9625 0.0555556 0.0625 0.0666667
8 0.028125 0.0333333 0.05625 0.0666667
44 0.24375 0.0666667 0.125 0.0444444
8 0.26875 0.0666667 0.125 0.0444444
8 0.30625 0.0555556 0.125 0.0222222
44 0.31875 0.0555556 0.175 0.0222222
49 0.375 0.0555556 0.1125 0.0666667
49 0.39375 0.0444444 0.1 0.0444444
51 0.3875 0.0555556 0.0625 0.0222222
51 0.43125 0.0666667 0.125 0.0444444
51 0.45625 0.0666667 0.125 0.0444444
60 0.53125 0.0666667 0.175 0.0444444
25 0.53125 0.0666667 0.175 0.0444444
8 0.53125 0.0666667 0.125 0.0444444
8 0.575 0.0444444 0.1875 0.0444444
8 0.5875 0.0333333 0.1875 0.0666667
21 0.925 0.0333333 0.0625 0.0666667
0 0.9375 0.0333333 0.0625 0.0666667
17 0.95625 0.0555556 0.025 0.0666667
8 0.053125 0.0555556 0.10625 0.0666667
8 0.028125 0.0555556 0.05625 0.0666667
44 0.1375 0.0555556 0.1625 0.0666667
44 0.175 0.0555556 0.1625 0.0666667
44 0.1875 0.0666667 0.1625 0.0444444
4 0.44375 0.0666667 0.175 0.0444444
14 0.45625 0.0666667 0.175 0.0444444
4 0.46875 0.0777778 0.175 0.0666667
19 0.4875 0.0777778 0.1625 0.0666667
8 0.5 0.0777778 0.1625 0.0666667
8 0.54375 0.0777778 0.175 0.0666667
8 0.575 0.0555556 0.1875 0.0666667
8 0.53125 0.0666667 0.3 0.0888889
67 0.65 0.0777778 0.1125 0.0222222
67 0.61875 0.0777778 0.2 0.0222222
32 0.575 0.0777778 0.1125 0.0222222
12 0.5625 0.0777778 0.1625 0.0222222
16 0.65 0.0777778 0.0375 0.0222222
55 0.6625 0.0777778 0.0375 0.0222222
55 0.675 0.0777778 0.0375 0.0222222
32 0.69375 0.0666667 0 0.0444444
12 0.70625 0.0777778 0 0.0222222
12 0.71875 0.0666667 0 0.0444444
10 0.73125 0.0666667 0 0.0444444
10 0.74375 0.0777778 0.025 0.0666667
10 0.7625 0.0888889 0.0375 0.177778
21 0.7875 0.0555556 0.0375 0.111111
12 0.925 0.0777778 0.0625 0.0666667
10 0.93125 0.0555556 0.05 0.111111
12 0.9125 0.0555556 0.0875 0.111111
7 0.95625 0.0777778 0.025 0.0666667
10 0.96875 0.0666667 0 0.0444444
8 0.053125 0.0777778 0.10625 0.0666667
8 0.021875 0.0888889 0.04375 0.0444444
51 0.075 0.0777778 0.1125 0.0666667
51 0.125 0.0777778 0.1625 0.0666667
51 0.15 0.0888889 0.1625 0.0444444
44 0.5125 0.0888889 0.0875 0.0444444
8 0.5875 0.0888889 0.1625 0.0444444
21 0.5875 0.0888889 0.0125 0.0444444
55 0.59375 0.0888889 0 0.0444444
67 0.60625 0.0888889 0 0.0444444
67 0.61875 0.0888889 0 0.0444444
67 0.63125 0.0888889 0 0.0444444
12 0.64375 0.0888889 0 0.0444444
12 0.65625 0.0888889 0.025 0.0444444
67 0.6625 0.0888889 0.0125 0.0444444
12 0.68125 0.0888889 0 0.0444444
12 0.69375 0.0888889 0 0.0444444
12 0.70625 0.0888889 0 0.0444444
12 0.71875 0.0888889 0 0.0444444
12 0.73125 0.0888889 0 0.0444444
10 0.74375 0.1 0.025 0.0222222
0 0.7625 0.122222 0.0375 0.155556
10 0.76875 0.133333 0.05 0.133333
59 0.775 0.133333 0.0375 0.133333
25 0.7875 0.0777778 0.0375 0.111111
10 0.83125 0.0888889 0.025 0.0888889
10 0.84375 0.0888889 0.025 0.0888889
10 0.85625 0.122222 0.025 0.155556
10 0.86875 0.0888889 0.025 0.0888889
10 0.875 0.0888889 0.0125 0.0888889
10 0.89375 0.0888889 0.025 0.0888889
10 0.9 0.0888889 0.0375 0.0888889
12 0.91875 0.0888889 0.025 0.0444444
7 0.9625 0.1 0.0375 0.0666667
32 0.96875 0.0888889 0.05 0.0444444
8 0.053125 0.111111 0.10625 0.0444444
8 0.021875 0.111111 0.04375 0.0444444
8 0.03125 0.111111 0.025 0.0444444
8 0.075 0.0888889 0.1125 0.0888889
8 0.0875 0.111111 0.1125 0.0444444
8 0.125 0.111111 0.1625 0.0444444
8 0.1375 0.1 0.1625 0.0666667
8 0.1625 0.111111 0.1625 0.0444444
8 0.175 0.1 0.1625 0.0666667
60 0.4 0.111111 0.0875 0.0444444
60 0.53125 0.111111 0.175 0.0444444
78 0.56875 0.1 0.025 0.0666667
60 0.58125 0.111111 0.025 0.0444444
78 0.59375 0.111111 0 0.0444444
25 0.60625 0.111111 0 0.0444444
78 0.625 0.1 0.0125 0.0666667
78 0.6375 0.1 0.0125 0.0666667
60 0.65625 0.1 0.025 0.0666667
25 0.66875 0.111111 0.025 0.0444444
25 0.675 0.1 0.0125 0.0666667
60 0.69375 0.1 0 0.0666667
60 0.7 0.1 0.0125 0.0666667
12 0.775 0.1 0.1125 0.0666667
10 0.76875 0.111111 0.025 0.0888889
10 0.76875 0.166667 0.025 0.155556
60 0.7875 0.133333 0.0375 0.0888889
12 0.8375 0.111111 0.0125 0.0444444
10 0.84375 0.111111 0.025 0.0444444
2 0.85625 0.122222 0.025 0.0666667
10 0.86875 0.111111 0.025 0.0888889
10 0.88125 0.111111 0.025 0.0888889
10 0.89375 0.111111 0.025 0.0888889
7 0.90625 0.111111 0.025 0.0444444
59 0.91875 0.111111 0.025 0.0444444
59 0.925 0.111111 0.0375 0.0444444
60 0.9125 0.111111 0.0875 0.0444444
55 0.9625 0.111111 0.0375 0.0444444
8 0.025 0.133333 0.0125 0.0444444
8 0.03125 0.133333 0.025 0.0444444
8 0.040625 0.144444 0.08125 0.0666667
8 0.09375 0.133333 0.15 0.0444444
8 0.10625 0.155556 0.15 0.0444444
55 0.1375 0.155556 0.1125 0.0444444
55 0.14375 0.144444 0.15 0.0666667
8 0.16875 0.144444 0.1 0.0666667
8 0.175 0.133333 0.1125 0.0444444
8 0.16875 0.144444 0.15 0.0666667
60 0.38125 0.133333 0.1 0.0444444
60 0.4375 0.133333 0.1625 0.0444444
12 0.56875 0.133333 0.025 0.0444444
78 0.58125 0.133333 0.025 0.0444444
60 0.61875 0.133333 0.125 0.0888889
60 0.6125 0.133333 0.0875 0.0888889
60 0.625 0.122222 0.0875 0.111111
60 0.65 0.122222 0.0625 0.111111
25 0.66875 0.122222 0.05 0.111111
60 0.6625 0.133333 0.0625 0.0888889
60 0.69375 0.133333 0.075 0.0888889
11 0.75625 0.133333 0.025 0.0444444
18 0.76875 0.177778 0.025 0.177778
18 0.775 0.144444 0.0375 0.111111
18 0.7875 0.133333 0.0125 0.0444444
29 0.80625 0.133333 0 0.0444444
78 0.81875 0.133333 0 0.0444444
12 0.83125 0.144444 0 0.0222222
10 0.85 0.133333 0.0125 0.0444444
10 0.85625 0.122222 0.025 0.0666667
8 0.8625 0.133333 0.0125 0.0444444
25 0.88125 0.133333 0.025 0.0444444
60 0.89375 0.122222 0.025 0.0666667
18 0.90625 0.122222 0.025 0.0666667
60 0.91875 0.122222 0.025 0.0666667
60 0.93125 0.133333 0.025 0.0444444
60 0.9625 0.133333 0.0375 0.0444444
29 0.3375 0.155556 0.0875 0.0444444
25 0.58125 0.155556 0.025 0.0444444
29 0.5875 0.155556 0.0125 0.0444444
29 0.61875 0.155556 0 0.0444444
29 0.6375 0.155556 0.0125 0.0444444
25 0.65625 0.155556 0.025 0.0444444
25 0.675 0.144444 0.0375 0.0666667
17 0.6875 0.155556 0.0375 0.0888889
25 0.69375 0.144444 0.05 0.111111
29 0.73125 0.155556 0 0.0444444
11 0.75625 0.166667 0.025 0.0222222
11 0.7625 0.144444 0.0375 0.0666667
8 0.775 0.166667 0.0375 0.0666667
18 0.79375 0.166667 0.025 0.0666667
12 0.80625 0.155556 0 0.0444444
12 0.81875 0.155556 0 0.0444444
10 0.83125 0.155556 0 0.0444444
12 0.84375 0.155556 0.025 0.0444444
12 0.84375 0.188889 0.025 0.155556
17 0.85 0.133333 0.0375 0.266667
18 0.86875 0.133333 0.05 0.266667
18 0.88125 0.155556 0.05 0.133333
25 0.90625 0.177778 0.025 0.0888889
60 0.91875 0.133333 0.05 0.0888889
60 0.925 0.155556 0.0625 0.133333
60 0.9625 0.144444 0.0375 0.111111
29 0.96875 0.166667 0.05 0.0666667
25 0.575 0.166667 0.0375 0.0666667
25 0.58125 0.166667 0.025 0.0666667
25 0.59375 0.177778 0.025 0.0444444
25 0.60625 0.166667 0 0.0222222
12 0.61875 0.177778 0 0.0444444
12 0.63125 0.188889 0 0.0222222
12 0.64375 0.188889 0 0.0222222
11 0.65 0.166667 0.0125 0.0222222
12 0.6625 0.166667 0.0125 0.0222222
25 0.68125 0.177778 0.025 0.0444444
25 0.6875 0.177778 0.0125 0.0444444
25 0.7 0.177778 0.0125 0.0444444
11 0.71875 0.177778 0 0.0444444
11 0.73125 0.188889 0 0.0222222
12 0.74375 0.188889 0 0.0222222
11 0.75625 0.177778 0.025 0.0444444
11 0.7625 0.166667 0.0375 0.0666667
8 0.775 0.177778 0.0375 0.0444444
18 0.79375 0.177778 0.025 0.0444444
12 0.8 0.177778 0.0125 0.0444444
12 0.81875 0.188889 0 0.0222222
10 0.83125 0.188889 0 0.0222222
12 0.78125 0.177778 0.15 0.0444444
12 0.85 0.177778 0.0375 0.133333
19 0.85 0.155556 0.0375 0.0888889
25 0.86875 0.155556 0.05 0.311111
60 0.8875 0.177778 0.0625 0.0444444
8 0.053125 0.211111 0.10625 0.0666667
25 0.5875 0.188889 0.0375 0.0666667
29 0.61875 0.188889 0 0.0666667
78 0.7125 0.188889 0.0125 0.0666667
29 0.73125 0.2 0 0.0444444
29 0.75 0.2 0.0125 0.0444444
11 0.75625 0.2 0.025 0.0444444
18 0.7625 0.188889 0.0375 0.0666667
2 0.775 0.188889 0.0375 0.288889
19 0.7875 0.233333 0.0375 0.155556
11 0.8 0.211111 0.0125 0.0666667
11 0.8125 0.211111 0.0125 0.0666667
12 0.80625 0.177778 0.05 0.0888889
60 0.85625 0.188889 0.025 0.111111
60 0.875 0.244444 0.0375 0.177778
60 0.89375 0.211111 0.025 0.0222222
12 0.9125 0.2 0.0125 0.0444444
77 0.91875 0.155556 0.025 0.222222
34 0.96875 0.211111 0.05 0.0666667
4 0.053125 0.211111 0.10625 0.0666667
8 0.015625 0.211111 0.03125 0.0666667
77 0.56875 0.222222 0.025 0.0444444
21 0.575 0.211111 0.0375 0.155556
47 0.58125 0.244444 0.025 0.177778
12 0.7625 0.211111 0.0375 0.0666667
19 0.7625 0.155556 0.0375 0.222222
2 0.78125 0.177778 0.025 0.266667
2 0.7875 0.188889 0.0375 0.244444
12 0.79375 0.222222 0.025 0.133333
12 0.80625 0.222222 0.05 0.133333
18 0.8375 0.177778 0.0375 0.311111
25 0.85 0.2 0.0375 0.266667
25 0.8625 0.155556 0.0375 0.177778
67 0.88125 0.233333 0.025 0.0222222
12 0.8875 0.233333 0.0125 0.0222222
11 0.89375 0.233333 0.05 0.0222222
10 0.91875 0.244444 0.025 0.0444444
8 0.925 0.211111 0.0375 0.288889
