50 0.015625 0.0111111 0.03125 0.0222222
55 0.1 0 0.0625 0
55 0.1125 0 0.0625 0
50 0.125 0 0.0625 0
6 0.1375 0 0.0875 0
6 0.1625 0 0.0625 0
55 0.15625 0 0 0
55 0.16875 0 0 0
6 0.325 0 0.0625 0
6 0.34375 0 0.075 0
50 0.34375 0.0111111 0.075 0.0222222
50 0.3875 0.0111111 0.1375 0.0222222
55 0.4 0.0111111 0.1375 0.0222222
55 0.41875 0 0.15 0
55 0.4125 0 0.0625 0
55 0.425 0.0111111 0.0625 0.0222222
55 0.45 0.0111111 0.0625 0.0222222
55 0.575 0 0.1375 0
55 0.60625 0 0.125 0
55 0.5875 0 0.0875 0
50 0.6 0 0.0875 0
6 0.6125 0 0.0875 0
50 0.63125 0 0.075 0
50 0.64375 0 0.075 0
50 0.65 0.0111111 0.0875 0.0222222
50 0.69375 0.0111111 0.15 0.0222222
8 0.6875 0 0.0875 0
55 0.65 0 0.3125 0
6 0.015625 0.0222222 0.03125 0.0444444
6 0.025 0.0222222 0.0125 0.0444444
47 0.034375 0.0222222 0.06875 0.0444444
60 0.065625 0.0333333 0.13125 0.0666667
55 0.0875 0.0222222 0.1125 0.0444444
50 0.0875 0.0222222 0.1375 0.0444444
7 0.11875 0.0222222 0.1 0.0444444
16 0.14375 0.0222222 0.075 0.0444444
12 0.15 0.0222222 0.0625 0.0444444
10 0.1375 0.0222222 0.1125 0.0444444
7 0.15625 0.0222222 0.1 0.0444444
10 0.16875 0.0222222 0.075 0.0444444
10 0.1875 0.0222222 0.0875 0.0444444
50 0.3125 0.0111111 0.1125 0.0222222
50 0.34375 0.0111111 0.05 0.0222222
3 0.35 0.0111111 0.0625 0.0222222
3 0.36875 0.0111111 0.05 0.0222222
55 0.375 0.0222222 0.0625 0.0444444
16 0.36875 0.0222222 0.1 0.0444444
16 0.39375 0.0222222 0.075 0.0444444
16 0.41875 0.0222222 0.1 0.0444444
55 0.44375 0.0222222 0.05 0.0444444
55 0.5125 0.0333333 0.0875 0.0666667
55 0.525 0.0222222 0.0875 0.0444444
12 0.56875 0.0222222 0.1 0.0444444
10 0.58125 0.0222222 0.1 0.0444444
12 0.60625 0.0222222 0.075 0.0444444
50 0.6 0.0222222 0.1125 0.0444444
16 0.65 0.0111111 0.0875 0.0222222
50 0.675 0.0111111 0.0625 0.0222222
9 0.8125 0.0111111 0.1125 0.0222222
47 0.8875 0.0222222 0.0875 0.0444444
47 0.015625 0.0444444 0.03125 0.0888889
9 0.015625 0.0222222 0.03125 0.0444444
49 0.6 0.0666667 0.0875 0.133333
49 0.6625 0.0444444 0.0875 0.0888889
9 0.015625 0.0555556 0.03125 0.0666667
60 0.18125 0.0444444 0.05 0.0888889
60 0.19375 0.0444444 0.05 0.0888889
11 0.50625 0.0333333 0.1 0.0666667
2 0.5 0.0555556 0.0625 0.111111
2 0.5125 0.0666667 0.0625 0.133333
4 0.5375 0.0555556 0.0625 0.111111
4 0.55 0.0555556 0.0625 0.111111
4 0.575 0.0555556 0.0875 0.111111
25 0.5875 0.0555556 0.0875 0.111111
11 0.60625 0.0555556 0.1 0.111111
4 0.66875 0.0555556 0.1 0.111111
47 0.8875 0.0555556 0.0875 0.111111
9 0.015625 0.0666667 0.03125 0.0444444
44 0.94375 0.0777778 0.05 0.0222222
29 0.95 0.0777778 0.0625 0.0222222
35 0.984375 0.0666667 0.03125 0.0444444
9 0.015625 0.0777778 0.03125 0.0666667
2 0.5625 0.1 0.0625 0.111111
2 0.575 0.0888889 0.0625 0.0888889
2 0.59375 0.0888889 0.05 0.0888889
2 0.60625 0.1 0.075 0.111111
2 0.64375 0.0888889 0.075 0.0888889
2 0.64375 0.0777778 0.05 0.0666667
2 0.6625 0.0777778 0.0875 0.0666667
2 0.66875 0.1 0.1 0.0666667
2 0.675 0.111111 0.1125 0.0444444
2 0.7 0.111111 0.0875 0.0444444
2 0.725 0.133333 0.1125 0.177778
2 0.74375 0.1 0.125 0.0666667
2 0.76875 0.0888889 0.1 0.0888889
2 0.75625 0.0888889 0.15 0.0888889
2 0.7875 0.0777778 0.0875 0.0666667
2 0.80625 0.0777778 0.1 0.0666667
2 0.8125 0.0888889 0.0875 0.0444444
2 0.8125 0.1 0.1125 0.0666667
2 0.86875 0.1 0.225 0.0666667
2 0.8375 0.1 0.1375 0.0666667
2 0.86875 0.0888889 0.1 0.0444444
2 0.86875 0.0777778 0.125 0.111111
2 0.953125 0.0777778 0.09375 0.155556
20 0.865625 0.0777778 0.26875 0.155556
29 0.921875 0.1 0.15625 0.0666667
51 0.953125 0.1 0.09375 0.0666667
9 0.5125 0.1 0.1375 0.155556
2 0.525 0.1 0.1375 0.155556
2 0.56875 0.111111 0.075 0.133333
2 0.56875 0.122222 0.025 0.111111
2 0.5875 0.111111 0.0875 0.133333
2 0.6125 0.111111 0.0375 0.133333
2 0.6375 0.122222 0.0625 0.111111
2 0.66875 0.122222 0.075 0.111111
2 0.68125 0.122222 0.05 0.111111
2 0.70625 0.122222 0.05 0.111111
2 0.71875 0.122222 0.05 0.111111
2 0.70625 0.144444 0.025 0.0666667
0 0.71875 0.144444 0.025 0.0666667
0 0.73125 0.155556 0.025 0.0888889
2 0.74375 0.155556 0.025 0.0888889
2 0.75625 0.155556 0.025 0.0888889
2 0.76875 0.155556 0.025 0.0888889
2 0.78125 0.144444 0.025 0.0666667
0 0.79375 0.155556 0.025 0.0888889
0 0.80625 0.144444 0.025 0.0666667
0 0.81875 0.144444 0.025 0.0666667
0 0.83125 0.144444 0.025 0.0666667
0 0.84375 0.144444 0.025 0.0666667
2 0.85625 0.144444 0.025 0.0666667
2 0.875 0.144444 0.0375 0.0666667
2 0.8875 0.144444 0.0375 0.0666667
2 0.9 0.133333 0.0375 0.0444444
0 0.9125 0.0888889 0.0375 0.133333
2 0.953125 0.111111 0.09375 0.0888889
2 0.95 0.1 0.0625 0.0666667
50 0.953125 0.111111 0.09375 0.133333
50 0.975 0.122222 0.0125 0.0222222
44 0.98125 0.122222 0.025 0.0222222
9 0.51875 0.122222 0.025 0.155556
2 0.55625 0.133333 0.05 0.177778
2 0.54375 0.122222 0.025 0.155556
2 0.575 0.122222 0.0375 0.155556
2 0.58125 0.166667 0.1 0.2
2 0.60625 0.133333 0.075 0.133333
2 0.625 0.133333 0.0375 0.133333
2 0.65 0.166667 0.0375 0.2
2 0.66875 0.166667 0.075 0.2
2 0.6875 0.133333 0.0625 0.133333
2 0.6875 0.166667 0.0375 0.2
2 0.7 0.144444 0.0375 0.155556
2 0.70625 0.155556 0.025 0.133333
2 0.71875 0.177778 0.025 0.177778
2 0.73125 0.144444 0.025 0.111111
2 0.74375 0.188889 0.025 0.155556
2 0.79375 0.155556 0.025 0.0888889
2 0.80625 0.155556 0.025 0.0888889
2 0.81875 0.155556 0.025 0.0888889
2 0.83125 0.155556 0.025 0.0888889
2 0.84375 0.155556 0.025 0.0888889
2 0.86875 0.155556 0.025 0.0888889
2 0.88125 0.155556 0.025 0.0888889
2 0.89375 0.144444 0.025 0.0666667
2 0.91875 0.144444 0.025 0.111111
2 0.95 0.166667 0.0625 0.0666667
60 0.9625 0.166667 0.0625 0.0666667
21 0.959375 0.122222 0.08125 0.111111
9 0.01875 0.155556 0.025 0.0888889
2 0.5125 0.155556 0.0625 0.133333
2 0.525 0.144444 0.0375 0.155556
2 0.5375 0.144444 0.0875 0.155556
2 0.55 0.144444 0.0375 0.155556
2 0.55625 0.144444 0.075 0.155556
2 0.56875 0.144444 0.05 0.155556
3 0.60625 0.144444 0.05 0.111111
3 0.63125 0.144444 0.025 0.111111
2 0.63125 0.144444 0.05 0.111111
2 0.6375 0.144444 0.0375 0.155556
2 0.6875 0.144444 0.0375 0.111111
2 0.69375 0.155556 0.025 0.133333
2 0.7125 0.155556 0.0375 0.133333
2 0.75 0.155556 0.0375 0.133333
2 0.7625 0.166667 0.0375 0.111111
2 0.78125 0.166667 0.075 0.111111
2 0.79375 0.166667 0.05 0.111111
2 0.825 0.166667 0.0625 0.111111
2 0.84375 0.166667 0.075 0.111111
2 0.84375 0.155556 0.05 0.0888889
2 0.86875 0.166667 0.075 0.111111
2 0.86875 0.166667 0.05 0.111111
2 0.8875 0.166667 0.0625 0.111111
2 0.89375 0.166667 0.1 0.111111
2 0.9125 0.177778 0.0875 0.0888889
2 0.953125 0.144444 0.09375 0.155556
2 0.953125 0.177778 0.09375 0.0888889
20 0.95625 0.166667 0.075 0.0666667
60 0.959375 0.188889 0.08125 0.0666667
51 0.95625 0.177778 0.075 0.0888889
10 0.959375 0.144444 0.08125 0.111111
6 0.028125 0.166667 0.05625 0.111111
9 0.025 0.177778 0.0125 0.0888889
6 0.06875 0.177778 0.075 0.133333
6 0.125 0.177778 0.0375 0.0888889
6 0.14375 0.155556 0.05 0.133333
6 0.15625 0.166667 0.05 0.111111
6 0.48125 0.177778 0.075 0.133333
9 0.4875 0.177778 0.0625 0.133333
50 0.5 0.166667 0.0625 0.155556
9 0.54375 0.155556 0.05 0.133333
20 0.5625 0.155556 0.0625 0.133333
60 0.59375 0.155556 0.075 0.133333
3 0.60625 0.188889 0.075 0.0666667
3 0.63125 0.177778 0.05 0.0444444
3 0.64375 0.155556 0.05 0.133333
2 0.64375 0.155556 0.05 0.133333
2 0.65625 0.155556 0.1 0.133333
2 0.6875 0.177778 0.0625 0.0888889
0 0.6875 0.155556 0.0375 0.133333
0 0.69375 0.155556 0.025 0.133333
0 0.7125 0.155556 0.0375 0.133333
0 0.71875 0.155556 0.025 0.133333
0 0.7375 0.155556 0.0375 0.133333
20 0.775 0.166667 0.0625 0.111111
20 0.79375 0.166667 0.05 0.111111
20 0.825 0.166667 0.0625 0.111111
20 0.84375 0.166667 0.025 0.111111
20 0.84375 0.166667 0.05 0.111111
20 0.85625 0.177778 0.05 0.133333
20 0.86875 0.177778 0.05 0.133333
20 0.875 0.177778 0.1125 0.133333
20 0.8875 0.2 0.1125 0.0888889
47 0.93125 0.166667 0.05 0.111111
3 0.9375 0.166667 0.0875 0.111111
7 0.95 0.166667 0.0625 0.0666667
4 0.953125 0.188889 0.09375 0.111111
44 0.959375 0.177778 0.08125 0.0444444
6 0.028125 0.188889 0.05625 0.111111
9 0.01875 0.188889 0.025 0.0666667
2 0.06875 0.188889 0.075 0.111111
6 0.06875 0.188889 0.1 0.111111
2 0.10625 0.177778 0.05 0.133333
2 0.11875 0.166667 0.05 0.111111
2 0.11875 0.177778 0.075 0.133333
2 0.15625 0.177778 0.05 0.133333
2 0.16875 0.177778 0.05 0.133333
2 0.18125 0.177778 0.05 0.133333
2 0.19375 0.177778 0.05 0.133333
6 0.1875 0.177778 0.0875 0.133333
60 0.20625 0.177778 0.1 0.133333
9 0.25625 0.177778 0.05 0.133333
9 0.39375 0.177778 0.05 0.133333
9 0.38125 0.188889 0.1 0.111111
4 0.39375 0.188889 0.1 0.111111
2 0.40625 0.188889 0.1 0.111111
2 0.425 0.188889 0.0875 0.111111
2 0.45625 0.188889 0.05 0.111111
2 0.45 0.177778 0.0875 0.133333
2 0.5 0.177778 0.0875 0.133333
2 0.5125 0.177778 0.0625 0.0888889
2 0.53125 0.177778 0.075 0.0888889
2 0.54375 0.211111 0.05 0.0222222
47 0.54375 0.211111 0.1 0.0222222
60 0.59375 0.222222 0.05 0.0444444
11 0.6125 0.222222 0.0875 0.0444444
60 0.61875 0.233333 0.1 0.0666667
60 0.6625 0.211111 0.0375 0.0222222
60 0.675 0.211111 0.0375 0.0222222
60 0.70625 0.177778 0.05 0.0888889
3 0.71875 0.177778 0.025 0.0888889
2 0.7375 0.177778 0.0375 0.0888889
2 0.74375 0.177778 0.025 0.0888889
10 0.74375 0.211111 0.075 0.0222222
2 0.79375 0.222222 0.1 0.0444444
2 0.8125 0.222222 0.0875 0.0444444
29 0.83125 0.233333 0.1 0.0666667
29 0.84375 0.222222 0.1 0.0444444
2 0.85625 0.222222 0.1 0.0444444
10 0.90625 0.211111 0.05 0.0222222
10 0.90625 0.222222 0.075 0.0444444
9 0.053125 0.2 0.10625 0.133333
2 0.11875 0.2 0.1 0.133333
12 0.19375 0.2 0.1 0.133333
12 0.24375 0.2 0.1 0.133333
2 0.2625 0.2 0.0875 0.133333
6 0.28125 0.211111 0.1 0.111111
9 0.39375 0.2 0.1 0.133333
2 0.40625 0.233333 0.1 0.0666667
2 0.41875 0.244444 0.1 0.0444444
2 0.46875 0.244444 0.05 0.0444444
12 0.475 0.244444 0.1125 0.0444444
11 0.58125 0.244444 0.1 0.0444444
10 0.60625 0.255556 0.125 0.0666667
19 0.625 0.255556 0.1125 0.0666667
12 0.7375 0.244444 0.1125 0.0444444
9 0.78125 0.244444 0.1 0.0444444
9 0.80625 0.244444 0.1 0.0444444
2 0.0625 0.233333 0.0875 0.0666667
9 0.06875 0.244444 0.1 0.0888889
