25 0.053125 0.0222222 0.10625 0.0444444
11 0.075 0.0222222 0.1375 0.0444444
11 0.1375 0.0111111 0.1125 0.0222222
23 0.45 0.0222222 0.0875 0.0444444
11 0.475 0.0222222 0.0875 0.0444444
11 0.6375 0.0222222 0.1125 0.0444444
11 0.7375 0.0222222 0.1125 0.0444444
11 0.5 0.0333333 0.1125 0.0666667
11 0.7125 0.0444444 0.1125 0.0888889
11 0.71875 0.0333333 0.05 0.0666667
9 0.725 0.0333333 0.0375 0.0666667
11 0.11875 0.0777778 0.1 0.0666667
8 0.1375 0.0777778 0.0625 0.0666667
11 0.021875 0.0888889 0.04375 0.0444444
44 0.13125 0.1 0.075 0.0666667
44 0.1375 0.0888889 0.0625 0.0444444
11 0.15 0.0888889 0.0625 0.0444444
11 0.1625 0.0888889 0.0625 0.0444444
11 0.18125 0.0888889 0.05 0.0444444
6 0.9375 0.1 0.0625 0.0666667
23 0.021875 0.122222 0.04375 0.0666667
11 0.040625 0.122222 0.08125 0.0666667
23 0.053125 0.144444 0.10625 0.0666667
6 0.925 0.122222 0.0875 0.111111
6 0.93125 0.133333 0.075 0.0888889
21 0.94375 0.133333 0.05 0.0888889
8 0.9375 0.188889 0.0875 0.0666667
11 0.021875 0.2 0.04375 0.0444444
9 0.95625 0.2 0.025 0.0444444
6 0.3375 0.222222 0.1125 0.0888889
8 0.4625 0.233333 0.0375 0.0222222
8 0.48125 0.233333 0.075 0.0222222
44 0.5125 0.233333 0.1375 0.0222222
44 0.49375 0.244444 0.1 0.0444444
44 0.51875 0.244444 0.075 0.0444444
23 0.059375 0.233333 0.11875 0.0666667
11 0.028125 0.233333 0.05625 0.0666667
21 0.1 0.255556 0.0875 0.0222222
6 0.3375 0.244444 0.1125 0.0444444
23 0.3625 0.244444 0.0625 0.0444444
44 0.51875 0.255556 0.175 0.0666667
44 0.525 0.244444 0.1625 0.0444444
25 0.73125 0.244444 0.075 0.0888889
21 0.75625 0.233333 0.05 0.0666667
8 0.84375 0.244444 0.05 0.0444444
8 0.8625 0.244444 0.0875 0.0444444
44 0.225 0.266667 0.0875 0.0444444
12 0.26875 0.266667 0.05 0.0444444
10 0.325 0.266667 0.1125 0.0444444
6 0.3625 0.266667 0.0375 0.0444444
44 0.50625 0.266667 0.125 0.0444444
44 0.54375 0.266667 0.075 0.0444444
44 0.54375 0.266667 0.125 0.0444444
21 0.7375 0.266667 0.0875 0.0888889
21 0.75625 0.266667 0.075 0.0888889
21 0.85625 0.266667 0.15 0.0888889
21 0.8375 0.255556 0.0875 0.0666667
21 0.059375 0.288889 0.11875 0.0888889
11 0.028125 0.288889 0.05625 0.0888889
10 0.2625 0.288889 0.0375 0.0444444
12 0.28125 0.288889 0.025 0.0444444
12 0.29375 0.288889 0.025 0.0444444
65 0.30625 0.288889 0 0.0444444
12 0.31875 0.3 0 0.0222222
12 0.33125 0.288889 0 0.0444444
10 0.34375 0.288889 0 0.0444444
3 0.35625 0.288889 0 0.0444444
10 0.36875 0.288889 0 0.0444444
22 0.45625 0.3 0.075 0.0666667
33 0.4625 0.3 0.0875 0.0666667
21 0.8625 0.288889 0.1375 0.0888889
23 0.4625 0.3 0.0875 0.0666667
23 0.475 0.311111 0.1125 0.0888889
21 0.065625 0.377778 0.13125 0.133333
11 0.034375 0.388889 0.06875 0.0666667
21 0.1375 0.4 0.1375 0.0888889
44 0.75 0.433333 0.1625 0.0666667
42 0.75 0.433333 0.1875 0.0666667
44 0.7625 0.422222 0.1125 0.0444444
8 0.7875 0.422222 0.1625 0.0444444
8 0.81875 0.422222 0.15 0.0444444
8 0.8125 0.422222 0.0625 0.0444444
16 0.009375 0.366667 0.01875 0.2
21 0.03125 0.411111 0.05 0.0666667
11 0.05 0.422222 0.0625 0.0888889
21 0.1375 0.433333 0.1375 0.0666667
21 0.11875 0.433333 0.05 0.0666667
11 0.4875 0.366667 0.1625 0.2
8 0.6125 0.433333 0.1625 0.0666667
42 0.60625 0.433333 0.125 0.0666667
42 0.6375 0.433333 0.1625 0.0666667
42 0.675 0.433333 0.1875 0.0666667
42 0.6875 0.433333 0.1125 0.0666667
11 0.7375 0.433333 0.1875 0.0666667
6 0.75 0.433333 0.1875 0.0666667
53 0.75 0.433333 0.0875 0.0666667
44 0.921875 0.422222 0.15625 0.0888889
11 0.9375 0.433333 0.0625 0.0666667
9 0.009375 0.388889 0.01875 0.2
9 0.028125 0.433333 0.05625 0.0666667
42 0.59375 0.455556 0.075 0.0222222
44 0.60625 0.455556 0.075 0.0222222
44 0.63125 0.466667 0.15 0.0444444
42 0.63125 0.466667 0.175 0.0444444
44 0.68125 0.455556 0.175 0.0222222
44 0.71875 0.455556 0.125 0.0222222
44 0.8375 0.444444 0.1125 0.0444444
11 0.9375 0.444444 0.0625 0.0444444
21 0.49375 0.477778 0.125 0.111111
21 0.4875 0.522222 0.1125 0.111111
21 0.5 0.533333 0.1125 0.0888889
11 0.4125 0.566667 0.0125 0.0666667
21 0.43125 0.555556 0 0.0888889
21 0.5 0.555556 0.1125 0.0888889
44 0.84375 0.544444 0.075 0.0222222
10 0.84375 0.544444 0.1 0.0666667
11 0.36875 0.577778 0.05 0.0888889
11 0.41875 0.577778 0 0.0444444
0 0.425 0.577778 0.0125 0.0444444
6 0.46875 0.588889 0.05 0.0666667
21 0.034375 0.588889 0.06875 0.111111
11 0.725 0.633333 0.0625 0.0222222
11 0.71875 0.622222 0.025 0.0444444
21 0.015625 0.711111 0.03125 0.0888889
21 0.009375 0.722222 0.01875 0.111111
6 0.015625 0.722222 0.03125 0.0666667
23 0.525 0.722222 0.0625 0.0666667
53 0.71875 0.733333 0.05 0.0444444
9 0.71875 0.733333 0.05 0.0444444
6 0.8 0.722222 0.0875 0.0222222
9 0.85 0.733333 0.0125 0.0444444
21 0.015625 0.744444 0.03125 0.0666667
23 0.028125 0.755556 0.05625 0.0444444
8 0.45625 0.744444 0.075 0.0666667
23 0.5125 0.755556 0.0625 0.0444444
6 0.63125 0.766667 0.125 0.0666667
6 0.65625 0.755556 0.125 0.0444444
6 0.69375 0.755556 0.175 0.0444444
6 0.7875 0.744444 0.0875 0.0222222
2 0.8 0.733333 0.0875 0.0444444
2 0.8375 0.733333 0.0375 0.0444444
21 0.015625 0.733333 0.03125 0.177778
21 0.021875 0.755556 0.04375 0.0888889
23 0.028125 0.766667 0.05625 0.0666667
21 0.1125 0.766667 0.0375 0.0666667
21 0.11875 0.777778 0.05 0.0444444
6 0.125 0.777778 0.0375 0.0444444
21 0.14375 0.777778 0.05 0.0444444
21 0.1625 0.777778 0.0375 0.0444444
21 0.1875 0.788889 0.0625 0.0666667
11 0.2 0.766667 0.0375 0.0666667
6 0.25625 0.777778 0.025 0.0444444
10 0.26875 0.777778 0.025 0.0444444
11 0.3125 0.777778 0.0625 0.0444444
21 0.3375 0.788889 0.0625 0.0666667
11 0.3375 0.755556 0.0625 0.0888889
11 0.35 0.755556 0.0625 0.0888889
11 0.3625 0.766667 0.0625 0.0666667
11 0.45 0.777778 0.0625 0.0444444
11 0.4625 0.777778 0.0625 0.0444444
6 0.475 0.766667 0.1375 0.0666667
23 0.51875 0.766667 0.075 0.0666667
6 0.675 0.766667 0.1125 0.0666667
6 0.8125 0.788889 0.0125 0.0222222
6 0.83125 0.766667 0.025 0.0222222
6 0.8375 0.755556 0.0375 0.0444444
6 0.9125 0.777778 0.1125 0.0444444
21 0.015625 0.766667 0.03125 0.155556
21 0.021875 0.777778 0.04375 0.133333
23 0.55 0.777778 0.1375 0.0888889
23 0.5125 0.788889 0.0375 0.0666667
6 0.8125 0.8 0.0125 0.0444444
6 0.85 0.8 0.0625 0.0444444
6 0.8625 0.8 0.0625 0.0444444
6 0.91875 0.8 0.025 0.0444444
6 0.93125 0.8 0.025 0.0444444
53 0.9375 0.8 0.0125 0.0444444
21 0.021875 0.811111 0.04375 0.111111
23 0.55625 0.822222 0.025 0.0444444
21 0.5625 0.822222 0.0125 0.0444444
21 0.59375 0.822222 0.05 0.0444444
21 0.61875 0.822222 0.05 0.0444444
21 0.6625 0.822222 0.1125 0.0444444
21 0.64375 0.822222 0.05 0.0444444
11 0.71875 0.822222 0 0.0444444
66 0.94375 0.822222 0.05 0.0444444
21 0.55625 0.844444 0 0.0444444
6 0.8375 0.833333 0.1125 0.0666667
11 0.021875 0.855556 0.04375 0.0666667
25 0.946875 0.844444 0.10625 0.0888889
8 0.015625 0.844444 0.03125 0.177778
21 0.13125 0.833333 0.05 0.2
21 0.1625 0.888889 0.0625 0.0888889
25 0.85 0.866667 0.1125 0.0888889
25 0.875 0.866667 0.1125 0.0888889
21 0.015625 0.855556 0.03125 0.2
21 0.175 0.911111 0.1375 0.0888889
21 0.15625 0.911111 0.075 0.0888889
25 0.90625 0.9 0.125 0.0666667
25 0.953125 0.922222 0.09375 0.0222222
21 0.028125 0.9 0.05625 0.111111
53 0.125 0.944444 0.0625 0.0222222
53 0.13125 0.922222 0.075 0.0666667
11 0.15625 0.911111 0.075 0.133333
23 0.475 0.933333 0.0875 0.0888889
21 0.059375 0.933333 0.11875 0.133333
21 0.034375 0.977778 0.06875 0.0444444
6 0.05 0.977778 0.0625 0.0444444
6 0.31875 0.955556 0.025 0.0444444
23 0.34375 0.966667 0.075 0.0666667
11 0.3625 0.977778 0.0625 0.0444444
11 0.4 0.966667 0.1125 0.0666667
11 0.4125 0.955556 0.1125 0.0444444
11 0.38125 0.955556 0.025 0.0444444
11 0.39375 0.955556 0.025 0.0444444
11 0.45 0.955556 0.1125 0.0444444
11 0.425 0.955556 0.0375 0.0444444
11 0.45 0.955556 0.0625 0.0444444
11 0.4625 0.944444 0.0625 0.0666667
20 0.475 0.955556 0.0625 0.0444444
21 0.5125 0.955556 0.1125 0.0444444
11 0.525 0.955556 0.1125 0.0444444
29 0.09375 0.0388889 0.1875 0.0777778
32 0.11875 0.0611111 0.2375 0.122222
27 0.15625 0.0611111 0.3125 0.122222
27 0.19375 0.0611111 0.3875 0.122222
35 0.3 0.0833333 0.325 0.166667
54 0.2875 0.0833333 0.35 0.166667
57 0.08125 0.0833333 0.1625 0.166667
29 0.06875 0.0833333 0.1375 0.166667
35 0.5375 0.0833333 0.35 0.166667
57 0.6125 0.105556 0.35 0.211111
57 0.85 0.0833333 0.275 0.166667
27 0.8875 0.0833333 0.2 0.166667
54 0.89375 0.0833333 0.2125 0.166667
9 0.11875 0.0833333 0.2375 0.166667
11 0.11875 0.0833333 0.2375 0.166667
11 0.06875 0.105556 0.1375 0.211111
29 0.2125 0.0833333 0.35 0.166667
11 0.25 0.105556 0.175 0.211111
11 0.275 0.127778 0.175 0.255556
29 0.35 0.127778 0.275 0.255556
29 0.325 0.127778 0.175 0.255556
11 0.35 0.127778 0.175 0.255556
29 0.4125 0.105556 0.2 0.211111
38 0.4625 0.105556 0.35 0.211111
35 0.5625 0.105556 0.2 0.211111
27 0.575 0.105556 0.175 0.211111
29 0.675 0.105556 0.275 0.211111
9 0.6625 0.105556 0.25 0.211111
9 0.75 0.105556 0.375 0.211111
9 0.8375 0.105556 0.3 0.211111
9 0.90625 0.105556 0.1875 0.211111
36 0.91875 0.105556 0.1625 0.211111
38 0.93125 0.105556 0.1375 0.211111
9 0.94375 0.127778 0.1125 0.255556
9 0.11875 0.166667 0.2375 0.0888889
29 0.13125 0.144444 0.2625 0.133333
11 0.13125 0.166667 0.2625 0.177778
54 0.1125 0.166667 0.15 0.177778
9 0.1125 0.144444 0.15 0.222222
9 0.1125 0.122222 0.2 0.177778
29 0.2125 0.127778 0.35 0.255556
29 0.2625 0.105556 0.35 0.211111
29 0.325 0.105556 0.275 0.211111
11 0.4 0.127778 0.275 0.255556
29 0.45 0.15 0.275 0.3
29 0.4875 0.127778 0.35 0.255556
29 0.6125 0.127778 0.3 0.255556
27 0.6375 0.127778 0.3 0.255556
57 0.6875 0.127778 0.3 0.255556
35 0.6875 0.127778 0.35 0.255556
9 0.775 0.127778 0.375 0.255556
63 0.85625 0.105556 0.2875 0.211111
9 0.88125 0.127778 0.2375 0.255556
29 0.91875 0.127778 0.1625 0.255556
9 0.11875 0.166667 0.2375 0.177778
5 0.13125 0.188889 0.2625 0.222222
29 0.1125 0.188889 0.15 0.222222
9 0.1125 0.188889 0.15 0.222222
29 0.2875 0.127778 0.35 0.255556
57 0.425 0.127778 0.275 0.255556
9 0.425 0.194444 0.175 0.388889
9 0.475 0.15 0.325 0.3
29 0.65 0.144444 0.275 0.222222
18 0.65 0.127778 0.225 0.255556
35 0.6875 0.127778 0.3 0.255556
9 0.825 0.172222 0.325 0.344444
9 0.86875 0.261111 0.2625 0.522222
9 0.89375 0.277778 0.2125 0.488889
9 0.91875 0.172222 0.1625 0.344444
9 0.93125 0.172222 0.1375 0.344444
13 0.13125 0.211111 0.2625 0.177778
13 0.14375 0.188889 0.2875 0.222222
11 0.1125 0.188889 0.15 0.222222
57 0.4625 0.194444 0.3 0.388889
29 0.6375 0.188889 0.3 0.133333
29 0.6125 0.15 0.15 0.3
57 0.65 0.166667 0.175 0.266667
9 0.775 0.211111 0.275 0.266667
