65 0.071875 0.0222222 0.14375 0.0444444
65 0.078125 0.0222222 0.15625 0.0444444
12 0.13125 0.0222222 0.175 0.0444444
21 0.1375 0.0222222 0.1875 0.0444444
14 0.15 0.0222222 0.1875 0.0444444
78 0.40625 0.0222222 0.175 0.0444444
21 0.4125 0.0222222 0.1875 0.0444444
78 0.49375 0.0111111 0.175 0.0222222
43 0.50625 0.0111111 0.175 0.0222222
10 0.51875 0.0111111 0.175 0.0222222
12 0.54375 0.0111111 0.175 0.0222222
12 0.55625 0.0222222 0.175 0.0444444
65 0.5625 0.0222222 0.1625 0.0444444
6 0.6625 0.0222222 0.1625 0.0444444
2 0.675 0.0222222 0.1625 0.0444444
2 0.68125 0.0222222 0.1 0.0444444
6 0.71875 0.0222222 0.175 0.0444444
6 0.75625 0.0222222 0.175 0.0444444
6 0.8 0.0222222 0.1875 0.0444444
6 0.8375 0.0222222 0.1625 0.0444444
2 0.85 0.0222222 0.1625 0.0444444
2 0.89375 0.0222222 0.175 0.0444444
6 0.90625 0.0222222 0.175 0.0444444
43 0.915625 0.0222222 0.16875 0.0444444
6 0.9375 0.0222222 0.1125 0.0444444
43 0.953125 0.0222222 0.09375 0.0444444
6 0.034375 0.0222222 0.06875 0.0444444
6 0.071875 0.0333333 0.14375 0.0666667
65 0.078125 0.0333333 0.15625 0.0666667
16 0.15 0.0222222 0.0625 0.0444444
77 0.1625 0.0222222 0.0625 0.0444444
10 0.2625 0.0333333 0.1125 0.0666667
10 0.4625 0.0333333 0.1125 0.0666667
65 0.5375 0.0222222 0.0625 0.0444444
6 0.59375 0.0222222 0.175 0.0444444
2 0.58125 0.0222222 0.125 0.0444444
2 0.65 0.0222222 0.1125 0.0444444
2 0.6875 0.0333333 0.1625 0.0666667
2 0.66875 0.0333333 0.125 0.0666667
6 0.6875 0.0333333 0.1125 0.0666667
65 0.73125 0.0333333 0.125 0.0666667
6 0.76875 0.0333333 0.175 0.0666667
6 0.79375 0.0222222 0.125 0.0444444
2 0.8125 0.0222222 0.1125 0.0444444
2 0.88125 0.0222222 0.125 0.0444444
43 0.89375 0.0222222 0.125 0.0444444
6 0.946875 0.0222222 0.10625 0.0444444
74 0.95 0.0111111 0.0875 0.0222222
44 0.959375 0.0111111 0.08125 0.0222222
71 0.09375 0.0333333 0.175 0.0666667
16 0.1125 0.0222222 0.0625 0.0444444
15 0.15 0.0222222 0.1125 0.0444444
15 0.16875 0.0222222 0.1 0.0444444
15 0.15 0.0333333 0.0375 0.0666667
15 0.14375 0.0333333 0.025 0.0666667
16 0.1625 0.0333333 0.0125 0.0666667
16 0.16875 0.0444444 0.025 0.0888889
10 0.225 0.0333333 0.0625 0.0666667
10 0.25 0.0333333 0.1125 0.0666667
10 0.23125 0.0444444 0.025 0.0888889
10 0.2375 0.0333333 0.0125 0.0666667
10 0.25625 0.0333333 0.025 0.0666667
11 0.35625 0.0333333 0.1 0.0666667
10 0.3625 0.0333333 0.1125 0.0666667
10 0.34375 0.0444444 0.025 0.0888889
10 0.375 0.0444444 0.0625 0.0888889
77 0.38125 0.0333333 0.025 0.0666667
21 0.39375 0.0333333 0.025 0.0666667
21 0.41875 0.0222222 0.05 0.0444444
21 0.4625 0.0333333 0.1125 0.0666667
44 0.50625 0.0222222 0.075 0.0444444
6 0.65625 0.0333333 0.075 0.0666667
6 0.65 0.0333333 0.1125 0.0666667
6 0.71875 0.0333333 0.175 0.0666667
6 0.85625 0.0333333 0.125 0.0666667
6 0.83125 0.0333333 0.125 0.0666667
6 0.88125 0.0333333 0.075 0.0666667
2 0.89375 0.0333333 0.075 0.0666667
6 0.84375 0.0333333 0.175 0.0666667
43 0.946875 0.0333333 0.10625 0.0666667
1 0.984375 0.0222222 0.03125 0.0444444
1 0.03125 0.0555556 0.025 0.0666667
44 0.05 0.0444444 0.0875 0.0444444
16 0.1125 0.0444444 0.0625 0.0444444
16 0.1125 0.0555556 0.0625 0.0666667
16 0.11875 0.0555556 0.1 0.0666667
12 0.34375 0.0666667 0.125 0.0888889
54 0.39375 0.0555556 0.125 0.0666667
21 0.45625 0.0555556 0.125 0.0666667
16 0.44375 0.0555556 0.05 0.0666667
15 0.44375 0.0333333 0.025 0.0666667
10 0.48125 0.0333333 0.325 0.0666667
77 0.49375 0.0333333 0.05 0.0666667
6 0.59375 0.0444444 0.125 0.0888889
6 0.61875 0.0555556 0.125 0.111111
6 0.65625 0.0555556 0.175 0.111111
2 0.69375 0.0444444 0.125 0.0888889
6 0.66875 0.0444444 0.125 0.0888889
6 0.64375 0.0444444 0.175 0.0888889
10 0.7125 0.0444444 0.1875 0.0888889
6 0.725 0.0444444 0.1875 0.0888889
6 0.79375 0.0444444 0.075 0.0888889
12 0.81875 0.0444444 0.075 0.0888889
6 0.83125 0.0555556 0.075 0.111111
6 0.84375 0.0555556 0.175 0.111111
6 0.85625 0.0444444 0.175 0.0888889
6 0.89375 0.0444444 0.075 0.0888889
1 0.95 0.0333333 0.0875 0.0666667
1 0.990625 0.0333333 0.01875 0.0666667
53 0.1375 0.0666667 0.2625 0.0444444
43 0.14375 0.0888889 0.1 0.0888889
10 0.39375 0.0666667 0.125 0.0888889
10 0.45625 0.0777778 0.125 0.0666667
30 0.46875 0.0666667 0.15 0.0444444
30 0.4375 0.0666667 0.2375 0.0444444
10 0.60625 0.0777778 0.175 0.0666667
6 0.59375 0.0555556 0.125 0.111111
2 0.63125 0.0666667 0.175 0.0888889
6 0.63125 0.0666667 0.125 0.0888889
6 0.66875 0.0777778 0.075 0.0666667
6 0.61875 0.0777778 0.175 0.0666667
6 0.66875 0.0777778 0.125 0.0666667
6 0.78125 0.0666667 0.075 0.0888889
6 0.80625 0.0777778 0.075 0.111111
6 0.81875 0.0666667 0.175 0.133333
6 0.84375 0.0777778 0.175 0.111111
6 0.84375 0.0777778 0.125 0.0666667
10 0.88125 0.0777778 0.075 0.0666667
6 0.875 0.0666667 0.2375 0.0888889
1 0.95 0.0666667 0.0875 0.0444444
1 0.990625 0.0666667 0.01875 0.0444444
71 0.1375 0.0888889 0.2625 0.0444444
16 0.09375 0.1 0.1 0.0666667
10 0.1 0.0888889 0.1125 0.0888889
10 0.1625 0.1 0.1125 0.111111
10 0.39375 0.1 0.125 0.0666667
31 0.43125 0.1 0.075 0.0666667
8 0.43125 0.122222 0.1 0.0666667
6 0.46875 0.111111 0.15 0.0444444
6 0.46875 0.1 0.175 0.0666667
6 0.48125 0.0888889 0.175 0.0888889
53 0.46875 0.0777778 0.125 0.111111
6 0.65625 0.1 0.075 0.111111
6 0.6625 0.0888889 0.1125 0.0888889
2 0.66875 0.0888889 0.125 0.0888889
2 0.68125 0.1 0.125 0.111111
2 0.69375 0.111111 0.125 0.0888889
6 0.7 0.111111 0.1125 0.0888889
6 0.71875 0.111111 0.1 0.0888889
6 0.725 0.0888889 0.1125 0.133333
6 0.7625 0.0777778 0.1125 0.155556
2 0.79375 0.0777778 0.175 0.155556
2 0.8375 0.0777778 0.1625 0.155556
6 0.85625 0.1 0.175 0.111111
10 0.88125 0.0888889 0.175 0.0888889
6 0.89375 0.0888889 0.175 0.0888889
6 0.8875 0.0777778 0.1125 0.111111
10 0.921875 0.0777778 0.15625 0.111111
43 0.946875 0.0888889 0.10625 0.133333
1 0.95 0.0888889 0.0875 0.0444444
1 0.990625 0.0777778 0.01875 0.0666667
6 0.03125 0.122222 0.025 0.0666667
60 0.084375 0.122222 0.16875 0.111111
4 0.05 0.111111 0.0875 0.0444444
2 0.11875 0.111111 0.05 0.0444444
3 0.125 0.122222 0.0625 0.0666667
10 0.14375 0.122222 0.05 0.0666667
10 0.1625 0.122222 0.1125 0.0666667
10 0.175 0.111111 0.1125 0.0888889
10 0.21875 0.111111 0.05 0.0888889
10 0.35 0.111111 0.1125 0.0888889
6 0.38125 0.111111 0.125 0.0888889
10 0.43125 0.144444 0.1 0.0666667
10 0.46875 0.122222 0.15 0.111111
6 0.46875 0.133333 0.175 0.0888889
6 0.5625 0.122222 0.1375 0.111111
6 0.59375 0.133333 0.175 0.0888889
6 0.6125 0.111111 0.1125 0.0888889
6 0.65625 0.122222 0.175 0.111111
6 0.6375 0.122222 0.1125 0.111111
6 0.65 0.111111 0.1125 0.133333
2 0.66875 0.122222 0.125 0.111111
2 0.725 0.122222 0.0625 0.111111
2 0.725 0.122222 0.1125 0.111111
6 0.74375 0.122222 0.125 0.111111
2 0.75625 0.122222 0.125 0.111111
2 0.79375 0.122222 0.175 0.111111
2 0.83125 0.122222 0.175 0.111111
6 0.85625 0.122222 0.175 0.111111
6 0.88125 0.122222 0.175 0.0666667
6 0.91875 0.122222 0.125 0.0666667
6 0.88125 0.111111 0.1 0.0888889
6 0.90625 0.111111 0.125 0.0888889
43 0.946875 0.122222 0.10625 0.111111
17 0.95 0.111111 0.0875 0.0444444
43 0.034375 0.144444 0.06875 0.111111
32 0.05 0.133333 0.0875 0.0888889
16 0.09375 0.133333 0.025 0.0444444
2 0.11875 0.122222 0.05 0.0666667
10 0.14375 0.133333 0.05 0.0444444
30 0.14375 0.144444 0.1 0.0666667
30 0.16875 0.144444 0.075 0.0666667
30 0.19375 0.144444 0.075 0.0666667
10 0.175 0.133333 0.1125 0.0444444
30 0.21875 0.144444 0.05 0.0666667
30 0.24375 0.144444 0.175 0.111111
10 0.23125 0.122222 0.125 0.0666667
10 0.275 0.122222 0.0625 0.0666667
30 0.30625 0.133333 0.125 0.0888889
10 0.33125 0.133333 0.075 0.0888889
10 0.34375 0.122222 0.05 0.0666667
10 0.35625 0.133333 0.05 0.0444444
6 0.38125 0.133333 0.125 0.0888889
10 0.41875 0.133333 0.075 0.0888889
6 0.43125 0.144444 0.1 0.0666667
8 0.4375 0.144444 0.0875 0.0666667
6 0.45 0.144444 0.1125 0.0666667
6 0.65625 0.122222 0.075 0.111111
6 0.675 0.133333 0.0625 0.0888889
6 0.7 0.122222 0.0625 0.111111
2 0.70625 0.122222 0.075 0.111111
2 0.69375 0.133333 0.125 0.133333
6 0.70625 0.133333 0.125 0.133333
6 0.73125 0.133333 0.125 0.133333
6 0.81875 0.122222 0.125 0.111111
6 0.85 0.133333 0.2375 0.0888889
6 0.875 0.144444 0.2375 0.111111
6 0.88125 0.133333 0.1 0.133333
6 0.946875 0.133333 0.10625 0.133333
11 0.95 0.122222 0.0875 0.0666667
1 0.990625 0.1 0.01875 0.111111
24 0.10625 0.155556 0.1 0.0888889
30 0.1375 0.155556 0.1875 0.0888889
30 0.18125 0.155556 0.125 0.0888889
30 0.24375 0.177778 0.125 0.0888889
30 0.29375 0.166667 0.15 0.111111
3 0.29375 0.155556 0.025 0.0888889
12 0.2875 0.133333 0.0125 0.133333
9 0.3375 0.133333 0.0625 0.0888889
10 0.39375 0.133333 0.125 0.133333
30 0.43125 0.144444 0.1 0.0666667
10 0.60625 0.133333 0.125 0.0888889
10 0.64375 0.144444 0.05 0.0666667
10 0.6625 0.144444 0.0625 0.0666667
10 0.69375 0.155556 0.125 0.0888889
6 0.70625 0.155556 0.125 0.0888889
6 0.71875 0.144444 0.125 0.111111
6 0.76875 0.144444 0.075 0.111111
6 0.79375 0.155556 0.075 0.0888889
6 0.83125 0.155556 0.125 0.0888889
6 0.8125 0.155556 0.0875 0.0888889
6 0.86875 0.155556 0.05 0.0888889
3 0.88125 0.155556 0.05 0.0888889
10 0.85 0.155556 0.1625 0.0888889
10 0.90625 0.155556 0.125 0.0888889
43 0.946875 0.155556 0.10625 0.0888889
10 0.95 0.144444 0.0875 0.0666667
29 0.05625 0.177778 0.1 0.0888889
8 0.14375 0.166667 0.1 0.0666667
30 0.16875 0.177778 0.075 0.0444444
10 0.1875 0.166667 0.0625 0.0666667
11 0.175 0.177778 0.1625 0.0888889
11 0.25625 0.188889 0.175 0.0666667
31 0.275 0.2 0.0625 0.0888889
31 0.3 0.177778 0.1125 0.0888889
3 0.2875 0.177778 0.0375 0.0888889
16 0.2875 0.177778 0.0125 0.0888889
10 0.41875 0.166667 0.075 0.111111
10 0.43125 0.166667 0.075 0.0666667
12 0.5375 0.166667 0.0625 0.0666667
16 0.60625 0.188889 0.125 0.0666667
30 0.61875 0.188889 0.125 0.0666667
1 0.60625 0.188889 0.175 0.0666667
10 0.64375 0.188889 0.05 0.0666667
10 0.65 0.188889 0.1125 0.111111
10 0.68125 0.188889 0.175 0.111111
10 0.66875 0.177778 0.125 0.133333
10 0.69375 0.177778 0.125 0.133333
6 0.70625 0.188889 0.125 0.111111
10 0.74375 0.166667 0.125 0.111111
10 0.81875 0.166667 0.125 0.111111
10 0.81875 0.177778 0.1 0.0888889
10 0.84375 0.177778 0.125 0.0888889
10 0.8875 0.177778 0.0625 0.0888889
6 0.8375 0.177778 0.1625 0.0888889
10 0.884375 0.166667 0.23125 0.111111
43 0.946875 0.177778 0.10625 0.0888889
11 0.95 0.166667 0.0875 0.0666667
16 0.990625 0.144444 0.01875 0.111111
16 0.09375 0.188889 0.1 0.0666667
31 0.26875 0.222222 0.075 0.0888889
8 0.2875 0.211111 0.0875 0.0666667
8 0.29375 0.188889 0.05 0.111111
0 0.48125 0.2 0.025 0.0444444
0 0.5 0.2 0.0375 0.0444444
0 0.525 0.211111 0.0625 0.0666667
12 0.5375 0.211111 0.0625 0.0666667
16 0.54375 0.211111 0.075 0.0666667
77 0.58125 0.188889 0.125 0.0666667
16 0.58125 0.188889 0.15 0.0666667
