8 0.053125 0.0222222 0.10625 0.0444444
8 0.04375 0.0222222 0.075 0.0444444
8 0.059375 0.0333333 0.11875 0.0666667
11 0.11875 0.0222222 0.05 0.0444444
10 0.16875 0.0222222 0.15 0.0444444
11 0.18125 0.0222222 0.15 0.0444444
10 0.053125 0.0222222 0.10625 0.0444444
2 0.0375 0.0333333 0.0625 0.0666667
2 0.05 0.0333333 0.0875 0.0666667
10 0.0625 0.0333333 0.0875 0.0666667
10 0.125 0.0333333 0.0625 0.0666667
12 0.1375 0.0333333 0.0875 0.0666667
12 0.15625 0.0333333 0.075 0.0666667
71 0.20625 0.0222222 0.15 0.0444444
78 0.30625 0.0222222 0.15 0.0444444
8 0.74375 0.0222222 0.15 0.0444444
10 0.053125 0.0333333 0.10625 0.0666667
10 0.034375 0.0333333 0.06875 0.0666667
10 0.040625 0.0333333 0.08125 0.0666667
12 0.06875 0.0444444 0.1 0.0888889
10 0.1125 0.0444444 0.0625 0.0888889
12 0.1375 0.0444444 0.0625 0.0888889
78 0.175 0.0333333 0.0875 0.0666667
10 0.059375 0.0444444 0.11875 0.0888889
2 0.059375 0.0444444 0.11875 0.0888889
2 0.028125 0.0555556 0.05625 0.111111
10 0.06875 0.0777778 0.125 0.155556
10 0.06875 0.0555556 0.1 0.111111
10 0.09375 0.0444444 0.125 0.0888889
10 0.11875 0.0444444 0.125 0.0888889
10 0.125 0.0666667 0.0625 0.133333
10 0.1375 0.0666667 0.0625 0.133333
10 0.15 0.0333333 0.0625 0.0666667
10 0.1625 0.0333333 0.0625 0.0666667
10 0.175 0.0333333 0.0625 0.0666667
10 0.1875 0.0333333 0.0625 0.0666667
10 0.2 0.0666667 0.0625 0.133333
10 0.2125 0.0666667 0.0625 0.133333
10 0.23125 0.0666667 0.05 0.133333
10 0.25 0.0333333 0.0625 0.0666667
10 0.28125 0.0333333 0.1 0.0666667
10 0.30625 0.0444444 0.125 0.0888889
10 0.3 0.0444444 0.0625 0.0888889
10 0.3125 0.0333333 0.0625 0.0666667
10 0.325 0.0333333 0.0625 0.0666667
10 0.3375 0.0333333 0.0625 0.0666667
8 0.35 0.0333333 0.0625 0.0666667
8 0.38125 0.0333333 0.1 0.0666667
10 0.38125 0.0444444 0.075 0.0888889
10 0.4 0.0444444 0.0625 0.0888889
10 0.4125 0.0333333 0.0625 0.0666667
10 0.425 0.0333333 0.0625 0.0666667
10 0.4375 0.0333333 0.0625 0.0666667
8 0.44375 0.0333333 0.05 0.0666667
2 0.45625 0.0333333 0.05 0.0666667
2 0.475 0.0333333 0.0625 0.0666667
10 0.48125 0.0333333 0.05 0.0666667
14 0.5125 0.0444444 0.0875 0.0888889
10 0.55 0.0444444 0.1375 0.0888889
10 0.5625 0.0333333 0.1375 0.0666667
21 0.575 0.0333333 0.1375 0.0666667
21 0.6 0.0333333 0.0625 0.0666667
14 0.63125 0.0444444 0.1 0.0888889
14 0.6625 0.0444444 0.1375 0.0888889
10 0.675 0.0444444 0.1375 0.0888889
10 0.7 0.0444444 0.1375 0.0888889
10 0.7125 0.0333333 0.1375 0.0666667
2 0.7375 0.0333333 0.1375 0.0666667
8 0.75625 0.0333333 0.15 0.0666667
45 0.775 0.0333333 0.1375 0.0666667
10 0.84375 0.0333333 0.1 0.0666667
3 0.875 0.0444444 0.1375 0.0888889
10 0.8875 0.0444444 0.1375 0.0888889
10 0.9125 0.0444444 0.1375 0.0888889
10 0.934375 0.0555556 0.13125 0.111111
10 0.925 0.0444444 0.0625 0.0888889
10 0.9375 0.0444444 0.0625 0.0888889
10 0.959375 0.0333333 0.08125 0.0666667
3 0.0625 0.1 0.1125 0.0666667
10 0.03125 0.0666667 0.05 0.133333
10 0.05 0.1 0.0625 0.2
10 0.0625 0.0666667 0.0625 0.133333
10 0.075 0.0888889 0.0625 0.177778
10 0.0875 0.0444444 0.0625 0.0888889
10 0.1 0.0555556 0.0625 0.111111
10 0.1875 0.0444444 0.1125 0.0888889
10 0.21875 0.0777778 0.05 0.155556
10 0.2375 0.0777778 0.0625 0.155556
10 0.25 0.0666667 0.0625 0.133333
10 0.28125 0.0444444 0.1 0.0888889
14 0.30625 0.0444444 0.125 0.0888889
10 0.31875 0.0555556 0.125 0.111111
10 0.3125 0.0444444 0.0625 0.0888889
10 0.3375 0.0555556 0.0625 0.111111
10 0.35 0.0555556 0.0625 0.111111
10 0.38125 0.0555556 0.1 0.111111
10 0.4125 0.0666667 0.1375 0.133333
10 0.3875 0.0666667 0.0625 0.133333
10 0.4375 0.0444444 0.0625 0.0888889
10 0.4625 0.0444444 0.0625 0.0888889
10 0.475 0.0444444 0.0625 0.0888889
12 0.50625 0.0444444 0.075 0.0888889
10 0.5125 0.0444444 0.0625 0.0888889
10 0.525 0.0444444 0.0625 0.0888889
16 0.575 0.0444444 0.1375 0.0888889
16 0.55625 0.0444444 0.05 0.0888889
54 0.575 0.0444444 0.0625 0.0888889
54 0.5875 0.0444444 0.0625 0.0888889
16 0.6 0.0444444 0.0625 0.0888889
10 0.6125 0.0666667 0.0625 0.133333
10 0.6625 0.0444444 0.1375 0.0888889
10 0.6875 0.0444444 0.1375 0.0888889
10 0.6875 0.0444444 0.0625 0.0888889
10 0.7 0.0444444 0.0625 0.0888889
3 0.7 0.0444444 0.0625 0.0888889
3 0.725 0.0444444 0.0625 0.0888889
3 0.7875 0.0444444 0.1375 0.0888889
3 0.75625 0.0444444 0.05 0.0888889
54 0.825 0.0555556 0.1375 0.111111
16 0.8625 0.0555556 0.1375 0.111111
3 0.875 0.0555556 0.1375 0.111111
10 0.9 0.0555556 0.1375 0.111111
10 0.946875 0.0666667 0.10625 0.133333
10 0.959375 0.0444444 0.08125 0.0888889
10 0.053125 0.0888889 0.10625 0.0888889
0 0.03125 0.0888889 0.05 0.0888889
0 0.05625 0.1 0.05 0.2
10 0.0875 0.0555556 0.0625 0.111111
2 0.09375 0.0555556 0.05 0.111111
2 0.1125 0.0555556 0.0625 0.111111
10 0.13125 0.0555556 0.05 0.111111
10 0.15 0.0555556 0.0625 0.111111
10 0.19375 0.0555556 0.125 0.111111
14 0.20625 0.0555556 0.125 0.111111
12 0.21875 0.0555556 0.05 0.111111
12 0.2375 0.0666667 0.0625 0.133333
12 0.25625 0.0444444 0.05 0.0888889
14 0.275 0.0555556 0.0625 0.111111
14 0.2875 0.0666667 0.0625 0.133333
14 0.3 0.0555556 0.0625 0.111111
10 0.3125 0.0555556 0.0625 0.111111
12 0.31875 0.0555556 0.05 0.111111
12 0.3375 0.0444444 0.0625 0.0888889
12 0.35 0.0555556 0.0625 0.111111
12 0.40625 0.0555556 0.15 0.111111
12 0.3875 0.0666667 0.0625 0.133333
12 0.4 0.0666667 0.0625 0.133333
12 0.4125 0.0555556 0.0625 0.111111
21 0.425 0.0555556 0.0625 0.111111
12 0.4375 0.0444444 0.0625 0.0888889
12 0.45 0.0555556 0.0625 0.111111
12 0.4625 0.0444444 0.0625 0.0888889
12 0.475 0.0555556 0.0625 0.111111
12 0.5 0.0555556 0.0625 0.111111
12 0.5125 0.0555556 0.0625 0.111111
54 0.5375 0.0555556 0.0625 0.111111
54 0.55 0.0666667 0.0625 0.133333
54 0.59375 0.0888889 0.15 0.0444444
16 0.60625 0.0888889 0.125 0.0444444
16 0.5875 0.0888889 0.0625 0.0444444
16 0.59375 0.0555556 0.05 0.111111
16 0.6125 0.0555556 0.0625 0.111111
16 0.6625 0.0555556 0.1375 0.111111
14 0.6375 0.0555556 0.0625 0.111111
10 0.65 0.0555556 0.0625 0.111111
14 0.6625 0.0555556 0.0625 0.111111
14 0.675 0.0555556 0.0625 0.111111
12 0.6875 0.0555556 0.0625 0.111111
12 0.7 0.0555556 0.0625 0.111111
16 0.70625 0.0555556 0.05 0.111111
16 0.71875 0.0555556 0.05 0.111111
16 0.73125 0.0555556 0.05 0.111111
3 0.74375 0.0888889 0.05 0.0444444
26 0.75625 0.0888889 0.05 0.0444444
26 0.775 0.0888889 0.0375 0.0444444
3 0.81875 0.0777778 0.125 0.0666667
3 0.8375 0.0888889 0.1375 0.0888889
3 0.85 0.0777778 0.1375 0.111111
16 0.86875 0.1 0.15 0.0666667
16 0.88125 0.0888889 0.15 0.0888889
3 0.89375 0.0777778 0.15 0.111111
46 0.9 0.0888889 0.1375 0.0888889
10 0.959375 0.0777778 0.08125 0.155556
78 0.965625 0.0666667 0.06875 0.133333
0 0.021875 0.0888889 0.04375 0.0888889
0 0.028125 0.1 0.05625 0.0666667
0 0.0375 0.1 0.0625 0.0666667
10 0.04375 0.1 0.05 0.0666667
0 0.05625 0.1 0.05 0.0666667
0 0.06875 0.1 0.05 0.0666667
2 0.08125 0.0666667 0.05 0.133333
2 0.09375 0.0666667 0.05 0.133333
2 0.10625 0.0666667 0.05 0.133333
2 0.11875 0.0666667 0.05 0.133333
3 0.13125 0.1 0.05 0.0666667
8 0.15625 0.0777778 0.075 0.111111
14 0.1625 0.0666667 0.0625 0.133333
15 0.2125 0.0777778 0.1375 0.111111
21 0.225 0.0777778 0.1375 0.111111
21 0.2 0.0888889 0.0625 0.0888889
12 0.2125 0.0666667 0.0625 0.133333
21 0.225 0.0666667 0.0625 0.133333
21 0.2375 0.0777778 0.0625 0.155556
16 0.25 0.0777778 0.0625 0.155556
21 0.2625 0.0777778 0.0625 0.155556
16 0.275 0.0666667 0.0625 0.133333
19 0.325 0.0666667 0.1375 0.133333
14 0.3375 0.0666667 0.1375 0.133333
14 0.3125 0.0666667 0.0625 0.133333
16 0.3625 0.0666667 0.1375 0.133333
16 0.35 0.0666667 0.0625 0.133333
3 0.4125 0.0555556 0.1625 0.111111
54 0.3875 0.0666667 0.0625 0.133333
16 0.4 0.0666667 0.0625 0.133333
3 0.4125 0.0666667 0.0625 0.133333
3 0.425 0.0666667 0.0625 0.133333
0 0.4375 0.0555556 0.0625 0.111111
0 0.45 0.0666667 0.0625 0.133333
0 0.4625 0.0666667 0.0625 0.133333
0 0.475 0.0555556 0.0625 0.111111
0 0.4875 0.0555556 0.0625 0.111111
16 0.5 0.0555556 0.0625 0.111111
16 0.5125 0.0555556 0.0625 0.111111
54 0.51875 0.0555556 0.05 0.111111
54 0.5375 0.0888889 0.0625 0.0444444
16 0.55 0.1 0.0625 0.0666667
54 0.55625 0.1 0.075 0.0666667
16 0.5875 0.1 0.0375 0.0666667
16 0.6625 0.0555556 0.0625 0.111111
16 0.675 0.0555556 0.0625 0.111111
54 0.68125 0.0666667 0.075 0.133333
3 0.88125 0.122222 0.15 0.0666667
10 0.94375 0.111111 0.075 0.0888889
8 0.953125 0.111111 0.09375 0.0888889
30 0.959375 0.111111 0.08125 0.0888889
12 0.053125 0.122222 0.10625 0.111111
0 0.021875 0.111111 0.04375 0.0888889
8 0.04375 0.111111 0.05 0.0888889
8 0.05625 0.111111 0.05 0.0888889
2 0.075 0.111111 0.0625 0.0888889
2 0.0875 0.111111 0.0625 0.0888889
2 0.10625 0.111111 0.05 0.0888889
3 0.11875 0.111111 0.05 0.0888889
15 0.13125 0.111111 0.05 0.0888889
15 0.15 0.111111 0.0625 0.0888889
21 0.2625 0.1 0.1375 0.2
2 0.30625 0.1 0.125 0.2
3 0.33125 0.122222 0.15 0.111111
3 0.3375 0.1 0.1375 0.2
16 0.325 0.0888889 0.0875 0.177778
21 0.34375 0.0777778 0.1 0.155556
10 0.4125 0.111111 0.1375 0.0888889
16 0.39375 0.0777778 0.075 0.155556
54 0.43125 0.0777778 0.125 0.155556
16 0.425 0.0777778 0.0875 0.155556
3 0.4625 0.0888889 0.1375 0.177778
3 0.48125 0.0888889 0.15 0.177778
16 0.4625 0.0777778 0.0625 0.155556
16 0.475 0.1 0.0625 0.2
16 0.48125 0.0777778 0.05 0.155556
16 0.5 0.0777778 0.0625 0.155556
16 0.5125 0.111111 0.0625 0.0888889
16 0.55625 0.111111 0.125 0.0888889
16 0.5375 0.111111 0.0625 0.0888889
16 0.5625 0.111111 0.0625 0.0888889
16 0.575 0.111111 0.0625 0.0888889
16 0.61875 0.0888889 0.125 0.133333
16 0.70625 0.111111 0.125 0.0888889
16 0.725 0.111111 0.1375 0.222222
21 0.7375 0.133333 0.1375 0.133333
19 0.74375 0.133333 0.15 0.133333
21 0.76875 0.1 0.125 0.2
54 0.78125 0.111111 0.125 0.222222
21 0.80625 0.1 0.125 0.2
16 0.81875 0.1 0.125 0.2
54 0.83125 0.1 0.125 0.2
3 0.85 0.122222 0.1375 0.111111
54 0.88125 0.122222 0.15 0.0666667
10 0.9375 0.133333 0.0625 0.133333
12 0.053125 0.144444 0.10625 0.111111
8 0.021875 0.133333 0.04375 0.0888889
0 0.021875 0.133333 0.04375 0.0888889
3 0.03125 0.133333 0.05 0.0888889
8 0.05 0.1 0.0625 0.111111
8 0.08125 0.122222 0.1 0.111111
3 0.08125 0.111111 0.075 0.0888889
3 0.0875 0.122222 0.0625 0.0666667
8 0.1 0.122222 0.0625 0.0666667
3 0.10625 0.122222 0.05 0.0666667
15 0.11875 0.122222 0.05 0.0666667
15 0.16875 0.122222 0.15 0.0666667
21 0.1375 0.122222 0.0625 0.111111
21 0.26875 0.166667 0.125 0.111111
15 0.28125 0.122222 0.125 0.2
10 0.29375 0.177778 0.125 0.0888889
8 0.3375 0.144444 0.1625 0.155556
12 0.34375 0.155556 0.15 0.133333
12 0.35 0.122222 0.1375 0.155556
44 0.48125 0.155556 0.15 0.0444444
16 0.48125 0.166667 0.15 0.0666667
