6 0.046875 0.0111111 0.09375 0.0222222
25 0.8 0.0222222 0.1125 0.0444444
2 0.84375 0.0222222 0.175 0.0444444
4 0.86875 0.0222222 0.175 0.0444444
25 0.88125 0.0222222 0.175 0.0444444
4 0.90625 0.0222222 0.175 0.0444444
4 0.8875 0.0222222 0.1125 0.0444444
4 0.928125 0.0222222 0.14375 0.0444444
11 0.034375 0.0222222 0.06875 0.0444444
6 0.034375 0.0222222 0.06875 0.0444444
2 0.046875 0.0222222 0.09375 0.0444444
11 0.2125 0.0222222 0.0625 0.0444444
11 0.225 0.0222222 0.0625 0.0444444
10 0.4875 0.0222222 0.0875 0.0444444
8 0.51875 0.0222222 0.125 0.0444444
11 0.6 0.0222222 0.1125 0.0444444
6 0.6125 0.0222222 0.1125 0.0444444
11 0.65 0.0222222 0.1125 0.0444444
11 0.675 0.0222222 0.1125 0.0444444
11 0.73125 0.0222222 0.1 0.0444444
8 0.7375 0.0222222 0.1125 0.0444444
8 0.775 0.0222222 0.1625 0.0444444
6 0.7625 0.0222222 0.1125 0.0444444
8 0.775 0.0222222 0.1125 0.0444444
8 0.8 0.0222222 0.0875 0.0444444
11 0.8125 0.0222222 0.0875 0.0444444
1 0.83125 0.0222222 0.1 0.0444444
4 0.8625 0.0222222 0.1125 0.0444444
23 0.875 0.0222222 0.1125 0.0444444
11 0.8875 0.0222222 0.1125 0.0444444
11 0.928125 0.0222222 0.14375 0.0444444
11 0.9375 0.0222222 0.0875 0.0444444
11 0.953125 0.0222222 0.09375 0.0444444
8 0.053125 0.0222222 0.10625 0.0444444
8 0.8125 0.0444444 0.0875 0.0444444
8 0.84375 0.0444444 0.15 0.0444444
8 0.875 0.0444444 0.1625 0.0444444
8 0.8875 0.0444444 0.0875 0.0444444
8 0.91875 0.0444444 0.1 0.0444444
8 0.9375 0.0444444 0.0875 0.0444444
60 0.946875 0.0444444 0.10625 0.0444444
8 0.059375 0.0555556 0.11875 0.0666667
8 0.021875 0.0666667 0.04375 0.0444444
8 0.034375 0.0666667 0.06875 0.0444444
11 0.04375 0.0666667 0.05 0.0444444
8 0.7375 0.0444444 0.1625 0.0888889
8 0.71875 0.0444444 0.1 0.0888889
8 0.76875 0.0444444 0.175 0.0888889
8 0.78125 0.0555556 0.175 0.0666667
8 0.825 0.0555556 0.1625 0.0666667
1 0.86875 0.0555556 0.175 0.0666667
1 0.9 0.0555556 0.1625 0.0666667
1 0.88125 0.0555556 0.1 0.0666667
8 0.9 0.0555556 0.1125 0.0666667
8 0.925 0.0555556 0.1125 0.0666667
2 0.053125 0.0777778 0.10625 0.0666667
2 0.028125 0.0777778 0.05625 0.0666667
8 0.034375 0.0777778 0.06875 0.0666667
8 0.4 0.0777778 0.0625 0.0666667
8 0.43125 0.0777778 0.075 0.0666667
8 0.50625 0.0555556 0.1 0.111111
8 0.54375 0.0555556 0.125 0.111111
8 0.725 0.0555556 0.1375 0.111111
8 0.70625 0.0555556 0.2 0.111111
8 0.79375 0.0666667 0.175 0.0888889
8 0.80625 0.0777778 0.175 0.0666667
8 0.8375 0.0666667 0.1875 0.0444444
8 0.8875 0.0666667 0.1625 0.0444444
8 0.915625 0.0666667 0.16875 0.0444444
8 0.90625 0.0777778 0.125 0.0666667
8 0.9375 0.0777778 0.1125 0.0666667
8 0.034375 0.0888889 0.06875 0.0888889
6 0.2875 0.111111 0.1625 0.0444444
6 0.26875 0.111111 0.1 0.0444444
6 0.29375 0.111111 0.1 0.0444444
6 0.325 0.111111 0.1125 0.0444444
8 0.3375 0.111111 0.1125 0.0444444
8 0.4 0.111111 0.0875 0.0444444
8 0.71875 0.111111 0.175 0.0888889
8 0.7375 0.1 0.1875 0.0666667
8 0.775 0.1 0.1625 0.0666667
8 0.8125 0.1 0.1375 0.0222222
8 0.83125 0.111111 0.175 0.0444444
8 0.86875 0.1 0.125 0.0222222
1 0.89375 0.1 0.125 0.0222222
8 0.89375 0.1 0.15 0.0222222
8 0.90625 0.0888889 0.125 0.0444444
8 0.94375 0.0888889 0.075 0.0444444
8 0.946875 0.0888889 0.10625 0.0444444
2 0.053125 0.111111 0.10625 0.0888889
2 0.021875 0.122222 0.04375 0.0666667
8 0.034375 0.122222 0.06875 0.0666667
6 0.2 0.122222 0.1125 0.0666667
4 0.2125 0.122222 0.1125 0.0666667
5 0.23125 0.122222 0.1 0.0666667
5 0.2625 0.122222 0.1125 0.0666667
4 0.28125 0.122222 0.125 0.0666667
6 0.30625 0.122222 0.125 0.0666667
6 0.3375 0.122222 0.1125 0.0666667
6 0.3875 0.122222 0.1875 0.0666667
5 0.39375 0.122222 0.175 0.0666667
6 0.40625 0.133333 0.175 0.0444444
8 0.39375 0.122222 0.1 0.0666667
8 0.4125 0.122222 0.1125 0.0666667
8 0.50625 0.122222 0.1 0.0666667
8 0.7 0.133333 0.1125 0.0444444
8 0.74375 0.133333 0.05 0.0444444
8 0.7875 0.133333 0.1375 0.0444444
8 0.80625 0.122222 0.125 0.0222222
8 0.8125 0.133333 0.1375 0.0444444
8 0.84375 0.122222 0.125 0.0222222
8 0.8375 0.122222 0.1625 0.0666667
8 0.8875 0.111111 0.1375 0.0444444
8 0.90625 0.122222 0.175 0.0222222
8 0.9125 0.111111 0.1375 0.0444444
8 0.95625 0.111111 0.075 0.0444444
6 0.040625 0.133333 0.08125 0.0888889
11 0.2125 0.122222 0.1125 0.0666667
8 0.25 0.122222 0.0625 0.0666667
8 0.24375 0.122222 0.1 0.0666667
6 0.2625 0.122222 0.1125 0.0666667
6 0.28125 0.133333 0.125 0.0888889
5 0.30625 0.133333 0.125 0.0888889
8 0.325 0.133333 0.1125 0.0888889
8 0.3875 0.133333 0.1875 0.0888889
4 0.40625 0.133333 0.175 0.0888889
8 0.53125 0.133333 0.175 0.0888889
8 0.5375 0.144444 0.1375 0.111111
5 0.5625 0.144444 0.1125 0.111111
8 0.60625 0.144444 0.175 0.111111
8 0.59375 0.133333 0.125 0.0888889
8 0.7625 0.155556 0.1625 0.0888889
8 0.775 0.155556 0.0625 0.0444444
8 0.79375 0.144444 0.1 0.0666667
8 0.84375 0.144444 0.175 0.0666667
8 0.85625 0.144444 0.175 0.0222222
8 0.86875 0.155556 0.175 0.0444444
4 0.8875 0.155556 0.1625 0.0444444
4 0.89375 0.144444 0.175 0.0222222
8 0.90625 0.144444 0.175 0.0222222
8 0.9125 0.133333 0.1375 0.0444444
8 0.925 0.144444 0.1375 0.0666667
8 0.946875 0.144444 0.10625 0.0666667
2 0.028125 0.155556 0.05625 0.0888889
8 0.040625 0.155556 0.08125 0.0888889
11 0.225 0.166667 0.0625 0.0666667
1 0.23125 0.166667 0.075 0.0666667
1 0.25 0.166667 0.0625 0.0666667
2 0.25625 0.166667 0.075 0.0666667
5 0.26875 0.155556 0.075 0.0888889
2 0.29375 0.155556 0.075 0.0888889
5 0.31875 0.155556 0.075 0.0888889
5 0.3375 0.155556 0.0875 0.0888889
8 0.3375 0.155556 0.1125 0.0888889
4 0.3875 0.155556 0.1875 0.0888889
4 0.39375 0.166667 0.175 0.0666667
4 0.425 0.166667 0.1375 0.0666667
8 0.43125 0.155556 0.1 0.0888889
8 0.45 0.155556 0.1125 0.0888889
8 0.55 0.144444 0.0875 0.111111
8 0.575 0.144444 0.0875 0.111111
8 0.6375 0.155556 0.0875 0.0888889
8 0.675 0.144444 0.1125 0.111111
8 0.7125 0.144444 0.1625 0.111111
2 0.7125 0.155556 0.0875 0.0888889
8 0.725 0.155556 0.0875 0.0888889
2 0.7625 0.155556 0.1625 0.0888889
2 0.775 0.177778 0.1625 0.0888889
2 0.775 0.166667 0.0625 0.0666667
1 0.7875 0.166667 0.0875 0.0666667
4 0.79375 0.166667 0.1 0.0666667
4 0.825 0.188889 0.1625 0.0666667
4 0.84375 0.177778 0.175 0.0888889
4 0.8875 0.177778 0.1375 0.0888889
4 0.89375 0.188889 0.175 0.0666667
8 0.915625 0.188889 0.16875 0.0666667
8 0.925 0.166667 0.1125 0.0666667
8 0.95 0.166667 0.0875 0.0666667
9 0.028125 0.177778 0.05625 0.0888889
8 0.05 0.166667 0.0625 0.111111
2 0.16875 0.177778 0.175 0.0888889
8 0.18125 0.177778 0.075 0.0888889
2 0.19375 0.177778 0.075 0.0888889
2 0.20625 0.166667 0.075 0.0666667
8 0.225 0.177778 0.0625 0.0888889
8 0.25 0.166667 0.0875 0.0666667
2 0.2625 0.177778 0.0875 0.0888889
2 0.28125 0.177778 0.075 0.0888889
2 0.30625 0.177778 0.075 0.0888889
2 0.33125 0.188889 0.075 0.0666667
2 0.35 0.188889 0.0875 0.0666667
4 0.39375 0.188889 0.15 0.0666667
4 0.4125 0.2 0.1375 0.0444444
4 0.43125 0.188889 0.15 0.0222222
4 0.4375 0.2 0.1375 0.0444444
4 0.4625 0.211111 0.1125 0.0666667
6 0.50625 0.211111 0.175 0.0666667
44 0.51875 0.2 0.175 0.0888889
8 0.55 0.2 0.1375 0.0888889
8 0.55625 0.2 0.1 0.0444444
4 0.575 0.2 0.0875 0.0444444
4 0.58125 0.211111 0.1 0.0666667
4 0.6125 0.188889 0.0625 0.0666667
5 0.625 0.177778 0.1125 0.0888889
8 0.65625 0.177778 0.075 0.0888889
8 0.6625 0.166667 0.0875 0.111111
2 0.75625 0.177778 0.15 0.133333
2 0.7875 0.188889 0.1375 0.111111
2 0.775 0.2 0.0875 0.0888889
4 0.7875 0.188889 0.0875 0.0666667
4 0.81875 0.188889 0.15 0.111111
2 0.83125 0.2 0.175 0.0888889
2 0.84375 0.211111 0.175 0.0666667
4 0.85625 0.211111 0.075 0.0666667
4 0.8625 0.2 0.0875 0.0444444
4 0.89375 0.2 0.075 0.0444444
33 0.90625 0.2 0.075 0.0444444
8 0.053125 0.2 0.10625 0.0888889
8 0.028125 0.2 0.05625 0.0888889
8 0.05 0.2 0.0625 0.0888889
8 0.1125 0.2 0.1125 0.0888889
8 0.14375 0.2 0.175 0.0888889
8 0.16875 0.188889 0.175 0.111111
8 0.2 0.188889 0.1375 0.111111
3 0.1875 0.2 0.0875 0.0888889
8 0.20625 0.2 0.075 0.0888889
8 0.2125 0.188889 0.0875 0.111111
3 0.2375 0.188889 0.0875 0.111111
2 0.25 0.188889 0.0875 0.111111
3 0.28125 0.188889 0.125 0.111111
8 0.3 0.2 0.1375 0.0888889
8 0.3125 0.211111 0.1375 0.111111
4 0.325 0.211111 0.1375 0.111111
4 0.3125 0.2 0.0875 0.0888889
2 0.325 0.2 0.0875 0.0888889
2 0.35625 0.211111 0.125 0.0666667
2 0.375 0.222222 0.1375 0.0888889
4 0.3875 0.233333 0.1375 0.0666667
4 0.4125 0.233333 0.1375 0.0666667
4 0.4375 0.233333 0.1375 0.0666667
4 0.4375 0.222222 0.1125 0.0888889
4 0.4875 0.222222 0.1625 0.0888889
4 0.50625 0.233333 0.175 0.0666667
4 0.51875 0.222222 0.175 0.0888889
8 0.55 0.211111 0.1625 0.0666667
3 0.55 0.222222 0.0875 0.0888889
8 0.5875 0.222222 0.1375 0.0888889
5 0.6 0.222222 0.1625 0.0888889
4 0.60625 0.222222 0.175 0.0888889
8 0.625 0.222222 0.0875 0.0888889
8 0.625 0.211111 0.1125 0.111111
8 0.65625 0.211111 0.175 0.111111
8 0.675 0.2 0.1625 0.0888889
4 0.74375 0.188889 0.175 0.111111
4 0.76875 0.222222 0.15 0.0888889
4 0.7625 0.211111 0.1125 0.0666667
4 0.80625 0.211111 0.15 0.0666667
4 0.83125 0.222222 0.175 0.0888889
8 0.85625 0.211111 0.175 0.0666667
8 0.85 0.211111 0.1125 0.0666667
8 0.028125 0.233333 0.05625 0.0666667
8 0.05 0.233333 0.0625 0.0666667
25 0.3375 0.244444 0.1375 0.0444444
4 0.3125 0.244444 0.0875 0.0444444
4 0.33125 0.244444 0.075 0.0444444
4 0.36875 0.244444 0.15 0.0444444
4 0.4 0.244444 0.1625 0.0444444
4 0.43125 0.244444 0.175 0.0444444
8 0.45 0.244444 0.1625 0.0444444
8 0.4375 0.233333 0.1125 0.0666667
5 0.4875 0.233333 0.1625 0.0666667
8 0.50625 0.244444 0.175 0.0444444
8 0.5375 0.244444 0.0875 0.0444444
8 0.5625 0.244444 0.1125 0.0444444
8 0.7625 0.222222 0.1375 0.0888889
4 0.775 0.233333 0.0875 0.0666667
8 0.8125 0.233333 0.1375 0.0666667
4 0.81875 0.233333 0.175 0.0666667
4 0.83125 0.244444 0.175 0.0444444
8 0.84375 0.244444 0.175 0.0444444
8 0.85625 0.233333 0.075 0.0666667
8 0.8875 0.233333 0.1625 0.0666667
8 0.028125 0.244444 0.05625 0.0444444
8 0.05 0.244444 0.0625 0.0444444
8 0.06875 0.255556 0.125 0.0666667
8 0.175 0.255556 0.1125 0.0666667
4 0.3 0.255556 0.1875 0.0666667
8 0.35625 0.244444 0.15 0.0444444
8 0.375 0.255556 0.1625 0.0666667
8 0.38125 0.266667 0.175 0.0444444
8 0.40625 0.255556 0.175 0.0666667
8 0.49375 0.255556 0.175 0.0666667
8 0.5625 0.255556 0.1125 0.0666667
43 0.59375 0.255556 0.125 0.0666667
8 0.60625 0.255556 0.125 0.0666667
8 0.75625 0.244444 0.15 0.0888889
4 0.76875 0.244444 0.15 0.0888889
4 0.775 0.255556 0.1375 0.0666667
4 0.775 0.244444 0.0875 0.0444444
8 0.775 0.244444 0.0875 0.0444444
