25 0.1 0.0111111 0.1875 0.0222222
25 0.375 0.0111111 0.1625 0.0222222
8 0.39375 0.0111111 0.175 0.0222222
25 0.425 0.0111111 0.1875 0.0222222
8 0.45625 0.0111111 0.15 0.0222222
8 0.4375 0 0.0625 0
25 0.5 0.0111111 0.1875 0.0222222
8 0.5 0.0111111 0.1875 0.0222222
8 0.525 0 0.1875 0
43 0.73125 0.0111111 0.2 0.0222222
11 0.015625 0.0111111 0.03125 0.0222222
29 0.053125 0.0222222 0.10625 0.0444444
11 0.09375 0.0111111 0.075 0.0222222
11 0.15625 0.0111111 0.1 0.0222222
11 0.3 0.0222222 0.0875 0.0444444
11 0.31875 0.0222222 0.075 0.0444444
25 0.3625 0.0222222 0.0875 0.0444444
25 0.4125 0.0111111 0.1375 0.0222222
11 0.425 0.0222222 0.0625 0.0444444
8 0.4375 0.0222222 0.0625 0.0444444
25 0.50625 0.0222222 0.15 0.0444444
11 0.56875 0.0222222 0.15 0.0444444
8 0.7625 0.0222222 0.1375 0.0444444
8 0.78125 0.0222222 0.075 0.0444444
8 0.79375 0.0222222 0.1 0.0444444
6 0.946875 0.0222222 0.10625 0.0444444
44 0.5125 0.0333333 0.0625 0.0222222
8 0.015625 0.122222 0.03125 0.0666667
8 0.95 0.122222 0.0875 0.155556
25 0.09375 0.177778 0.1 0.133333
25 0.1125 0.188889 0.0875 0.111111
25 0.13125 0.177778 0.05 0.0888889
25 0.14375 0.177778 0.05 0.0888889
10 0.95 0.177778 0.0875 0.0444444
11 0.025 0.2 0.0125 0.0444444
25 0.05625 0.222222 0.075 0.0444444
25 0.0875 0.211111 0.0375 0.0666667
25 0.14375 0.211111 0.025 0.0666667
25 0.1625 0.211111 0.0125 0.0666667
25 0.175 0.2 0.0125 0.0888889
21 0.05625 0.244444 0.075 0.0888889
25 0.0875 0.266667 0.0375 0.133333
25 0.09375 0.255556 0.05 0.0666667
25 0.09375 0.244444 0.075 0.0888889
25 0.10625 0.255556 0.075 0.0666667
25 0.13125 0.255556 0.05 0.0666667
25 0.1375 0.244444 0.0625 0.0888889
21 0.08125 0.244444 0.025 0.0444444
21 0.09375 0.233333 0.025 0.0666667
25 0.10625 0.244444 0.025 0.0888889
25 0.1125 0.244444 0.0375 0.0888889
25 0.125 0.244444 0.0375 0.0888889
21 0.14375 0.255556 0.025 0.0666667
21 0.15 0.255556 0.0375 0.0666667
21 0.1625 0.244444 0.0375 0.0888889
17 0.175 0.244444 0.0375 0.0888889
21 0.18125 0.233333 0.05 0.111111
17 0.125 0.255556 0.0375 0.0666667
20 0.13125 0.255556 0.05 0.0666667
25 0.15 0.244444 0.0375 0.0888889
21 0.28125 0.255556 0.025 0.0666667
21 0.29375 0.255556 0.025 0.0666667
25 0.09375 0.288889 0.05 0.0444444
25 0.09375 0.266667 0.075 0.133333
17 0.13125 0.255556 0.05 0.111111
25 0.14375 0.255556 0.05 0.111111
25 0.25 0.288889 0.0375 0.0888889
25 0.24375 0.277778 0.075 0.111111
25 0.28125 0.288889 0.025 0.0444444
21 0.3125 0.266667 0.0375 0.0888889
12 0.35 0.266667 0.0375 0.0888889
19 0.990625 0.277778 0.01875 0.0666667
11 0.015625 0.3 0.03125 0.0666667
19 0.125 0.3 0.0375 0.0666667
19 0.1375 0.277778 0.0375 0.155556
25 0.225 0.3 0.0875 0.111111
25 0.2375 0.333333 0.0875 0.0888889
25 0.275 0.322222 0.0375 0.111111
25 0.28125 0.288889 0.05 0.133333
44 0.64375 0.322222 0.025 0.0666667
19 0.990625 0.166667 0.01875 0.333333
11 0.01875 0.333333 0.025 0.0444444
25 0.09375 0.344444 0.075 0.0666667
17 0.125 0.322222 0.0375 0.111111
19 0.1375 0.322222 0.0375 0.111111
25 0.21875 0.322222 0.05 0.111111
25 0.25 0.333333 0.0375 0.0888889
12 0.26875 0.333333 0.025 0.0888889
12 0.28125 0.322222 0.025 0.0666667
11 0.56875 0.344444 0.025 0.0222222
11 0.64375 0.322222 0.025 0.0666667
11 0.68125 0.344444 0.1 0.0666667
21 0.70625 0.333333 0.05 0.0888889
8 0.9375 0.322222 0.0375 0.111111
49 0.990625 0.333333 0.01875 0.0444444
9 0.01875 0.355556 0.025 0.0444444
21 0.125 0.3 0.0375 0.155556
21 0.14375 0.333333 0.025 0.0888889
16 0.990625 0.355556 0.01875 0.0444444
11 0.015625 0.366667 0.03125 0.0666667
3 0.2 0.388889 0.0875 0.0666667
3 0.23125 0.355556 0.05 0.133333
3 0.24375 0.377778 0.05 0.133333
32 0.990625 0.366667 0.01875 0.0666667
11 0.015625 0.4 0.03125 0.0444444
6 0.86875 0.4 0.125 0.0888889
6 0.9 0.4 0.1125 0.0888889
6 0.953125 0.388889 0.09375 0.111111
70 0.990625 0.322222 0.01875 0.2
11 0.015625 0.422222 0.03125 0.0444444
10 0.990625 0.377778 0.01875 0.133333
11 0.015625 0.444444 0.03125 0.0444444
11 0.053125 0.444444 0.10625 0.0888889
11 0.015625 0.466667 0.03125 0.0444444
11 0.015625 0.522222 0.03125 0.111111
21 0.74375 0.533333 0.025 0.0444444
6 0.965625 0.533333 0.06875 0.0444444
6 0.959375 0.577778 0.08125 0.0444444
4 0.953125 0.577778 0.09375 0.0444444
6 0.95 0.544444 0.0875 0.111111
3 0.984375 0.555556 0.03125 0.0888889
4 0.946875 0.577778 0.10625 0.0888889
6 0.953125 0.577778 0.09375 0.0888889
10 0.984375 0.588889 0.03125 0.0666667
4 0.946875 0.6 0.10625 0.0444444
4 0.953125 0.622222 0.09375 0.0888889
8 0.953125 0.611111 0.09375 0.0666667
12 0.984375 0.633333 0.03125 0.0222222
8 0.953125 0.633333 0.09375 0.0666667
8 0.953125 0.633333 0.09375 0.0666667
8 0.953125 0.666667 0.09375 0.0888889
6 0.946875 0.7 0.10625 0.111111
8 0.953125 0.677778 0.09375 0.0666667
8 0.325 0.711111 0.1125 0.0444444
8 0.953125 0.711111 0.09375 0.0888889
11 0.015625 0.733333 0.03125 0.0444444
8 0.946875 0.733333 0.10625 0.0888889
11 0.953125 0.733333 0.09375 0.0888889
8 0.946875 0.755556 0.10625 0.0444444
8 0.946875 0.766667 0.10625 0.0666667
6 0.946875 0.777778 0.10625 0.0888889
8 0.946875 0.8 0.10625 0.0888889
4 0.946875 0.844444 0.10625 0.0888889
6 0.953125 0.822222 0.09375 0.0888889
8 0.953125 0.855556 0.09375 0.0666667
8 0.953125 0.877778 0.09375 0.0666667
8 0.021875 0.9 0.04375 0.0666667
23 0.84375 0.911111 0.05 0.0444444
6 0.95 0.922222 0.0625 0.0666667
2 0.95 0.911111 0.0625 0.0444444
2 0.959375 0.911111 0.08125 0.0444444
6 0.959375 0.911111 0.08125 0.0444444
8 0.953125 0.911111 0.09375 0.0888889
8 0.053125 0.933333 0.10625 0.0444444
6 0.959375 0.933333 0.08125 0.0444444
6 0.953125 0.944444 0.09375 0.111111
8 0.953125 0.933333 0.09375 0.0888889
11 0.984375 0.911111 0.03125 0.0888889
8 0.028125 0.955556 0.05625 0.0888889
8 0.015625 0.966667 0.03125 0.0666667
6 0.953125 0.955556 0.09375 0.0888889
8 0.946875 0.966667 0.10625 0.0666667
8 0.953125 0.966667 0.09375 0.0666667
8 0.946875 0.977778 0.10625 0.0444444
8 0.971875 0.977778 0.05625 0.0444444
11 0.971875 0.988889 0.05625 0.0222222
47 0.00625 0.0611111 0.0125 0.122222
32 0.2125 0.0388889 0.4 0.0777778
9 0.1625 0.0388889 0.3 0.0777778
29 0.175 0.0611111 0.325 0.122222
28 0.3125 0.0611111 0.55 0.122222
19 0.3625 0.0611111 0.55 0.122222
28 0.275 0.0166667 0.325 0.0333333
28 0.2625 0.0166667 0.25 0.0333333
12 0.2875 0.0388889 0.25 0.0777778
12 0.3125 0.0611111 0.25 0.122222
31 0.6875 0.0166667 0.5 0.0333333
31 0.6125 0.0388889 0.3 0.0777778
29 0.625 0.0611111 0.275 0.122222
35 0.76875 0.0611111 0.4625 0.122222
11 0.875 0.0388889 0.225 0.0777778
11 0.8875 0.0611111 0.2 0.122222
11 0.90625 0.0388889 0.1875 0.0777778
18 0.7625 0.0833333 0.25 0.166667
6 0.88125 0.0611111 0.2375 0.122222
0 0.04375 0.0833333 0.0875 0.166667
9 0.05625 0.0833333 0.1125 0.166667
31 0.25 0.105556 0.175 0.211111
31 0.35 0.105556 0.275 0.211111
31 0.325 0.105556 0.175 0.211111
12 0.35 0.105556 0.175 0.211111
12 0.4625 0.0833333 0.25 0.166667
31 0.475 0.0833333 0.225 0.166667
31 0.5 0.0833333 0.225 0.166667
31 0.575 0.0833333 0.225 0.166667
29 0.6375 0.0833333 0.25 0.166667
29 0.675 0.105556 0.275 0.211111
10 0.7 0.105556 0.275 0.211111
11 0.84375 0.105556 0.3125 0.211111
6 0.88125 0.1 0.2375 0.133333
0 0.13125 0.277778 0.2625 0.488889
20 0.325 0.127778 0.175 0.255556
28 0.5 0.122222 0.225 0.177778
29 0.575 0.261111 0.225 0.522222
12 0.7 0.166667 0.375 0.266667
29 0.7375 0.144444 0.4 0.222222
29 0.725 0.144444 0.175 0.222222
29 0.7125 0.144444 0.25 0.222222
61 0.7375 0.144444 0.25 0.222222
12 0.825 0.166667 0.275 0.177778
29 0.1375 0.188889 0.25 0.222222
29 0.1875 0.15 0.35 0.3
29 0.75 0.188889 0.425 0.222222
29 0.81875 0.188889 0.3625 0.222222
61 0.775 0.166667 0.325 0.266667
12 0.8375 0.188889 0.15 0.222222
29 0.25 0.211111 0.275 0.266667
29 0.2 0.211111 0.175 0.266667
29 0.2375 0.233333 0.15 0.222222
29 0.3625 0.211111 0.35 0.355556
12 0.325 0.211111 0.175 0.266667
12 0.35 0.233333 0.175 0.222222
29 0.4 0.255556 0.175 0.266667
38 0.525 0.233333 0.275 0.222222
12 0.525 0.255556 0.175 0.177778
54 0.5 0.233333 0.225 0.133333
29 0.65 0.188889 0.225 0.222222
11 0.94375 0.233333 0.1125 0.133333
54 0.94375 0.233333 0.1125 0.133333
29 0.075 0.188889 0.125 0.311111
29 0.2125 0.255556 0.2 0.266667
61 0.4125 0.233333 0.4 0.311111
12 0.475 0.233333 0.475 0.311111
29 0.35 0.255556 0.175 0.266667
11 0.425 0.277778 0.325 0.222222
12 0.4 0.277778 0.175 0.222222
29 0.4 0.277778 0.125 0.222222
29 0.5 0.277778 0.225 0.222222
43 0.8875 0.255556 0.15 0.177778
11 0.96875 0.255556 0.0625 0.177778
29 0.96875 0.233333 0.0625 0.133333
29 0.06875 0.3 0.1375 0.177778
29 0.3125 0.277778 0.35 0.311111
31 0.475 0.3 0.475 0.266667
10 0.35 0.3 0.175 0.266667
9 0.4625 0.3 0.35 0.266667
10 0.45 0.3 0.275 0.266667
54 0.8625 0.277778 0.25 0.133333
29 0.05625 0.3 0.1125 0.0888889
31 0.06875 0.344444 0.1375 0.177778
31 0.0625 0.322222 0.1 0.222222
31 0.2375 0.322222 0.35 0.222222
29 0.1625 0.322222 0.15 0.222222
31 0.4625 0.322222 0.35 0.222222
13 0.3875 0.3 0.15 0.266667
12 0.5125 0.366667 0.1 0.222222
12 0.525 0.388889 0.125 0.177778
10 0.5 0.388889 0.175 0.177778
9 0.5625 0.388889 0.15 0.177778
10 0.5875 0.388889 0.15 0.177778
12 0.6125 0.344444 0.15 0.266667
18 0.7625 0.388889 0.2 0.177778
29 0.075 0.322222 0.125 0.222222
29 0.0875 0.344444 0.15 0.266667
28 0.4 0.3 0.175 0.355556
12 0.5 0.388889 0.225 0.177778
10 0.5375 0.366667 0.25 0.222222
18 0.6 0.366667 0.175 0.311111
31 0.675 0.344444 0.175 0.266667
17 0.8375 0.366667 0.3 0.222222
17 0.8 0.388889 0.125 0.177778
18 0.8125 0.388889 0.15 0.177778
12 0.8875 0.411111 0.15 0.133333
9 0.01875 0.477778 0.0375 0.622222
13 0.5625 0.411111 0.35 0.222222
18 0.7 0.366667 0.275 0.222222
18 0.8375 0.366667 0.3 0.222222
20 0.8125 0.366667 0.35 0.222222
18 0.7875 0.411111 0.25 0.222222
18 0.8375 0.411111 0.15 0.222222
6 0.9 0.433333 0.175 0.177778
12 0.01875 0.716667 0.0375 0.566667
7 0.7875 0.411111 0.25 0.222222
6 0.9 0.5 0.175 0.222222
11 0.9125 0.455556 0.15 0.133333
12 0.04375 0.522222 0.0875 0.0888889
61 0.375 0.522222 0.375 0.266667
29 0.875 0.544444 0.175 0.133333
64 0.8875 0.588889 0.15 0.133333
9 0.03125 0.738889 0.0625 0.522222
11 0.04375 0.522222 0.0875 0.0888889
17 0.075 0.522222 0.125 0.266667
20 0.1375 0.522222 0.25 0.266667
18 0.2625 0.566667 0.15 0.266667
29 0.3625 0.477778 0.15 0.177778
29 0.45 0.522222 0.225 0.177778
61 0.4875 0.5 0.25 0.222222
17 0.5625 0.566667 0.2 0.177778
11 0.575 0.588889 0.225 0.133333
49 0.65 0.588889 0.125 0.133333
