6 0.028125 0.0222222 0.05625 0.0444444
4 0.040625 0.0111111 0.08125 0.0222222
4 0.1125 0.0222222 0.1625 0.0444444
4 0.09375 0.0111111 0.125 0.0222222
21 0.10625 0.0111111 0.1 0.0222222
25 0.11875 0.0111111 0.1 0.0222222
6 0.059375 0.0222222 0.11875 0.0444444
6 0.021875 0.0222222 0.04375 0.0444444
4 0.040625 0.0333333 0.08125 0.0666667
2 0.040625 0.0222222 0.08125 0.0444444
2 0.05625 0.0222222 0.075 0.0444444
2 0.075 0.0333333 0.0625 0.0666667
4 0.0875 0.0333333 0.1125 0.0666667
4 0.1125 0.0333333 0.0625 0.0666667
4 0.13125 0.0333333 0.075 0.0666667
14 0.14375 0.0333333 0.075 0.0666667
14 0.13125 0.0333333 0.125 0.0666667
14 0.1375 0.0333333 0.1125 0.0666667
10 0.15625 0.0333333 0.1 0.0666667
6 0.20625 0.0333333 0.175 0.0666667
6 0.19375 0.0333333 0.125 0.0666667
11 0.20625 0.0333333 0.1 0.0666667
9 0.21875 0.0333333 0.1 0.0666667
6 0.24375 0.0333333 0.1 0.0666667
11 0.2625 0.0333333 0.1125 0.0666667
18 0.28125 0.0222222 0.125 0.0444444
11 0.29375 0.0222222 0.125 0.0444444
11 0.325 0.0222222 0.1125 0.0444444
9 0.3375 0.0333333 0.1125 0.0666667
9 0.35 0.0222222 0.1125 0.0444444
2 0.375 0.0222222 0.1125 0.0444444
2 0.375 0.0333333 0.0875 0.0666667
2 0.41875 0.0333333 0.075 0.0666667
2 0.425 0.0222222 0.0625 0.0444444
2 0.44375 0.0222222 0.1 0.0444444
4 0.45 0.0222222 0.1125 0.0444444
4 0.4625 0.0333333 0.1125 0.0666667
11 0.49375 0.0222222 0.125 0.0444444
6 0.50625 0.0222222 0.125 0.0444444
6 0.5375 0.0222222 0.1125 0.0444444
6 0.55 0.0111111 0.1125 0.0222222
4 0.5625 0.0111111 0.1125 0.0222222
4 0.5875 0.0111111 0.1125 0.0222222
4 0.6125 0.0111111 0.1125 0.0222222
2 0.625 0.0111111 0.1125 0.0222222
4 0.6375 0.0111111 0.1125 0.0222222
2 0.65 0.0111111 0.1125 0.0222222
2 0.675 0.0111111 0.1125 0.0222222
4 0.6875 0.0111111 0.1125 0.0222222
4 0.7125 0.0222222 0.1125 0.0444444
4 0.7375 0.0222222 0.1125 0.0444444
4 0.7625 0.0222222 0.1125 0.0444444
4 0.79375 0.0222222 0.125 0.0444444
4 0.8125 0.0222222 0.0875 0.0444444
4 0.8375 0.0222222 0.1125 0.0444444
4 0.8625 0.0222222 0.1125 0.0444444
4 0.90625 0.0333333 0.175 0.0666667
4 0.89375 0.0222222 0.125 0.0444444
4 0.9375 0.0222222 0.0875 0.0444444
4 0.946875 0.0222222 0.10625 0.0444444
6 0.015625 0.0333333 0.03125 0.0666667
6 0.040625 0.0333333 0.08125 0.0666667
6 0.0625 0.0333333 0.0625 0.0666667
6 0.0625 0.0333333 0.1125 0.0666667
4 0.10625 0.0333333 0.175 0.0666667
6 0.11875 0.0333333 0.175 0.0666667
6 0.44375 0.0444444 0.125 0.0444444
14 0.053125 0.0333333 0.10625 0.0666667
8 0.01875 0.0333333 0.025 0.0666667
8 0.03125 0.0666667 0.025 0.0444444
6 0.0625 0.0555556 0.0375 0.0222222
6 0.06875 0.0666667 0.05 0.0444444
6 0.0625 0.0666667 0.0875 0.0444444
4 0.0875 0.0666667 0.0625 0.0444444
4 0.1 0.0666667 0.0625 0.0444444
4 0.14375 0.0666667 0.125 0.0444444
6 0.14375 0.0666667 0.175 0.0444444
6 0.18125 0.0666667 0.125 0.0444444
6 0.175 0.0666667 0.0875 0.0444444
6 0.23125 0.0666667 0.125 0.0444444
6 0.26875 0.0666667 0.125 0.0444444
6 0.30625 0.0666667 0.125 0.0444444
6 0.33125 0.0666667 0.15 0.0444444
6 0.3625 0.0666667 0.0625 0.0444444
6 0.40625 0.0666667 0.075 0.0444444
4 0.425 0.0666667 0.0625 0.0444444
6 0.44375 0.0666667 0.05 0.0444444
4 0.45625 0.0666667 0.05 0.0444444
4 0.46875 0.0666667 0.05 0.0444444
6 0.475 0.0666667 0.0875 0.0444444
6 0.51875 0.0444444 0.075 0.0888889
6 0.53125 0.0444444 0.05 0.0888889
6 0.54375 0.0444444 0.05 0.0888889
6 0.5625 0.0444444 0.0625 0.0888889
6 0.5875 0.0444444 0.0625 0.0888889
6 0.60625 0.0333333 0.05 0.0666667
4 0.625 0.0555556 0.0625 0.0222222
4 0.625 0.0666667 0.0625 0.0444444
4 0.64375 0.0666667 0.05 0.0444444
6 0.65625 0.0666667 0.05 0.0444444
6 0.66875 0.0666667 0.05 0.0444444
4 0.68125 0.0666667 0.05 0.0444444
4 0.69375 0.0666667 0.05 0.0444444
4 0.70625 0.0666667 0.05 0.0444444
4 0.71875 0.0555556 0.05 0.0666667
4 0.73125 0.0555556 0.05 0.0666667
4 0.74375 0.0666667 0.05 0.0444444
6 0.75625 0.0555556 0.05 0.0222222
6 0.76875 0.0666667 0.05 0.0444444
6 0.78125 0.0666667 0.05 0.0444444
4 0.79375 0.0666667 0.05 0.0444444
4 0.80625 0.0555556 0.05 0.0666667
4 0.81875 0.0555556 0.05 0.0666667
4 0.81875 0.0555556 0.075 0.0666667
4 0.84375 0.0555556 0.05 0.0666667
4 0.85625 0.0555556 0.05 0.0666667
4 0.86875 0.0555556 0.05 0.0666667
4 0.88125 0.0666667 0.05 0.0444444
4 0.89375 0.0666667 0.05 0.0444444
4 0.90625 0.0666667 0.05 0.0444444
4 0.93125 0.0666667 0.075 0.0444444
6 0.9375 0.0666667 0.0625 0.0444444
6 0.9375 0.0666667 0.1125 0.0444444
4 0.953125 0.0666667 0.09375 0.0444444
19 0.021875 0.0777778 0.04375 0.0666667
8 0.040625 0.0777778 0.08125 0.0666667
6 0.0625 0.0777778 0.0375 0.0666667
4 0.06875 0.0666667 0.05 0.0444444
4 0.0625 0.0666667 0.0875 0.0444444
4 0.08125 0.0777778 0.1 0.0666667
4 0.1 0.0777778 0.1125 0.0666667
2 0.14375 0.0777778 0.15 0.0666667
4 0.15625 0.0777778 0.15 0.0666667
2 0.16875 0.0777778 0.1 0.0666667
2 0.20625 0.0666667 0.15 0.0444444
2 0.225 0.0777778 0.1625 0.0666667
2 0.20625 0.0777778 0.1 0.0666667
2 0.24375 0.0666667 0.175 0.0444444
4 0.25625 0.0666667 0.175 0.0444444
2 0.28125 0.0666667 0.175 0.0444444
2 0.2875 0.0777778 0.1625 0.0666667
4 0.3 0.0666667 0.1625 0.0444444
2 0.3375 0.0777778 0.1625 0.0666667
4 0.3625 0.0777778 0.1625 0.0666667
4 0.34375 0.0777778 0.1 0.0666667
4 0.35625 0.0666667 0.1 0.0444444
4 0.375 0.0666667 0.0875 0.0444444
4 0.38125 0.0777778 0.1 0.0666667
4 0.4 0.0777778 0.0875 0.0666667
4 0.41875 0.0777778 0.1 0.0666667
4 0.44375 0.0777778 0.1 0.0666667
4 0.46875 0.0777778 0.05 0.0666667
4 0.475 0.0777778 0.0875 0.0666667
4 0.48125 0.0666667 0.1 0.0888889
2 0.53125 0.0444444 0.075 0.0888889
4 0.51875 0.0666667 0.1 0.0888889
4 0.5375 0.0555556 0.0625 0.111111
6 0.54375 0.0555556 0.075 0.111111
4 0.54375 0.0666667 0.1 0.0888889
6 0.59375 0.0666667 0.075 0.0444444
6 0.60625 0.0777778 0.075 0.0666667
4 0.625 0.0777778 0.0625 0.0666667
2 0.61875 0.0777778 0.075 0.0666667
4 0.675 0.0777778 0.0625 0.0666667
4 0.69375 0.0666667 0.075 0.0444444
4 0.70625 0.0555556 0.05 0.0666667
4 0.75625 0.0666667 0.05 0.0444444
4 0.75 0.0666667 0.0875 0.0444444
4 0.78125 0.0666667 0.05 0.0444444
4 0.79375 0.0555556 0.075 0.0666667
4 0.7875 0.0666667 0.1125 0.0888889
4 0.8125 0.0666667 0.0625 0.0888889
4 0.8875 0.0666667 0.1625 0.0888889
4 0.8625 0.0777778 0.1125 0.0666667
4 0.9 0.0777778 0.0625 0.0666667
4 0.9125 0.0777778 0.0625 0.0666667
4 0.9375 0.0666667 0.1125 0.0444444
4 0.953125 0.0777778 0.09375 0.0666667
18 0.053125 0.0777778 0.10625 0.111111
19 0.021875 0.1 0.04375 0.0666667
6 0.040625 0.1 0.08125 0.0666667
6 0.05 0.0777778 0.0625 0.0666667
4 0.0625 0.0777778 0.0875 0.0666667
4 0.0875 0.0777778 0.0625 0.0666667
4 0.15625 0.0777778 0.075 0.0666667
4 0.16875 0.0888889 0.075 0.0444444
4 0.19375 0.0777778 0.125 0.0666667
4 0.23125 0.0777778 0.125 0.0666667
6 0.2625 0.0888889 0.1125 0.0888889
6 0.26875 0.0777778 0.125 0.0666667
6 0.30625 0.0777778 0.1 0.0666667
6 0.3125 0.0888889 0.1125 0.0888889
6 0.34375 0.0888889 0.075 0.0888889
4 0.375 0.0777778 0.0625 0.0666667
4 0.39375 0.0888889 0.1 0.0888889
2 0.40625 0.0888889 0.1 0.0888889
4 0.43125 0.0888889 0.1 0.0888889
4 0.48125 0.0888889 0.05 0.0888889
2 0.475 0.111111 0.0875 0.0888889
2 0.48125 0.0888889 0.1 0.0888889
2 0.55625 0.0888889 0.125 0.0888889
4 0.5375 0.0888889 0.0625 0.0888889
4 0.54375 0.0888889 0.1 0.0888889
6 0.59375 0.0888889 0.075 0.0888889
4 0.61875 0.0888889 0.05 0.0888889
4 0.63125 0.0888889 0.05 0.0888889
6 0.6375 0.0888889 0.0625 0.0888889
6 0.65 0.0888889 0.0375 0.0888889
6 0.675 0.0888889 0.0625 0.0888889
6 0.6875 0.0888889 0.0625 0.0888889
6 0.70625 0.0888889 0.075 0.0888889
6 0.725 0.0888889 0.0625 0.0888889
6 0.7375 0.0888889 0.0625 0.0888889
6 0.775 0.0888889 0.0625 0.0888889
4 0.80625 0.0888889 0.075 0.0888889
4 0.81875 0.1 0.05 0.0666667
4 0.83125 0.1 0.05 0.0666667
4 0.84375 0.0888889 0.05 0.0888889
4 0.85625 0.0888889 0.05 0.0888889
4 0.90625 0.0888889 0.125 0.0888889
4 0.8875 0.0888889 0.0625 0.0888889
4 0.90625 0.0888889 0.075 0.0888889
4 0.925 0.0888889 0.0875 0.0888889
6 0.953125 0.0888889 0.09375 0.0888889
18 0.053125 0.111111 0.10625 0.0888889
14 0.040625 0.111111 0.08125 0.0888889
6 0.05625 0.1 0.075 0.0666667
4 0.05625 0.1 0.075 0.0666667
4 0.075 0.111111 0.1125 0.0444444
4 0.11875 0.111111 0.075 0.0444444
4 0.1125 0.111111 0.1125 0.0444444
4 0.1375 0.111111 0.1125 0.0444444
4 0.1625 0.111111 0.1125 0.0444444
4 0.19375 0.111111 0.125 0.0444444
4 0.23125 0.111111 0.125 0.0444444
4 0.25625 0.111111 0.125 0.0444444
6 0.3 0.111111 0.1125 0.0444444
6 0.34375 0.111111 0.075 0.0444444
6 0.375 0.1 0.0625 0.0666667
6 0.3875 0.1 0.0375 0.0666667
4 0.3875 0.1 0.0875 0.0666667
4 0.40625 0.1 0.05 0.0666667
4 0.41875 0.1 0.05 0.0666667
4 0.43125 0.1 0.05 0.0666667
4 0.44375 0.1 0.05 0.0666667
4 0.45625 0.1 0.05 0.0666667
4 0.46875 0.111111 0.05 0.0888889
4 0.4625 0.111111 0.0875 0.0888889
4 0.48125 0.111111 0.1 0.0888889
4 0.53125 0.111111 0.075 0.0888889
4 0.54375 0.111111 0.05 0.0888889
22 0.56875 0.111111 0.075 0.0888889
23 0.58125 0.111111 0.075 0.0888889
23 0.60625 0.111111 0.075 0.0888889
6 0.625 0.1 0.0625 0.0666667
6 0.64375 0.1 0.05 0.0666667
21 0.65 0.1 0.0375 0.0666667
21 0.65625 0.111111 0.05 0.0888889
23 0.73125 0.1 0.075 0.0666667
23 0.76875 0.111111 0.075 0.0888889
6 0.775 0.111111 0.0875 0.0888889
21 0.7875 0.111111 0.0625 0.0888889
21 0.8 0.111111 0.0625 0.0888889
22 0.8125 0.111111 0.0625 0.0888889
22 0.81875 0.1 0.05 0.0666667
22 0.83125 0.1 0.05 0.0666667
6 0.85625 0.1 0.075 0.0666667
6 0.88125 0.1 0.075 0.0666667
6 0.8875 0.111111 0.0625 0.0888889
6 0.90625 0.1 0.075 0.0666667
4 0.9125 0.111111 0.0625 0.0888889
4 0.91875 0.1 0.05 0.0666667
4 0.93125 0.1 0.075 0.0666667
6 0.93125 0.111111 0.075 0.0888889
4 0.940625 0.122222 0.11875 0.0666667
4 0.953125 0.1 0.09375 0.0666667
4 0.971875 0.0888889 0.05625 0.0888889
14 0.053125 0.122222 0.10625 0.0666667
19 0.021875 0.122222 0.04375 0.0666667
25 0.040625 0.122222 0.08125 0.0666667
6 0.05625 0.122222 0.075 0.0666667
6 0.075 0.122222 0.1125 0.0666667
6 0.0875 0.133333 0.1125 0.0888889
4 0.1125 0.133333 0.1125 0.0888889
4 0.1375 0.133333 0.1125 0.0888889
4 0.1625 0.122222 0.1125 0.0666667
4 0.175 0.133333 0.1125 0.0888889
4 0.2 0.122222 0.1125 0.0666667
4 0.23125 0.122222 0.125 0.0666667
6 0.2625 0.122222 0.1125 0.0666667
6 0.29375 0.122222 0.1 0.0666667
6 0.30625 0.133333 0.1 0.0888889
6 0.3375 0.133333 0.1125 0.0888889
6 0.3625 0.144444 0.1125 0.111111
6 0.39375 0.144444 0.075 0.111111
6 0.3875 0.144444 0.1125 0.111111
4 0.4125 0.133333 0.0625 0.0888889
4 0.43125 0.133333 0.075 0.0888889
4 0.46875 0.133333 0.05 0.0888889
4 0.475 0.133333 0.0875 0.0888889
