6 0.059375 0.0222222 0.11875 0.0444444
6 0.059375 0.0222222 0.11875 0.0444444
6 0.053125 0.0111111 0.10625 0.0222222
6 0.075 0.0222222 0.1375 0.0444444
6 0.14375 0.0111111 0.175 0.0222222
6 0.19375 0.0111111 0.175 0.0222222
6 0.21875 0.0222222 0.175 0.0444444
6 0.25625 0.0222222 0.175 0.0444444
6 0.2875 0.0111111 0.1875 0.0222222
6 0.3 0.0222222 0.1875 0.0444444
6 0.34375 0.0111111 0.175 0.0222222
6 0.38125 0.0111111 0.175 0.0222222
6 0.425 0.0111111 0.1875 0.0222222
6 0.4625 0.0111111 0.1875 0.0222222
6 0.49375 0.0222222 0.175 0.0444444
6 0.5125 0.0111111 0.1875 0.0222222
6 0.5375 0.0222222 0.1875 0.0444444
6 0.575 0.0222222 0.1875 0.0444444
6 0.6 0.0111111 0.1875 0.0222222
6 0.6375 0.0111111 0.1875 0.0222222
6 0.675 0.0111111 0.1875 0.0222222
6 0.7125 0.0111111 0.1875 0.0222222
6 0.75 0.0111111 0.1875 0.0222222
6 0.7625 0.0222222 0.1875 0.0444444
6 0.8 0.0111111 0.1875 0.0222222
6 0.825 0.0111111 0.1875 0.0222222
6 0.8625 0.0111111 0.1875 0.0222222
6 0.875 0.0111111 0.1875 0.0222222
6 0.909375 0.0222222 0.18125 0.0444444
6 0.928125 0.0222222 0.14375 0.0444444
4 0.946875 0.0222222 0.10625 0.0444444
6 0.034375 0.0222222 0.06875 0.0444444
6 0.15625 0.0222222 0.1 0.0444444
43 0.18125 0.0222222 0.1 0.0444444
43 0.2 0.0222222 0.0875 0.0444444
6 0.20625 0.0222222 0.1 0.0444444
6 0.225 0.0222222 0.0875 0.0444444
6 0.24375 0.0222222 0.1 0.0444444
6 0.26875 0.0222222 0.1 0.0444444
6 0.29375 0.0222222 0.1 0.0444444
6 0.3125 0.0222222 0.0875 0.0444444
6 0.33125 0.0222222 0.1 0.0444444
6 0.35625 0.0222222 0.1 0.0444444
6 0.375 0.0222222 0.0875 0.0444444
6 0.4625 0.0222222 0.0875 0.0444444
6 0.53125 0.0222222 0.1 0.0444444
43 0.55625 0.0222222 0.1 0.0444444
6 0.56875 0.0222222 0.1 0.0444444
6 0.59375 0.0222222 0.125 0.0444444
43 0.6 0.0222222 0.1125 0.0444444
43 0.625 0.0222222 0.1125 0.0444444
6 0.6375 0.0222222 0.1125 0.0444444
6 0.65625 0.0222222 0.1 0.0444444
6 0.7625 0.0222222 0.1125 0.0444444
6 0.79375 0.0222222 0.125 0.0444444
6 0.81875 0.0222222 0.125 0.0444444
6 0.94375 0.0222222 0.1 0.0444444
2 0.946875 0.0222222 0.10625 0.0444444
2 0.953125 0.0222222 0.09375 0.0444444
4 0.028125 0.0333333 0.05625 0.0222222
2 0.034375 0.0222222 0.06875 0.0444444
4 0.1375 0.0333333 0.0375 0.0222222
4 0.1 0.0222222 0.1625 0.0444444
4 0.15 0.0333333 0.0625 0.0222222
2 0.15625 0.0444444 0.075 0.0444444
2 0.1625 0.0333333 0.0875 0.0666667
2 0.1625 0.0444444 0.1125 0.0444444
4 0.175 0.0444444 0.1125 0.0444444
2 0.2 0.0444444 0.1125 0.0444444
2 0.2125 0.0333333 0.1125 0.0666667
2 0.2375 0.0333333 0.1125 0.0666667
2 0.25625 0.0333333 0.1 0.0666667
2 0.28125 0.0333333 0.1 0.0666667
2 0.325 0.0333333 0.1625 0.0666667
2 0.30625 0.0444444 0.1 0.0444444
4 0.33125 0.0444444 0.1 0.0444444
4 0.3625 0.0333333 0.1125 0.0666667
2 0.38125 0.0444444 0.1 0.0444444
2 0.4 0.0444444 0.1125 0.0444444
4 0.44375 0.0444444 0.075 0.0444444
4 0.46875 0.0444444 0.1 0.0444444
4 0.4875 0.0444444 0.1125 0.0444444
4 0.5375 0.0444444 0.0625 0.0444444
4 0.53125 0.0444444 0.1 0.0444444
2 0.55 0.0444444 0.1125 0.0444444
2 0.5625 0.0333333 0.1125 0.0666667
2 0.5875 0.0333333 0.1375 0.0666667
2 0.61875 0.0333333 0.125 0.0666667
2 0.63125 0.0444444 0.125 0.0444444
2 0.65625 0.0333333 0.1 0.0666667
2 0.66875 0.0444444 0.125 0.0444444
4 0.69375 0.0444444 0.125 0.0444444
4 0.74375 0.0333333 0.125 0.0666667
4 0.75625 0.0444444 0.125 0.0444444
2 0.7875 0.0444444 0.1125 0.0444444
4 0.79375 0.0444444 0.125 0.0444444
4 0.8125 0.0333333 0.1125 0.0666667
2 0.825 0.0333333 0.1125 0.0666667
2 0.83125 0.0444444 0.125 0.0444444
2 0.8625 0.0444444 0.1125 0.0444444
4 0.89375 0.0333333 0.125 0.0666667
2 0.028125 0.0444444 0.05625 0.0444444
6 0.05625 0.0555556 0.1 0.0666667
6 0.075 0.0555556 0.1125 0.0222222
6 0.075 0.0666667 0.1125 0.0444444
4 0.15 0.0666667 0.0875 0.0444444
4 0.16875 0.0555556 0.125 0.0222222
2 0.2 0.0555556 0.1125 0.0222222
2 0.225 0.0555556 0.1125 0.0222222
2 0.25625 0.0555556 0.1 0.0222222
2 0.275 0.0555556 0.1125 0.0222222
4 0.2875 0.0666667 0.1125 0.0444444
2 0.3125 0.0666667 0.1125 0.0444444
2 0.3375 0.0666667 0.1125 0.0444444
4 0.35 0.0666667 0.1125 0.0444444
6 0.375 0.0666667 0.1125 0.0444444
6 0.4375 0.0666667 0.1125 0.0444444
6 0.4625 0.0666667 0.1125 0.0444444
4 0.53125 0.0555556 0.1 0.0222222
6 0.58125 0.0666667 0.125 0.0444444
6 0.61875 0.0666667 0.125 0.0444444
4 0.63125 0.0666667 0.125 0.0444444
6 0.65625 0.0666667 0.1 0.0444444
4 0.6625 0.0666667 0.1125 0.0444444
4 0.81875 0.0666667 0.125 0.0444444
6 0.83125 0.0555556 0.125 0.0222222
4 0.85625 0.0666667 0.125 0.0444444
2 0.8625 0.0666667 0.1125 0.0444444
2 0.0375 0.0666667 0.0375 0.0444444
2 0.034375 0.0777778 0.06875 0.0222222
6 0.046875 0.0555556 0.09375 0.0666667
2 0.0625 0.0777778 0.0875 0.0666667
2 0.10625 0.0777778 0.175 0.0666667
6 0.09375 0.0777778 0.1 0.0666667
6 0.1375 0.0888889 0.1125 0.0444444
2 0.2625 0.0777778 0.1125 0.0666667
2 0.2875 0.0777778 0.1125 0.0666667
2 0.3125 0.0777778 0.1125 0.0666667
2 0.3375 0.0888889 0.1125 0.0444444
4 0.35 0.0888889 0.1125 0.0444444
6 0.3625 0.0888889 0.1125 0.0444444
6 0.375 0.0777778 0.1125 0.0666667
6 0.3875 0.0888889 0.1125 0.0444444
6 0.4 0.0777778 0.1125 0.0666667
6 0.4125 0.0888889 0.1125 0.0444444
4 0.7125 0.0777778 0.1125 0.0666667
6 0.725 0.0777778 0.1125 0.0666667
2 0.021875 0.1 0.04375 0.0666667
2 0.028125 0.0888889 0.05625 0.0444444
2 0.034375 0.0777778 0.06875 0.0666667
2 0.14375 0.1 0.1 0.0666667
6 0.15 0.1 0.1125 0.0666667
22 0.30625 0.0888889 0.1 0.0444444
66 0.3625 0.0777778 0.1125 0.0666667
2 0.3875 0.0777778 0.1125 0.0666667
2 0.4125 0.0777778 0.1125 0.0666667
2 0.43125 0.0777778 0.1 0.0666667
2 0.44375 0.0888889 0.1 0.0444444
2 0.4625 0.0777778 0.1125 0.0666667
2 0.4875 0.0777778 0.1125 0.0666667
2 0.525 0.0777778 0.1125 0.0666667
4 0.55 0.0777778 0.1125 0.0666667
4 0.028125 0.111111 0.05625 0.0444444
4 0.040625 0.122222 0.08125 0.0222222
6 0.084375 0.1 0.16875 0.111111
8 0.06875 0.1 0.1 0.111111
2 0.0375 0.144444 0.0375 0.0222222
4 0.04375 0.144444 0.05 0.0222222
2 0.05 0.155556 0.0625 0.0444444
6 0.040625 0.155556 0.08125 0.0444444
6 0.0875 0.144444 0.1625 0.0666667
42 0.40625 0.133333 0.175 0.0888889
1 0.3875 0.144444 0.1125 0.0666667
1 0.40625 0.133333 0.1 0.0444444
13 0.41875 0.133333 0.1 0.0444444
1 0.45625 0.133333 0.025 0.0444444
1 0.475 0.133333 0.0375 0.0444444
1 0.45 0.133333 0.0875 0.0444444
1 0.46875 0.155556 0.1 0.0444444
1 0.50625 0.155556 0.025 0.0444444
1 0.525 0.155556 0.0625 0.0444444
6 0.51875 0.155556 0.1 0.0444444
6 0.525 0.144444 0.1125 0.0222222
6 0.5875 0.155556 0.1125 0.0444444
64 0.6 0.122222 0.1125 0.0666667
20 0.053125 0.166667 0.10625 0.0222222
19 0.03125 0.166667 0.05 0.0222222
9 0.04375 0.155556 0.05 0.0444444
1 0.05 0.166667 0.0375 0.0222222
6 0.0375 0.166667 0.0625 0.0222222
6 0.0625 0.177778 0.0875 0.0444444
6 0.38125 0.177778 0.125 0.0444444
6 0.38125 0.166667 0.1 0.0666667
8 0.48125 0.177778 0.1 0.0444444
6 0.50625 0.177778 0.125 0.0444444
6 0.53125 0.177778 0.125 0.0444444
6 0.55625 0.177778 0.125 0.0444444
6 0.58125 0.177778 0.125 0.0444444
6 0.6125 0.177778 0.1125 0.0444444
7 0.8125 0.155556 0.1125 0.0444444
74 0.83125 0.155556 0.1 0.0444444
6 0.925 0.177778 0.1125 0.0444444
6 0.946875 0.133333 0.10625 0.133333
18 0.021875 0.188889 0.04375 0.0666667
18 0.08125 0.188889 0.125 0.0666667
20 0.040625 0.188889 0.08125 0.0666667
4 0.04375 0.2 0.05 0.0444444
6 0.075 0.2 0.0625 0.0444444
2 0.05625 0.2 0.1 0.0444444
6 0.10625 0.2 0.175 0.0444444
8 0.48125 0.2 0.1 0.0444444
6 0.49375 0.188889 0.1 0.0666667
6 0.51875 0.188889 0.125 0.0666667
1 0.53125 0.188889 0.125 0.0666667
1 0.55625 0.188889 0.125 0.0666667
1 0.58125 0.188889 0.125 0.0666667
2 0.59375 0.188889 0.125 0.0666667
6 0.6 0.2 0.1125 0.0444444
1 0.6125 0.2 0.1125 0.0444444
6 0.625 0.2 0.1125 0.0444444
6 0.7 0.177778 0.1125 0.0444444
6 0.7625 0.188889 0.1125 0.0222222
6 0.7875 0.177778 0.1125 0.0444444
6 0.91875 0.2 0.125 0.0444444
2 0.946875 0.188889 0.10625 0.0666667
6 0.953125 0.166667 0.09375 0.155556
20 0.015625 0.2 0.03125 0.0444444
21 0.01875 0.188889 0 0.0666667
22 0.040625 0.2 0.08125 0.0444444
1 0.05625 0.211111 0.05 0.0222222
4 0.09375 0.2 0.15 0.0888889
6 0.06875 0.211111 0.1 0.0666667
6 0.10625 0.211111 0.175 0.0666667
22 0.49375 0.2 0.1 0.0888889
1 0.5125 0.2 0.0875 0.0888889
1 0.54375 0.2 0.125 0.0888889
1 0.55625 0.211111 0.125 0.0666667
6 0.5625 0.2 0.1125 0.0888889
1 0.6125 0.211111 0.1125 0.0222222
6 0.625 0.211111 0.1125 0.0222222
6 0.6375 0.222222 0.1125 0.0444444
6 0.68125 0.2 0.125 0.0888889
6 0.6875 0.211111 0.1125 0.0666667
6 0.7 0.2 0.1125 0.0444444
6 0.74375 0.211111 0.125 0.0222222
6 0.75625 0.211111 0.1 0.0666667
6 0.78125 0.211111 0.125 0.0666667
6 0.79375 0.222222 0.125 0.0444444
6 0.80625 0.211111 0.125 0.0666667
4 0.91875 0.211111 0.125 0.0666667
4 0.046875 0.244444 0.09375 0.0444444
6 0.0625 0.244444 0.0875 0.0444444
4 0.09375 0.244444 0.125 0.0444444
4 0.13125 0.244444 0.125 0.0444444
6 0.16875 0.244444 0.125 0.0444444
6 0.2125 0.244444 0.1125 0.0444444
6 0.29375 0.244444 0.1 0.0444444
23 0.3125 0.244444 0.1125 0.0444444
6 0.64375 0.244444 0.125 0.0444444
6 0.675 0.244444 0.1125 0.0444444
6 0.7 0.244444 0.1125 0.0444444
6 0.73125 0.244444 0.125 0.0444444
6 0.75625 0.244444 0.1 0.0444444
2 0.78125 0.244444 0.125 0.0444444
6 0.79375 0.244444 0.125 0.0444444
8 0.021875 0.244444 0.04375 0.0444444
6 0.040625 0.255556 0.08125 0.0222222
6 0.13125 0.255556 0.125 0.0666667
6 0.15625 0.255556 0.1 0.0666667
43 0.175 0.244444 0.1125 0.0444444
1 0.1875 0.244444 0.1125 0.0444444
43 0.2 0.244444 0.1125 0.0444444
6 0.2125 0.255556 0.1125 0.0666667
6 0.2375 0.255556 0.1125 0.0666667
6 0.29375 0.255556 0.1 0.0666667
6 0.65 0.255556 0.1125 0.0666667
6 0.70625 0.255556 0.125 0.0666667
6 0.75625 0.266667 0.1 0.0444444
6 0.76875 0.255556 0.125 0.0666667
6 0.79375 0.255556 0.125 0.0666667
43 0.8125 0.255556 0.1125 0.0666667
2 0.9375 0.244444 0.1125 0.0888889
8 0.953125 0.233333 0.09375 0.111111
4 0.040625 0.277778 0.08125 0.0666667
4 0.08125 0.266667 0.15 0.0888889
23 0.075 0.288889 0.1125 0.0444444
6 0.0875 0.288889 0.1125 0.0444444
23 0.09375 0.277778 0.1 0.0666667
6 0.125 0.266667 0.1125 0.0444444
4 0.1375 0.266667 0.1125 0.0444444
6 0.14375 0.266667 0.1 0.0888889
2 0.15625 0.266667 0.1 0.0888889
22 0.18125 0.266667 0.1 0.0444444
66 0.20625 0.277778 0.1 0.0666667
66 0.23125 0.277778 0.1 0.0666667
6 0.15625 0.288889 0.1 0.0888889
66 0.1875 0.288889 0.1125 0.0888889
6 0.2 0.288889 0.1125 0.0888889
6 0.225 0.288889 0.1125 0.0888889
4 0.63125 0.3 0.125 0.111111
