21 0.078125 0.0222222 0.15625 0.0444444
25 0.084375 0.0111111 0.16875 0.0222222
42 0.084375 0.0111111 0.16875 0.0222222
21 0.10625 0.0111111 0.2 0.0222222
11 0.1375 0.0111111 0.1875 0.0222222
21 0.15 0.0111111 0.1875 0.0222222
43 0.16875 0.0111111 0.2 0.0222222
25 0.19375 0.0111111 0.2 0.0222222
6 0.20625 0.0111111 0.2 0.0222222
11 0.24375 0.0111111 0.2 0.0222222
6 0.25625 0.0111111 0.2 0.0222222
6 0.29375 0.0111111 0.2 0.0222222
11 0.31875 0.0111111 0.2 0.0222222
25 0.325 0.0111111 0.1875 0.0222222
6 0.3375 0.0111111 0.1875 0.0222222
6 0.375 0.0111111 0.1875 0.0222222
8 0.39375 0.0222222 0.2 0.0444444
31 0.40625 0.0222222 0.2 0.0444444
43 0.41875 0.0222222 0.2 0.0444444
31 0.44375 0.0111111 0.175 0.0222222
43 0.4625 0.0111111 0.1875 0.0222222
6 0.475 0.0222222 0.1875 0.0444444
43 0.50625 0.0222222 0.2 0.0444444
6 0.54375 0.0222222 0.2 0.0444444
43 0.55 0.0222222 0.1875 0.0444444
43 0.59375 0.0222222 0.2 0.0444444
44 0.6125 0.0222222 0.1875 0.0444444
43 0.18125 0.0222222 0.1 0.0444444
42 0.64375 0.0333333 0.15 0.0666667
11 0.63125 0.0333333 0.125 0.0666667
25 0.68125 0.0333333 0.15 0.0666667
74 0.6875 0.0333333 0.1625 0.0666667
11 0.74375 0.0222222 0.15 0.0444444
11 0.946875 0.0222222 0.10625 0.0444444
11 0.01875 0.0222222 0.025 0.0444444
11 0.015625 0.0444444 0.03125 0.0888889
8 0.953125 0.0444444 0.09375 0.0888889
11 0.015625 0.0777778 0.03125 0.0666667
43 0.7125 0.0666667 0.1625 0.0444444
6 0.953125 0.0555556 0.09375 0.111111
6 0.946875 0.0666667 0.10625 0.0888889
6 0.946875 0.0777778 0.10625 0.0666667
8 0.01875 0.0888889 0.025 0.0444444
6 0.9375 0.1 0.0875 0.111111
8 0.946875 0.1 0.10625 0.111111
6 0.946875 0.1 0.10625 0.111111
4 0.953125 0.111111 0.09375 0.0888889
11 0.01875 0.1 0.025 0.0666667
8 0.953125 0.111111 0.09375 0.0888889
6 0.959375 0.111111 0.08125 0.0888889
11 0.015625 0.233333 0.03125 0.0666667
11 0.009375 0.255556 0.01875 0.0666667
3 0.14375 0.388889 0.125 0.0666667
9 0.425 0.377778 0.0625 0.0444444
9 0.4375 0.377778 0.0625 0.0444444
68 0.6375 0.366667 0.0125 0.0222222
14 0.6625 0.366667 0.0125 0.0222222
52 0.39375 0.388889 0 0.0666667
9 0.43125 0.388889 0.05 0.0666667
14 0.6375 0.377778 0.0125 0.0444444
14 0.65625 0.377778 0.025 0.0444444
21 0.66875 0.377778 0 0.0444444
9 0.66875 0.4 0.025 0.0444444
9 0.7 0.4 0.0625 0.0444444
9 0.725 0.388889 0.0625 0.0222222
9 0.7375 0.388889 0.0625 0.0222222
25 0.60625 0.411111 0.2 0.111111
11 0.68125 0.422222 0.05 0.0444444
11 0.725 0.422222 0.1125 0.0444444
23 0.7375 0.422222 0.1125 0.0444444
25 0.75 0.422222 0.1625 0.0444444
25 0.74375 0.433333 0.2 0.0666667
11 0.625 0.466667 0.0625 0.0444444
20 0.6375 0.466667 0.0625 0.0444444
19 0.66875 0.466667 0.1 0.0444444
18 0.6875 0.477778 0.1125 0.0222222
18 0.675 0.477778 0.0625 0.0222222
18 0.71875 0.477778 0.125 0.0222222
18 0.7375 0.466667 0.1125 0.0444444
18 0.76875 0.455556 0.125 0.0666667
18 0.7875 0.455556 0.1375 0.0222222
20 0.79375 0.466667 0.125 0.0444444
23 0.80625 0.466667 0.125 0.0444444
25 0.953125 0.466667 0.09375 0.0888889
21 0.053125 0.477778 0.10625 0.111111
14 0.028125 0.477778 0.05625 0.111111
19 0.15 0.488889 0.1125 0.0444444
25 0.16875 0.477778 0.125 0.0222222
21 0.4125 0.488889 0.0625 0.0444444
9 0.4 0.488889 0.0125 0.0444444
9 0.43125 0.488889 0.05 0.0444444
25 0.5875 0.477778 0.1625 0.0666667
19 0.625 0.5 0.0625 0.0666667
19 0.6375 0.5 0.0625 0.0666667
18 0.675 0.5 0.1125 0.0666667
18 0.69375 0.5 0.1 0.0666667
17 0.7 0.511111 0.1125 0.0444444
17 0.7125 0.5 0.1125 0.0222222
17 0.725 0.5 0.1125 0.0666667
18 0.7375 0.488889 0.1125 0.0444444
18 0.725 0.477778 0.0625 0.0222222
18 0.775 0.488889 0.1375 0.0444444
18 0.79375 0.477778 0.125 0.0666667
20 0.8 0.477778 0.1375 0.0666667
20 0.053125 0.5 0.10625 0.111111
14 0.053125 0.488889 0.10625 0.133333
19 0.065625 0.522222 0.13125 0.0666667
21 0.078125 0.522222 0.15625 0.0666667
19 0.09375 0.511111 0.15 0.0444444
21 0.10625 0.511111 0.15 0.0444444
25 0.096875 0.511111 0.19375 0.0444444
25 0.14375 0.511111 0.15 0.0444444
25 0.1875 0.511111 0.1125 0.0444444
25 0.2875 0.522222 0.1875 0.0666667
25 0.35625 0.522222 0.125 0.0666667
25 0.35 0.522222 0.1875 0.0666667
25 0.40625 0.522222 0.125 0.0666667
25 0.43125 0.522222 0.125 0.0666667
25 0.45625 0.522222 0.125 0.0666667
25 0.44375 0.511111 0.075 0.0444444
11 0.65 0.5 0.1125 0.0666667
20 0.66875 0.5 0.125 0.0666667
19 0.6875 0.511111 0.1125 0.0444444
18 0.675 0.522222 0.0625 0.0666667
17 0.6875 0.511111 0.0625 0.0444444
18 0.7 0.522222 0.0625 0.0666667
18 0.75 0.511111 0.1375 0.0444444
20 0.7625 0.5 0.1375 0.0666667
21 0.775 0.5 0.1375 0.0666667
20 0.7875 0.5 0.1375 0.0666667
25 0.946875 0.511111 0.10625 0.0444444
8 0.953125 0.511111 0.09375 0.0444444
19 0.015625 0.522222 0.03125 0.111111
14 0.015625 0.533333 0.03125 0.0888889
21 0.11875 0.544444 0.125 0.0666667
21 0.13125 0.555556 0.125 0.0444444
21 0.15 0.544444 0.1375 0.0666667
21 0.16875 0.533333 0.1 0.0444444
21 0.125 0.533333 0.0125 0.0444444
21 0.1625 0.522222 0.0625 0.0666667
44 0.175 0.522222 0.0625 0.0666667
44 0.1875 0.522222 0.0625 0.0666667
44 0.2125 0.522222 0.0625 0.0666667
44 0.225 0.522222 0.0625 0.0666667
44 0.26875 0.522222 0.125 0.0666667
21 0.28125 0.522222 0.125 0.0666667
44 0.29375 0.522222 0.125 0.0666667
44 0.33125 0.533333 0.125 0.0444444
21 0.34375 0.533333 0.125 0.0444444
44 0.375 0.522222 0.1125 0.0666667
21 0.3875 0.522222 0.1125 0.0666667
21 0.4125 0.522222 0.1125 0.0666667
44 0.4375 0.522222 0.1125 0.0666667
21 0.4 0.522222 0.0125 0.0666667
43 0.40625 0.511111 0.025 0.0444444
43 0.425 0.511111 0.0125 0.0444444
43 0.4625 0.511111 0.0625 0.0444444
44 0.44375 0.522222 0.025 0.0666667
44 0.46875 0.522222 0.025 0.0666667
44 0.5 0.522222 0.0625 0.0666667
44 0.5125 0.522222 0.0625 0.0666667
44 0.525 0.533333 0.0625 0.0444444
44 0.53125 0.533333 0.025 0.0444444
44 0.6375 0.544444 0.1375 0.0666667
21 0.65 0.544444 0.1375 0.0666667
21 0.675 0.544444 0.1375 0.0666667
19 0.7 0.533333 0.1125 0.0444444
19 0.6875 0.533333 0.0625 0.0444444
19 0.7 0.533333 0.0625 0.0444444
19 0.75 0.522222 0.1375 0.0666667
21 0.7625 0.533333 0.1375 0.0444444
20 0.775 0.533333 0.1375 0.0444444
20 0.80625 0.533333 0.1 0.0444444
23 0.8125 0.533333 0.1375 0.0444444
44 0.8875 0.522222 0.1375 0.0666667
44 0.93125 0.522222 0.125 0.0666667
21 0.046875 0.544444 0.09375 0.111111
14 0.009375 0.544444 0.01875 0.0666667
44 0.14375 0.555556 0.05 0.0444444
44 0.1625 0.555556 0.1125 0.0444444
44 0.23125 0.555556 0.05 0.0444444
44 0.275 0.555556 0.1125 0.0444444
44 0.29375 0.555556 0.1 0.0444444
44 0.36875 0.555556 0.15 0.0444444
44 0.3875 0.555556 0.0375 0.0444444
44 0.38125 0.555556 0.025 0.0444444
44 0.4 0.555556 0.0125 0.0444444
44 0.40625 0.555556 0.025 0.0444444
44 0.4125 0.555556 0.0375 0.0444444
44 0.4375 0.555556 0.0125 0.0444444
44 0.4125 0.555556 0.0875 0.0444444
21 0.66875 0.555556 0.1 0.0444444
21 0.6875 0.555556 0.1125 0.0444444
19 0.69375 0.555556 0.125 0.0444444
21 0.7125 0.555556 0.1125 0.0444444
21 0.75625 0.555556 0.175 0.0444444
20 0.76875 0.555556 0.175 0.0444444
18 0.80625 0.555556 0.1 0.0444444
18 0.7875 0.555556 0.0625 0.0444444
21 0.034375 0.555556 0.06875 0.0888889
43 0.10625 0.566667 0.175 0.0666667
43 0.15 0.577778 0.1375 0.0444444
43 0.15 0.566667 0.1375 0.0222222
43 0.14375 0.566667 0.075 0.0222222
43 0.125 0.566667 0.1125 0.0222222
25 0.175 0.566667 0.1125 0.0222222
43 0.2 0.566667 0.1375 0.0222222
43 0.25 0.566667 0.1875 0.0222222
44 0.2875 0.566667 0.1875 0.0666667
43 0.3125 0.566667 0.1875 0.0666667
44 0.325 0.566667 0.1875 0.0666667
44 0.3375 0.577778 0.1875 0.0444444
43 0.35 0.566667 0.1875 0.0666667
43 0.39375 0.566667 0.2 0.0666667
25 0.40625 0.566667 0.2 0.0666667
25 0.38125 0.566667 0.1 0.0666667
34 0.39375 0.566667 0.1 0.0666667
34 0.4 0.577778 0.1125 0.0444444
25 0.4125 0.577778 0.1125 0.0444444
43 0.425 0.566667 0.1125 0.0666667
44 0.4375 0.577778 0.1125 0.0444444
44 0.50625 0.555556 0.1 0.0444444
21 0.74375 0.566667 0.2 0.0666667
20 0.7625 0.566667 0.1875 0.0666667
18 0.8 0.566667 0.1375 0.0666667
18 0.84375 0.566667 0.15 0.0666667
14 0.9 0.555556 0.1375 0.0444444
21 0.053125 0.588889 0.10625 0.155556
14 0.059375 0.577778 0.11875 0.133333
44 0.13125 0.588889 0.175 0.0666667
25 0.1875 0.588889 0.1875 0.0666667
44 0.25625 0.588889 0.2 0.0666667
25 0.41875 0.588889 0.275 0.0666667
29 0.40625 0.588889 0.2 0.0666667
25 0.4125 0.588889 0.1875 0.0666667
25 0.38125 0.588889 0.1 0.0666667
25 0.40625 0.588889 0.1 0.0666667
44 0.41875 0.588889 0.1 0.0666667
44 0.45625 0.6 0.125 0.0444444
44 0.625 0.577778 0.1875 0.0888889
14 0.66875 0.611111 0.05 0.0222222
14 0.66875 0.611111 0.025 0.0222222
21 0.75 0.611111 0.1875 0.0666667
18 0.79375 0.611111 0.15 0.0666667
18 0.7875 0.6 0.0375 0.0444444
18 0.8375 0.588889 0.1625 0.0222222
14 0.86875 0.6 0.225 0.0444444
21 0.015625 0.622222 0.03125 0.0444444
25 0.18125 0.588889 0.125 0.0666667
25 0.3125 0.611111 0.0875 0.0222222
25 0.33125 0.611111 0.1 0.0222222
25 0.36875 0.611111 0.1 0.0222222
25 0.38125 0.622222 0.1 0
25 0.39375 0.622222 0.1 0
25 0.40625 0.622222 0.1 0
25 0.425 0.611111 0.1125 0.0222222
44 0.6625 0.633333 0.2625 0.0222222
44 0.6125 0.633333 0.1375 0.0222222
21 0.66875 0.633333 0.05 0.0222222
21 0.675 0.622222 0.0375 0.0444444
20 0.675 0.622222 0.0125 0.0444444
21 0.70625 0.622222 0.05 0.0444444
21 0.775 0.622222 0.1375 0.0444444
21 0.7875 0.611111 0.1625 0.0666667
21 0.775 0.611111 0.0375 0.0666667
21 0.775 0.611111 0.0125 0.0666667
21 0.8 0.633333 0.0375 0.0222222
44 0.85625 0.633333 0.125 0.0222222
44 0.83125 0.633333 0.05 0.0222222
21 0.8375 0.622222 0.0375 0.0444444
21 0.85625 0.611111 0.05 0.0222222
21 0.9125 0.611111 0.1375 0.0222222
21 0.88125 0.622222 0.05 0.0444444
44 0.8875 0.633333 0.0375 0.0222222
8 0.015625 0.655556 0.03125 0.0666667
25 0.30625 0.644444 0.1 0.0444444
44 0.40625 0.644444 0.2 0.0444444
43 0.40625 0.644444 0.175 0.0444444
25 0.40625 0.644444 0.1 0.0444444
44 0.6625 0.655556 0.2125 0.0666667
44 0.625 0.655556 0.3125 0.0666667
43 0.6375 0.655556 0.3125 0.0666667
44 0.7 0.644444 0.1875 0.0444444
44 0.6875 0.644444 0.3125 0.0444444
2 0.015625 0.666667 0.03125 0.0888889
44 0.1625 0.655556 0.0875 0.0666667
44 0.16875 0.666667 0.1 0.0444444
44 0.2375 0.655556 0.0375 0.0222222
44 0.25 0.655556 0.0375 0.0222222
44 0.25625 0.655556 0.025 0.0222222
44 0.225 0.655556 0.1125 0.0222222
44 0.23125 0.644444 0.1 0.0444444
44 0.26875 0.655556 0.125 0.0222222
21 0.3 0.644444 0.1125 0.0444444
19 0.31875 0.644444 0.1 0.0444444
44 0.36875 0.655556 0.125 0.0666667
44 0.39375 0.655556 0.1 0.0222222
25 0.40625 0.655556 0.1 0.0222222
21 0.41875 0.644444 0.1 0.0444444
64 0.43125 0.644444 0.1 0.0444444
