25 0.071875 0.0222222 0.14375 0.0444444
25 0.084375 0.0111111 0.16875 0.0222222
25 0.36875 0.0111111 0.3 0.0222222
25 0.44375 0.0111111 0.175 0.0222222
16 0.46875 0.0111111 0.175 0.0222222
16 0.49375 0 0.15 0
16 0.5 0.0111111 0.1625 0.0222222
44 0.51875 0.0111111 0.15 0.0222222
22 0.725 0.0111111 0.1375 0.0222222
52 0.7125 0.0111111 0.2125 0.0222222
52 0.76875 0.0111111 0.15 0.0222222
44 0.7875 0.0111111 0.1375 0.0222222
44 0.71875 0.0111111 0.3 0.0222222
44 0.825 0.0111111 0.1375 0.0222222
51 0.85 0.0111111 0.1375 0.0222222
52 0.8625 0.0111111 0.1375 0.0222222
51 0.8875 0.0111111 0.1375 0.0222222
51 0.9125 0.0111111 0.1375 0.0222222
51 0.934375 0.0111111 0.13125 0.0222222
25 0.865625 0.0111111 0.26875 0.0222222
4 0.953125 0.0111111 0.09375 0.0222222
4 0.971875 0.0111111 0.05625 0.0222222
6 0.971875 0.0111111 0.05625 0.0222222
16 0.971875 0.0111111 0.05625 0.0222222
16 0.96875 0.0111111 0.05 0.0222222
21 0.984375 0.0111111 0.03125 0.0222222
23 0.078125 0.0222222 0.15625 0.0444444
1 0.1 0.0111111 0.1375 0.0222222
38 0.1125 0.0222222 0.1375 0.0444444
17 0.2 0.0111111 0.1125 0.0222222
22 0.2625 0.0222222 0.1375 0.0444444
17 0.2875 0.0222222 0.1375 0.0444444
17 0.3 0.0111111 0.1375 0.0222222
22 0.31875 0.0111111 0.15 0.0222222
44 0.46875 0.0111111 0.3 0.0222222
38 0.48125 0.0111111 0.3 0.0222222
22 0.59375 0.0111111 0.125 0.0222222
17 0.6125 0.0111111 0.1375 0.0222222
22 0.625 0.0111111 0.1375 0.0222222
17 0.6625 0.0111111 0.1125 0.0222222
17 0.58125 0.0111111 0.3 0.0222222
43 0.946875 0.0111111 0.10625 0.0222222
4 0.95625 0.0111111 0.05 0.0222222
16 0.971875 0.0222222 0.05625 0.0444444
16 0.971875 0.0111111 0.05625 0.0222222
32 0.95 0.0222222 0.0875 0.0444444
17 0.053125 0.0222222 0.10625 0.0444444
21 0.03125 0.0222222 0.05 0.0444444
20 0.078125 0.0333333 0.15625 0.0222222
16 0.084375 0.0444444 0.16875 0.0444444
1 0.084375 0.0444444 0.16875 0.0444444
1 0.096875 0.0333333 0.19375 0.0222222
1 0.13125 0.0333333 0.15 0.0222222
16 0.14375 0.0444444 0.175 0.0444444
16 0.115625 0.0444444 0.23125 0.0444444
16 0.121875 0.0333333 0.24375 0.0222222
1 0.18125 0.0333333 0.15 0.0222222
17 0.21875 0.0333333 0.15 0.0222222
16 0.225 0.0444444 0.1625 0.0444444
1 0.2375 0.0444444 0.1625 0.0444444
1 0.25625 0.0222222 0.15 0.0444444
16 0.29375 0.0222222 0.15 0.0444444
16 0.3 0.0333333 0.1625 0.0222222
17 0.24375 0.0444444 0.3 0.0444444
17 0.35625 0.0333333 0.15 0.0222222
17 0.3625 0.0444444 0.1625 0.0444444
17 0.30625 0.0444444 0.3 0.0444444
17 0.3625 0.0444444 0.3125 0.0444444
17 0.54375 0.0333333 0.175 0.0666667
17 0.56875 0.0444444 0.15 0.0444444
22 0.58125 0.0444444 0.15 0.0444444
1 0.5875 0.0444444 0.1375 0.0444444
16 0.61875 0.0444444 0.15 0.0444444
17 0.6375 0.0444444 0.1375 0.0444444
16 0.65 0.0444444 0.1375 0.0444444
16 0.675 0.0444444 0.1375 0.0444444
17 0.69375 0.0444444 0.15 0.0444444
16 0.725 0.0444444 0.1375 0.0444444
16 0.75 0.0444444 0.1375 0.0444444
16 0.775 0.0444444 0.1375 0.0444444
16 0.8 0.0444444 0.1375 0.0444444
16 0.83125 0.0444444 0.15 0.0444444
17 0.84375 0.0444444 0.15 0.0444444
17 0.8875 0.0444444 0.1375 0.0444444
17 0.91875 0.0444444 0.15 0.0444444
22 0.925 0.0444444 0.1375 0.0444444
22 0.940625 0.0444444 0.11875 0.0444444
19 0.93125 0.0444444 0.075 0.0444444
4 0.95625 0.0444444 0.05 0.0444444
16 0.965625 0.0333333 0.06875 0.0222222
13 0.965625 0.0222222 0.06875 0.0444444
32 0.971875 0.0444444 0.05625 0.0444444
21 0.053125 0.0555556 0.10625 0.0666667
19 0.0375 0.0555556 0.0625 0.0222222
17 0.071875 0.0666667 0.14375 0.0444444
17 0.1 0.0555556 0.1375 0.0222222
16 0.090625 0.0555556 0.18125 0.0222222
17 0.125 0.0555556 0.1375 0.0222222
17 0.15 0.0555556 0.1375 0.0222222
17 0.121875 0.0555556 0.24375 0.0222222
22 0.225 0.0555556 0.1625 0.0222222
22 0.16875 0.0555556 0.3 0.0222222
22 0.31875 0.0555556 0.15 0.0222222
18 0.33125 0.0555556 0.15 0.0222222
17 0.34375 0.0555556 0.15 0.0222222
17 0.38125 0.0555556 0.15 0.0222222
17 0.41875 0.0555556 0.15 0.0222222
16 0.43125 0.0555556 0.15 0.0222222
17 0.54375 0.0555556 0.125 0.0222222
16 0.55 0.0555556 0.1375 0.0222222
16 0.51875 0.0555556 0.05 0.0222222
16 0.53125 0.0555556 0.05 0.0222222
1 0.55 0.0555556 0.0375 0.0222222
1 0.5625 0.0555556 0.0375 0.0222222
16 0.59375 0.0444444 0.075 0.0444444
1 0.64375 0.0444444 0.15 0.0444444
1 0.625 0.0555556 0.0375 0.0222222
1 0.6375 0.0555556 0.0125 0.0222222
16 0.65625 0.0555556 0.025 0.0222222
1 0.675 0.0555556 0.0625 0.0222222
1 0.725 0.0555556 0.1375 0.0222222
1 0.75 0.0444444 0.1125 0.0444444
1 0.725 0.0444444 0.0625 0.0444444
16 0.75625 0.0444444 0.05 0.0444444
16 0.76875 0.0444444 0.05 0.0444444
17 0.78125 0.0444444 0.05 0.0444444
17 0.81875 0.0444444 0.075 0.0444444
16 0.86875 0.0555556 0.15 0.0222222
17 0.8875 0.0555556 0.1125 0.0222222
17 0.9125 0.0555556 0.1125 0.0222222
17 0.928125 0.0555556 0.14375 0.0222222
17 0.934375 0.0555556 0.13125 0.0222222
16 0.934375 0.0555556 0.13125 0.0222222
17 0.91875 0.0555556 0.075 0.0222222
25 0.93125 0.0555556 0.075 0.0222222
4 0.971875 0.0444444 0.05625 0.0444444
16 0.965625 0.0444444 0.06875 0.0444444
17 0.965625 0.0444444 0.06875 0.0444444
32 0.975 0.0444444 0.0375 0.0444444
17 0.978125 0.0555556 0.04375 0.0666667
21 0.053125 0.0777778 0.10625 0.0666667
8 0.0375 0.0666667 0.0625 0.0444444
10 0.05625 0.0777778 0.05 0.0222222
16 0.09375 0.0777778 0.1 0.0222222
16 0.11875 0.0777778 0.1 0.0222222
17 0.09375 0.0777778 0.075 0.0222222
17 0.1125 0.0777778 0.0375 0.0222222
16 0.15 0.0777778 0.1375 0.0222222
17 0.14375 0.0777778 0.05 0.0222222
17 0.1625 0.0777778 0.0375 0.0222222
17 0.175 0.0777778 0.0375 0.0222222
17 0.18125 0.0777778 0.025 0.0222222
17 0.2 0.0777778 0.0375 0.0222222
17 0.2125 0.0777778 0.0375 0.0222222
17 0.225 0.0777778 0.0375 0.0222222
18 0.2375 0.0777778 0.0375 0.0222222
17 0.25 0.0777778 0.0375 0.0222222
18 0.2625 0.0777778 0.0375 0.0222222
17 0.275 0.0777778 0.0375 0.0222222
18 0.3 0.0777778 0.0625 0.0222222
18 0.3125 0.0777778 0.0625 0.0222222
18 0.35625 0.0777778 0.125 0.0222222
18 0.3375 0.0777778 0.0375 0.0222222
17 0.35625 0.0777778 0.05 0.0222222
16 0.36875 0.0777778 0.05 0.0222222
16 0.39375 0.0777778 0.025 0.0222222
16 0.40625 0.0777778 0.05 0.0222222
2 0.4125 0.0777778 0.0375 0.0222222
16 0.425 0.0777778 0.0375 0.0222222
2 0.43125 0.0777778 0.025 0.0222222
2 0.44375 0.0777778 0.025 0.0222222
2 0.4625 0.0777778 0.0375 0.0222222
2 0.475 0.0777778 0.0375 0.0222222
2 0.4875 0.0777778 0.0375 0.0222222
1 0.50625 0.0777778 0.025 0.0222222
16 0.51875 0.0777778 0.05 0.0222222
16 0.5375 0.0777778 0.0375 0.0222222
16 0.55 0.0777778 0.0375 0.0222222
18 0.5625 0.0777778 0.0375 0.0222222
18 0.575 0.0777778 0.0375 0.0222222
2 0.6 0.0777778 0.0625 0.0222222
2 0.6875 0.0777778 0.2125 0.0222222
2 0.66875 0.0777778 0.1 0.0222222
2 0.6375 0.0777778 0.0375 0.0222222
25 0.65625 0.0888889 0.05 0.0444444
25 0.68125 0.0888889 0.075 0.0444444
17 0.73125 0.0777778 0.15 0.0222222
2 0.75625 0.0666667 0.15 0.0444444
17 0.75 0.0555556 0.1625 0.0222222
0 0.76875 0.0555556 0.15 0.0222222
32 0.78125 0.0555556 0.15 0.0222222
2 0.7875 0.0555556 0.1375 0.0222222
2 0.75625 0.0555556 0.05 0.0222222
2 0.76875 0.0555556 0.05 0.0222222
21 0.8375 0.0555556 0.1375 0.0222222
4 0.89375 0.0666667 0.125 0.0444444
4 0.9 0.0555556 0.1125 0.0222222
4 0.93125 0.0666667 0.125 0.0444444
4 0.940625 0.0777778 0.11875 0.0222222
4 0.946875 0.0555556 0.10625 0.0222222
21 0.953125 0.0444444 0.09375 0.0444444
4 0.878125 0.0666667 0.24375 0.0444444
25 0.946875 0.0666667 0.10625 0.0444444
17 0.95625 0.0666667 0.025 0.0444444
16 0.978125 0.0777778 0.04375 0.0222222
16 0.95625 0.0777778 0.025 0.0222222
17 0.98125 0.0666667 0.025 0.0444444
21 0.990625 0.0777778 0.01875 0.0666667
8 0.053125 0.1 0.10625 0.0666667
55 0.03125 0.0888889 0.05 0.0444444
16 0.1125 0.0888889 0.1125 0.0444444
16 0.11875 0.1 0.1 0.0222222
17 0.075 0.1 0.0375 0.0222222
17 0.1 0.1 0.0125 0.0222222
17 0.15 0.1 0.1375 0.0222222
17 0.175 0.1 0.1125 0.0222222
17 0.1375 0.1 0.0375 0.0222222
17 0.15 0.1 0.0375 0.0222222
17 0.1625 0.1 0.0375 0.0222222
17 0.19375 0.1 0.025 0.0222222
16 0.2125 0.1 0.0125 0.0222222
16 0.2125 0.1 0.0375 0.0222222
16 0.21875 0.0888889 0.025 0.0444444
16 0.24375 0.0888889 0.025 0.0444444
16 0.25625 0.0888889 0.025 0.0444444
16 0.26875 0.0888889 0.025 0.0444444
16 0.275 0.0888889 0.0375 0.0444444
16 0.2875 0.0888889 0.0375 0.0444444
16 0.30625 0.0888889 0.05 0.0444444
16 0.31875 0.0888889 0.025 0.0444444
16 0.33125 0.0888889 0.025 0.0444444
16 0.3375 0.0888889 0.0375 0.0444444
16 0.35 0.0888889 0.0375 0.0444444
16 0.3625 0.0888889 0.0375 0.0444444
16 0.3875 0.0888889 0.0375 0.0444444
2 0.4 0.0888889 0.0375 0.0444444
2 0.425 0.0777778 0.0375 0.0222222
2 0.4375 0.0777778 0.0375 0.0222222
2 0.4625 0.0777778 0.0625 0.0222222
18 0.475 0.0777778 0.0375 0.0222222
17 0.4875 0.0777778 0.0375 0.0222222
2 0.5 0.0777778 0.0375 0.0222222
2 0.51875 0.0777778 0.05 0.0222222
17 0.55 0.0888889 0.0375 0.0444444
17 0.56875 0.0888889 0.025 0.0444444
18 0.59375 0.0888889 0.075 0.0444444
17 0.60625 0.0888889 0.075 0.0444444
2 0.625 0.0888889 0.0625 0.0444444
2 0.66875 0.0888889 0.1 0.0444444
2 0.64375 0.0888889 0.025 0.0444444
2 0.65 0.0888889 0.0375 0.0444444
2 0.675 0.1 0.0125 0.0222222
2 0.68125 0.1 0.025 0.0222222
0 0.69375 0.0888889 0.025 0.0444444
0 0.70625 0.0888889 0.025 0.0444444
0 0.71875 0.0888889 0.025 0.0444444
2 0.7375 0.1 0.0375 0.0222222
2 0.74375 0.1 0.025 0.0222222
2 0.7625 0.1 0.0375 0.0222222
2 0.76875 0.1 0.025 0.0222222
2 0.7875 0.0888889 0.0375 0.0444444
21 0.79375 0.0888889 0.025 0.0444444
2 0.80625 0.0888889 0.025 0.0444444
21 0.875 0.0888889 0.1375 0.0444444
21 0.9 0.0777778 0.1125 0.0222222
20 0.928125 0.0777778 0.14375 0.0222222
23 0.925 0.0777778 0.1125 0.0222222
19 0.940625 0.0888889 0.11875 0.0444444
23 0.953125 0.0888889 0.09375 0.0444444
25 0.953125 0.0888889 0.09375 0.0444444
23 0.94375 0.0888889 0.075 0.0444444
17 0.96875 0.0888889 0.025 0.0444444
17 0.9625 0.0888889 0.0375 0.0444444
21 0.98125 0.0888889 0.025 0.0444444
17 0.990625 0.1 0.01875 0.0666667
4 0.075 0.122222 0.0375 0.0222222
4 0.1 0.122222 0.0125 0.0222222
17 0.15 0.122222 0.1375 0.0222222
4 0.16875 0.122222 0.125 0.0222222
4 0.15 0.122222 0.0375 0.0222222
18 0.1625 0.122222 0.0375 0.0222222
17 0.16875 0.122222 0.05 0.0222222
18 0.19375 0.122222 0.025 0.0222222
17 0.19375 0.122222 0.05 0.0222222
17 0.18125 0.122222 0.125 0.0222222
17 0.25 0.122222 0.0375 0.0222222
4 0.3375 0.0888889 0.1125 0.0444444
4 0.325 0.0888889 0.2125 0.0444444
4 0.33125 0.0888889 0.025 0.0444444
4 0.34375 0.0888889 0.05 0.0444444
17 0.35625 0.1 0.05 0.0666667
17 0.375 0.1 0.0625 0.0666667
17 0.39375 0.1 0.05 0.0666667
4 0.4125 0.1 0.0625 0.0666667
4 0.48125 0.1 0.15 0.0666667
4 0.5125 0.1 0.1375 0.0666667
4 0.5375 0.1 0.1375 0.0666667
4 0.525 0.1 0.0625 0.0666667
17 0.575 0.1 0.1375 0.0666667
17 0.63125 0.1 0.125 0.0666667
