2 0.040625 0.0222222 0.08125 0.0444444
2 0.028125 0.0222222 0.05625 0.0444444
2 0.0361937 0.0444444 0.0723875 0.0888889
2 0.0904497 0.0444444 0.180899 0.0888889
8 0.059375 0.0315887 0.11875 0.0631774
8 0.090625 0.0443958 0.18125 0.0887916
4 0.096875 0.0299893 0.19375 0.0599786
32 0.13125 0.0222222 0.225 0.0444445
39 0.15 0 0.2125 0
32 0.156251 0 0.199998 0
34 0.231233 0.0222222 0.324965 0.0444444
34 0.193752 0.0222221 0.125005 0.0444442
47 0.275 0.0111111 0.2875 0.0222222
47 0.2875 0.0222222 0.2875 0.0444444
47 0.209957 0.0222222 0.267619 0.0444444
11 0.24375 0.0222222 0.225 0.0444444
8 0.25625 0.0222222 0.225 0.0444444
4 0.26875 0.0222222 0.225 0.0444444
29 0.33125 0.0222222 0.325 0.0444444
64 0.350001 0.0444444 0.312498 0.0888889
53 0.325 0.0444444 0.2375 0.0888889
27 0.359836 0.0222222 0.192721 0.0444444
11 0.356369 0.0222222 0.224757 0.0444444
1 0.39375 0.0222222 0.275 0.0444444
8 0.406244 0.0222222 0.224987 0.0444444
8 0.425 0.0222222 0.1125 0.0444444
8 0.44375 0.011058 0.125 0.022116
8 0.475 0.0111111 0.1875 0.0222222
8 0.46875 0.0222222 0.225 0.0444444
42 0.475 0.0555556 0.2125 0.111111
2 0.50625 0.0222222 0.275 0.0444444
2 0.55 0.0222222 0.2125 0.0444444
8 0.53125 0.0222222 0.125 0.0444444
2 0.55625 6.35783e-08 0.1 1.27157e-07
2 0.59375 0.0222222 0.15 0.0444444
2 0.61623 0.0444444 0.194961 0.0888889
29 0.625 0.0222222 0.1875 0.0444444
39 0.6375 0.0444444 0.1125 0.0888889
0 0.668725 0.0222222 0.175057 0.0444444
2 0.66875 0.0222222 0.225 0.0444444
2 0.725 0.0222222 0.1125 0.0444444
8 0.756862 0.0222222 0.151224 0.0444444
8 0.80625 0.0222222 0.325 0.0444444
64 0.75625 0.0222222 0.25 0.0444444
8 0.787627 0.0222222 0.187754 0.0444444
2 0.80625 0.0222222 0.2 0.0444444
1 0.8 0.0444444 0.2125 0.0888889
2 0.85 0.0369114 0.1375 0.0738228
8 0.856228 0.0222222 0.225047 0.0444444
32 0.8625 0.0222222 0.2125 0.0444444
8 0.8875 0.0111111 0.2125 0.0222222
8 0.934375 0.0444444 0.13125 0.0888889
0 0.924952 0.0111111 0.137596 0.0222222
2 0.0343744 0.0333333 0.0687488 0.0666667
8 0.053125 0.0333333 0.10625 0.0666667
2 0.10625 0.0444444 0.125 0.0888889
50 0.167909 0.0111111 0.176682 0.0222222
32 0.2125 0.0111111 0.0375 0.0222222
32 0.24375 0.0111111 0.075 0.0222222
32 0.225 0.0111111 0.0125 0.0222222
29 0.225 0.0111111 0.0125009 0.0222222
18 0.24375 0.0222222 0 0.0444444
18 0.287521 0.0222222 0.0874575 0.0444444
29 0.2875 0.0333333 0.0875 0.0666667
29 0.275 0.0222222 0.1875 0.0444444
19 0.281341 0.0333333 0.174817 0.0666667
29 0.30625 0.0333333 0.125 0.0666667
32 0.3 0.0333333 0.1125 0.0666667
64 0.3125 0.0333333 0.1125 0.0666667
25 0.350002 0.0333333 0.137504 0.0666667
56 0.3625 0.0222222 0.1625 0.0444444
11 0.414668 0.0222222 0.083165 0.0444444
8 0.375 0.0222222 0.1375 0.0444444
8 0.3875 0.0333333 0.1375 0.0666667
4 0.424934 0.0333333 0.112633 0.0666667
8 0.44375 0.0111111 0.125 0.0222222
29 0.487213 0.0333333 0.0630744 0.0666667
29 0.45 0.0555556 0.1625 0.111111
25 0.46875 0.0333333 0.175 0.0666667
29 0.48125 0.0333333 0.175 0.0666667
60 0.48125 0.0555556 0.15 0.111111
8 0.49375 0.0333333 0.125001 0.0666667
8 0.55 0.0555556 0.1875 0.111111
2 0.543749 0.0555556 0.199998 0.111111
2 0.525 0.0222222 0.1375 0.0444444
2 0.56875 0.0111111 0.1 0.0222222
2 0.5875 0.0111111 0.1125 0.0222222
32 0.625 0.0333333 0.0375 0.0666667
26 0.6375 0.0333333 0.0375 0.0666667
35 0.6 0.0333333 0.2125 0.0666667
32 0.6625 0.0333333 0.0375 0.0666667
26 0.662508 0.044479 0.0375155 0.0889581
64 0.66875 0.0222652 0.025 0.0445305
8 0.6625 0.0333333 0.2125 0.0666667
2 0.71875 0.0222222 0.075 0.0444444
2 0.7125 0.0333333 0.0875 0.0666667
64 0.74375 0.0222222 0.125 0.0444444
47 0.84375 0.0222222 0.15 0.0444444
8 0.806177 0.0333333 0.124853 0.0666667
2 0.8125 0.0222222 0.0875 0.0444444
2 0.83125 0.0444444 0.125 0.0888889
2 0.849991 0.0111111 0.137482 0.0222222
32 0.8625 0.0111111 0.0125 0.0222222
11 0.9125 0.0333333 0.0625 0.0666667
11 0.865645 0.0555556 0.26871 0.111111
8 0.921869 0.0537349 0.156261 0.10747
8 0.918828 0.0111111 0.125063 0.0222222
8 0.931256 0.0111111 0.0749878 0.0222222
11 0.93125 0.0333333 0.1 0.0666667
8 0.91875 0.0333333 0.1 0.0666667
8 0.94375 0.0555556 0.075 0.111111
67 0.990623 0.0555556 0.0187534 0.111111
10 0.995077 0.0222222 0.00984554 0.0444444
8 0.034375 0.0444444 0.06875 0.0888889
2 0.040625 0.0634258 0.08125 0.126852
2 0.028125 0.0333333 0.05625 0.0666667
2 0.046875 0.0666667 0.09375 0.133333
8 0.053125 0.0666667 0.10625 0.133333
8 0.059375 0.0666673 0.11875 0.133335
2 0.1 0.0777778 0.1125 0.155556
45 0.19375 0.0666667 0.149999 0.133333
35 0.2 0.0444444 0.1375 0.0888889
35 0.187449 0.0444452 0.187603 0.044446
32 0.1625 0.0333333 0.1625 0.0222222
32 0.26875 0.0253476 0.0749996 0.0381936
19 0.2875 0.0444444 0.0625 0.0888889
59 0.275105 0.0444444 0.237709 0.0888889
8 0.282254 0.0666191 0.199664 0.133238
2 0.30625 0.0666667 0.15 0.133333
2 0.299926 0.0444444 0.137648 0.0888889
2 0.348313 0.0666667 0.190873 0.133333
2 0.35 0.0444444 0.1375 0.0888889
1 0.3625 0.0666796 0.1375 0.133308
2 0.400288 0.0675167 0.161924 0.131633
58 0.36875 0.055542 0.125 0.0666456
11 0.362503 0.0333337 0.112493 0.0666666
8 0.425 0.0444445 0.1125 0.0888889
2 0.45 0.0444444 0.1125 0.0888889
8 0.45625 0.0666667 0.15 0.133333
2 0.453177 0.0666667 0.156145 0.133333
1 0.474979 0.0444444 0.187541 0.0888889
8 0.48125 0.0444449 0.2 0.088888
2 0.48125 0.0777778 0.15 0.111111
2 0.4875 0.0555556 0.137499 0.0666667
8 0.5125 0.0555556 0.1125 0.0666667
8 0.5375 0.0444444 0.1875 0.0888889
8 0.556062 0.0666675 0.175375 0.133332
1 0.59375 0.0777778 0.15 0.155556
2 0.602421 0.0666667 0.157657 0.133333
29 0.58125 0.0444444 0.125 0.0888889
19 0.59375 0.0444444 0.125 0.0888889
18 0.6125 0.0444444 0.0875 0.0888889
2 0.63125 0.0555556 0.1 0.111111
19 0.6625 0.0444445 0.0375 0.0888889
8 0.662501 0.0222222 0.0124987 0.0444444
2 0.68125 0.0667027 0.125 0.133405
2 0.70625 0.0692754 0.15 0.138551
8 0.775 0.0444444 0.1125 0.0888889
2 0.75 0.0666667 0.1625 0.133333
64 0.79431 0.0444444 0.20112 0.0888889
8 0.793642 0.0444444 0.100216 0.0888889
2 0.85625 0.0666667 0.15 0.133333
2 0.8375 0.0777769 0.1625 0.155554
26 0.91875 0.0666667 0.1 0.133333
0 0.90625 0.0444444 0.15 0.0888889
10 0.925 0.0504877 0.1375 0.0768024
10 0.996874 0.044445 0.00625267 0.0888899
29 0.028125 0.0445201 0.05625 0.0890401
2 0.034375 0.0555556 0.06875 0.111111
2 0.034375 0.0555556 0.06875 0.111111
2 0.0521624 0.0777778 0.104325 0.155556
67 0.1625 0.055556 0.0875 0.111112
45 0.18125 0.0777778 0.1 0.0666667
29 0.206151 0.0777778 0.124802 0.0666667
2 0.2 0.1 0.0875 0.111111
2 0.243752 0.099918 0.150004 0.111275
2 0.2375 0.0777778 0.1875 0.155556
60 0.23129 0.0555556 0.17492 0.111111
19 0.231274 0.0555556 0.149953 0.111111
8 0.25 0.055592 0.1375 0.111184
2 0.28125 0.0556217 0.1 0.111243
2 0.34375 0.0777778 0.125 0.155556
2 0.3375 0.0555556 0.1625 0.111111
1 0.375 0.0777663 0.0875 0.0666896
2 0.381247 0.0666667 0.0999943 0.0888889
26 0.36875 0.0777778 0.125 0.0666667
11 0.421747 0.0777778 0.00599518 0.0666667
8 0.425 0.0555577 0.0875 0.111115
8 0.44375 0.0777778 0.125 0.155556
29 0.44375 0.0777778 0.15 0.155556
2 0.4625 0.0666667 0.1625 0.0888889
2 0.5 0.0666667 0.1125 0.0888889
2 0.4875 0.0556634 0.1375 0.110895
26 0.499937 0.0666667 0.137374 0.0444444
8 0.5375 0.0777704 0.0375 0.0666814
8 0.525 0.0777778 0.1375 0.0666667
8 0.543746 0.0666667 0.174993 0.0888889
2 0.56875 0.0666657 0.1 0.0888925
2 0.58125 0.0555556 0.125 0.111111
8 0.575 0.0555556 0.1375 0.111111
18 0.5875 0.0666667 0.1375 0.0888889
2 0.6125 0.0666666 0.0875 0.0888891
2 0.631269 0.0666667 0.0999617 0.0888889
8 0.64993 0.0777778 0.16264 0.155556
12 0.74375 0.0333333 0.0749996 0.0666667
2 0.74375 0.0676925 0.1 0.135385
2 0.774996 0.0555556 0.112493 0.111111
64 0.7875 0.0444444 0.0375 0.0444444
19 0.79375 0.0666667 0.2 0.0888889
8 0.756237 0.0555556 0.100027 0.111111
8 0.806191 0.0555556 0.0251566 0.111111
8 0.80625 0.0555556 0.125 0.111111
8 0.8625 0.0777778 0.1125 0.155556
26 0.90625 0.0444444 0.15 0.0888889
2 0.0286426 0.0888889 0.0572851 0.177778
2 0.034375 0.0777778 0.06875 0.111111
2 0.040625 0.0777778 0.08125 0.111111
64 0.119508 0.0777918 0.0734835 0.111139
2 0.120031 0.0777941 0.0525625 0.111144
45 0.1625 0.0888889 0.1125 0.0888889
13 0.175712 0.0888889 0.111075 0.0888889
2 0.20625 0.122222 0.075 0.111111
2 0.25 0.1 0.0125 0.0666667
8 0.243756 0.0666667 0.149988 0.133333
8 0.268812 0.079994 0.0998767 0.106696
29 0.28125 0.111111 0.0999999 0.133333
65 0.291043 0.0888889 0.169585 0.177778
29 0.3 0.0666667 0.1625 0.133333
2 0.33125 0.0777778 0.1 0.111111
2 0.324993 0.0888889 0.162485 0.0888889
1 0.331255 0.0888889 0.150011 0.0888889
1 0.375 0.1 0.0875 0.0666667
2 0.375 0.0889077 0.0625 0.0888513
1 0.375 0.0888889 0.1375 0.0888889
1 0.3875 0.0725614 0.1375 0.0562339
45 0.4 0.0888889 0.1375 0.0888889
29 0.44375 0.0999271 0.1 0.111255
45 0.468734 0.0777778 0.0999672 0.111111
2 0.48125 0.0666708 0.0999992 0.0888971
2 0.5125 0.0666667 0.0375 0.0888889
2 0.5 0.0998691 0.1125 0.110849
28 0.5375 0.0777778 0.0375 0.0666667
1 0.525 0.0777778 0.1375 0.0666667
1 0.55625 0.0777778 0.1 0.0666667
8 0.538227 0.0886989 0.111046 0.0448244
8 0.55625 0.0777778 0.075 0.0666667
29 0.63125 0.0666667 0.075 0.0888889
2 0.625108 0.0777778 0.0627152 0.111111
29 0.6875 0.0888889 0.1125 0.0888889
18 0.720938 0.0666667 0.0956245 0.133333
18 0.7 0.0444444 0.1375 0.0888889
29 0.750064 0.0444444 0.0623721 0.0888889
2 0.75 0.0888889 0.0875 0.177778
64 0.79375 0.0666667 0.075 0.0888889
8 0.837503 0.0666627 0.112494 0.133325
8 0.86875 0.0999997 0.125 0.155556
29 0.93125 0.0666667 0.1 0.133333
10 0.9125 0.1 0.1375 0.155556
36 0.959375 0.0666668 0.08125 0.0888893
45 0.946875 0.0666667 0.10625 0.0888889
12 0.0593719 0.0888889 0.118744 0.133333
8 0.034375 0.0888889 0.06875 0.133333
2 0.0406251 0.111102 0.0812502 0.17776
25 0.13125 0.0889149 0.075 0.133385
11 0.178688 0.123872 0.0551237 0.158856
2 0.15 0.1 0.1375 0.111111
2 0.16668 0.0888889 0.154141 0.0888889
2 0.23125 0.133333 0.025 0.0888889
2 0.24375 0.1 0.025 0.0666671
8 0.275 0.0888889 0.0375 0.0444444
8 0.243791 0.0888891 0.149918 0.0888885
29 0.250003 0.110697 0.137495 0.0897168
12 0.28125 0.122222 0.1 0.155556
65 0.30625 0.1 0.15 0.111111
2 0.337428 0.1 0.137645 0.111111
2 0.375 0.0995601 0.0874999 0.0675464
2 0.375 0.1 0.1375 0.111111
59 0.40625 0.101938 0.15 0.114987
65 0.4125 0.1 0.137501 0.111111
65 0.425 0.0785215 0.1375 0.157043
8 0.44375 0.108117 0.15 0.0948767
8 0.48125 0.1 0.1 0.111111
2 0.5 0.0888889 0.0875 0.133333
2 0.475 0.1 0.1375 0.111111
45 0.502652 0.1 0.107196 0.111111
64 0.499997 0.1 0.137495 0.111111
2 0.525 0.1 0.1375 0.111111
2 0.5875 0.0873095 0.1625 0.0857302
64 0.5375 0.0999981 0.1125 0.0666704
64 0.5875 0.0888889 0.0375 0.0888888
2 0.6125 0.0889586 0.1125 0.0890277
29 0.69375 0.109421 0.125 0.129953
64 0.679146 0.122222 0.154208 0.155555
2 0.69375 0.111111 0.15 0.0888896
2 0.71875 0.111111 0.1 0.0888889
8 0.737898 0.111009 0.0632957 0.0886846
64 0.76875 0.122222 0.1 0.155556
8 0.843748 0.100996 0.0750034 0.113196
8 0.8375 0.1 0.1125 0.111111
8 0.881133 0.102548 0.149767 0.116189
