8 0.065625 0 0.13125 0
43 0.078125 0.0111111 0.15625 0.0222222
15 0.096875 0.0222222 0.19375 0.0444444
8 0.103125 0.0111111 0.20625 0.0222222
43 0.109375 0.0111111 0.21875 0.0222222
43 0.128125 0.0222222 0.25625 0.0444444
26 0.1375 0.0222222 0.2375 0.0444444
27 0.2 0.0222222 0.2875 0.0444444
21 0.2 0.0222222 0.3125 0.0444444
25 0.24375 0.0222222 0.25 0.0444444
27 0.28125 0.0222222 0.1 0.0444444
24 0.2875 0.0222222 0.0875 0.0444444
24 0.3 0.0444444 0.0875 0.0888889
24 0.325 0.0444444 0.1625 0.0888889
21 0.34375 0.0222222 0.175 0.0444444
21 0.3125 0.0222222 0.2875 0.0444444
43 0.31875 0.0111111 0.275 0.0222222
21 0.34375 0.0111111 0.25 0.0222222
15 0.38125 0.0222222 0.15 0.0444444
21 0.36875 0.0444444 0.125 0.0888889
43 0.4 0.0111111 0.2875 0.0222222
15 0.44375 0.0111111 0.25 0.0222222
21 0.5 0.0111111 0.1875 0.0222222
24 0.5125 0.0111111 0.1625 0.0222222
25 0.46875 0.0111111 0.275 0.0222222
25 0.49375 0.0222222 0.275 0.0444444
43 0.55625 0 0.275 0
43 0.56875 0.0111111 0.275 0.0222222
21 0.56875 0.0111111 0.275 0.0222222
43 0.6125 0.0222222 0.2625 0.0444444
21 0.6125 0.0222222 0.2875 0.0444444
43 0.65 0 0.2875 0
24 0.6625 0.0111111 0.2875 0.0222222
43 0.68125 0.0111111 0.25 0.0222222
25 0.75 0.0222222 0.1625 0.0444444
26 0.73125 0.0111111 0.125 0.0222222
43 0.86875 0.0444444 0.15 0.0888889
21 0.7875 0.0222222 0.3125 0.0444444
43 0.953125 0.0222222 0.09375 0.0444444
43 0.11875 0.0555556 0.175 0.111111
15 0.1125 0.0444444 0.1875 0.0888889
43 0.13125 0.0333333 0.175 0.0666667
15 0.1625 0.0333333 0.1875 0.0666667
37 0.15 0.0333333 0.1125 0.0666667
34 0.2375 0.0333333 0.1625 0.0666667
27 0.25625 0.0555556 0.15 0.111111
43 0.2625 0.0555556 0.1875 0.111111
21 0.26875 0.0444444 0.175 0.0888889
27 0.25625 0.0333333 0.075 0.0666667
26 0.28125 0.0222222 0.1 0.0444444
21 0.33125 0.0333333 0.075 0.0666667
21 0.33125 0.0333333 0.075 0.0666667
15 0.35 0.0333333 0.0875 0.0666667
15 0.35625 0.0111111 0.1 0.0222222
15 0.36875 0.0333333 0.1 0.0666667
15 0.3875 0.0555556 0.0875 0.111111
26 0.40625 0.0333333 0.1 0.0666667
24 0.41875 0.0333333 0.1 0.0666667
42 0.425 0.0333333 0.0875 0.0666667
27 0.425 0.0333333 0.0625 0.0666667
43 0.45625 0.0333333 0.1 0.0666667
15 0.4625 0.0444444 0.0875 0.0888889
15 0.48125 0.0444444 0.1 0.0888889
24 0.5 0.0444444 0.0625 0.0888889
17 0.51875 0.0555556 0.1 0.111111
24 0.53125 0.0333333 0.1 0.0666667
27 0.54375 0.0222222 0.1 0.0444444
27 0.55625 0.0555556 0.1 0.111111
43 0.6125 0.0222222 0.0875 0.0444444
27 0.61875 0.0222222 0.075 0.0444444
43 0.725 0.0222222 0.1625 0.0444444
43 0.7125 0.0222222 0.0625 0.0444444
21 0.73125 0.0222222 0.125 0.0444444
27 0.76875 0.0111111 0.05 0.0222222
21 0.875 0.0222222 0.1625 0.0444444
26 0.88125 0.0222222 0.15 0.0444444
39 0.953125 0.0111111 0.09375 0.0222222
65 0.965625 0.0111111 0.06875 0.0222222
8 0.059375 0.0333333 0.11875 0.0666667
43 0.0375 0.0333333 0.0625 0.0666667
43 0.0625 0.0444444 0.0375 0.0888889
42 0.06875 0.0444444 0.025 0.0888889
27 0.125 0.0444444 0.1625 0.0888889
27 0.1 0.0444444 0.0375 0.0444444
27 0.125 0.0222222 0.0625 0.0444444
15 0.13125 0.0333333 0.075 0.0666667
43 0.14375 0.0333333 0.05 0.0666667
26 0.15 0.0333333 0.1125 0.0666667
43 0.2125 0.0444444 0.0875 0.0888889
15 0.225 0.0555556 0.0875 0.111111
42 0.21875 0.0444444 0.1 0.0888889
42 0.225 0.0555556 0.0875 0.0666667
42 0.26875 0.0333333 0.1 0.0666667
26 0.28125 0.0666667 0.1 0.133333
24 0.3 0.0555556 0.1375 0.111111
15 0.3 0.0555556 0.0125 0.111111
15 0.31875 0.0555556 0.025 0.111111
15 0.33125 0.0555556 0.025 0.111111
15 0.36875 0.0555556 0.075 0.111111
15 0.35625 0.0444444 0.025 0.0888889
15 0.3625 0.0666667 0.0375 0.133333
15 0.4 0.0666667 0.0875 0.133333
15 0.38125 0.0666667 0.05 0.133333
15 0.40625 0.0666667 0.025 0.133333
24 0.40625 0.0666667 0.05 0.133333
26 0.43125 0.0666667 0.025 0.133333
24 0.43125 0.0666667 0.025 0.133333
15 0.46875 0.0666667 0.075 0.133333
15 0.46875 0.0555556 0.05 0.111111
24 0.48125 0.0444444 0.025 0.0888889
24 0.4875 0.0555556 0.0375 0.111111
24 0.50625 0.0555556 0.05 0.111111
15 0.525 0.0555556 0.0375 0.111111
24 0.525 0.0666667 0.0625 0.133333
24 0.5875 0.0666667 0.1625 0.133333
43 0.6125 0.0444444 0.0875 0.0888889
21 0.61875 0.0444444 0.075 0.0888889
21 0.65625 0.0444444 0.125 0.0888889
21 0.675 0.0666667 0.1875 0.133333
43 0.725 0.0555556 0.1625 0.111111
43 0.70625 0.0555556 0.05 0.111111
27 0.7375 0.0555556 0.1125 0.111111
27 0.74375 0.0333333 0.025 0.0222222
43 0.80625 0.0333333 0.05 0.0666667
27 0.88125 0.0333333 0.15 0.0666667
43 0.875 0.0333333 0.1625 0.0666667
60 0.934375 0.0222222 0.13125 0.0444444
64 0.978125 0.0222222 0.04375 0.0444444
43 0.05625 0.0888889 0.05 0.177778
43 0.08125 0.0444444 0.025 0.0888889
43 0.1 0.0333333 0.0375 0.0666667
27 0.125 0.0333333 0.0875 0.0666667
15 0.13125 0.0444444 0.1 0.0888889
16 0.1375 0.0444444 0.0875 0.0888889
1 0.14375 0.0555556 0.125 0.111111
26 0.175 0.0777778 0.0625 0.155556
26 0.225 0.0777778 0.0875 0.155556
43 0.25625 0.0555556 0.15 0.111111
43 0.225 0.0555556 0.1125 0.111111
26 0.2625 0.0444444 0.1125 0.0888889
24 0.2875 0.0777778 0.1125 0.155556
15 0.30625 0.0555556 0.025 0.111111
24 0.36875 0.0555556 0.05 0.111111
24 0.375 0.0666667 0.0375 0.133333
24 0.375 0.111111 0.0625 0.222222
24 0.3875 0.0777778 0.0375 0.155556
24 0.40625 0.0555556 0.025 0.111111
24 0.4125 0.0555556 0.0375 0.111111
24 0.43125 0.0777778 0.025 0.155556
24 0.44375 0.0777778 0.025 0.155556
24 0.48125 0.0777778 0.075 0.155556
26 0.4625 0.0777778 0.0375 0.155556
24 0.48125 0.0777778 0.025 0.155556
24 0.50625 0.0555556 0.025 0.111111
24 0.525 0.0777778 0.0125 0.155556
24 0.54375 0.0555556 0.025 0.111111
24 0.54375 0.0777778 0.075 0.155556
43 0.6125 0.0666667 0.0875 0.133333
27 0.63125 0.0666667 0.1 0.133333
21 0.65 0.0666667 0.1375 0.133333
27 0.64375 0.0777778 0.125 0.111111
27 0.7625 0.0444444 0.0625 0.0888889
21 0.7625 0.0444444 0.0625 0.0888889
43 0.8375 0.0444444 0.1375 0.0888889
43 0.825 0.0444444 0.0375 0.0888889
43 0.86875 0.0555556 0.15 0.111111
26 0.09375 0.0444444 0.175 0.0888889
27 0.1125 0.0555556 0.1375 0.111111
43 0.13125 0.0555556 0.125 0.111111
27 0.09375 0.0666667 0.025 0.0888889
27 0.125 0.0555556 0.0875 0.111111
15 0.13125 0.0777778 0.1 0.111111
28 0.1375 0.0666667 0.0875 0.0888889
28 0.15625 0.0666667 0.075 0.133333
26 0.1625 0.0666667 0.0625 0.133333
43 0.25625 0.0555556 0.125 0.111111
24 0.25 0.0555556 0.1625 0.111111
24 0.325 0.0555556 0.0875 0.111111
24 0.30625 0.0555556 0.025 0.111111
15 0.31875 0.0666667 0.025 0.133333
24 0.36875 0.0555556 0.075 0.111111
26 0.36875 0.0555556 0.05 0.111111
26 0.3875 0.0555556 0.0375 0.111111
24 0.41875 0.0666667 0.025 0.133333
24 0.4375 0.0666667 0.0125 0.133333
24 0.46875 0.0555556 0.1 0.111111
24 0.4625 0.0555556 0.0625 0.111111
24 0.4875 0.0777778 0.0375 0.111111
24 0.49375 0.0777778 0.025 0.111111
24 0.55 0.0555556 0.0875 0.111111
24 0.53125 0.0777778 0.125 0.155556
24 0.56875 0.0777778 0.025 0.155556
24 0.55625 0.0888889 0.075 0.177778
43 0.575 0.0666667 0.0375 0.133333
43 0.58125 0.0666667 0.025 0.133333
27 0.61875 0.1 0.1 0.2
27 0.6375 0.111111 0.1125 0.133333
15 0.64375 0.0888889 0.025 0.0888889
15 0.65625 0.0888889 0.025 0.0888889
43 0.6625 0.0888889 0.0375 0.177778
27 0.7625 0.0666667 0.0625 0.133333
27 0.775 0.0666667 0.0625 0.133333
43 0.8625 0.0888889 0.1375 0.177778
43 0.1 0.0777778 0.0375 0.0666667
27 0.10625 0.0777778 0.025 0.0666667
27 0.13125 0.0888889 0.1 0.133333
75 0.14375 0.0888889 0.1 0.177778
64 0.15625 0.0666667 0.075 0.133333
24 0.26875 0.0777778 0.1 0.155556
24 0.31875 0.0777778 0.025 0.111111
27 0.3125 0.0777778 0.0375 0.155556
27 0.34375 0.0666667 0.025 0.133333
27 0.35625 0.0555556 0.025 0.111111
43 0.375 0.0666667 0.0375 0.0888889
43 0.375 0.0555556 0.0375 0.111111
32 0.39375 0.0666667 0.025 0.0888889
26 0.40625 0.0777778 0.025 0.111111
26 0.41875 0.1 0.025 0.111111
24 0.44375 0.0666667 0.025 0.133333
24 0.4625 0.0555556 0.0375 0.111111
26 0.4625 0.0777778 0.0625 0.155556
26 0.4875 0.0777778 0.0375 0.111111
26 0.50625 0.0888889 0.025 0.133333
43 0.53125 0.0666667 0.125 0.133333
27 0.54375 0.0888889 0.025 0.133333
26 0.55625 0.0888889 0.025 0.133333
24 0.55625 0.0888889 0.05 0.133333
26 0.575 0.0888889 0.0125 0.133333
43 0.5875 0.0777778 0.0125 0.155556
43 0.60625 0.1 0.125 0.2
27 0.63125 0.1 0.1 0.2
26 0.65625 0.133333 0.075 0.177778
15 0.64375 0.122222 0.025 0.155556
15 0.65625 0.122222 0.025 0.155556
43 0.65 0.111111 0.0625 0.177778
43 0.75 0.0666667 0.1125 0.133333
43 0.83125 0.0777778 0.1 0.155556
43 0.84375 0.0777778 0.075 0.155556
64 0.16875 0.111111 0.075 0.222222
43 0.18125 0.0777778 0.025 0.155556
26 0.26875 0.0777778 0.025 0.155556
24 0.3125 0.0888889 0.1875 0.177778
24 0.3125 0.111111 0.1625 0.222222
24 0.30625 0.111111 0.125 0.133333
24 0.3375 0.133333 0.1625 0.177778
43 0.35 0.133333 0.1375 0.177778
27 0.3375 0.0777778 0.0125 0.155556
43 0.35625 0.0777778 0.025 0.155556
43 0.3875 0.0666667 0.0625 0.133333
43 0.40625 0.0666667 0.025 0.133333
43 0.41875 0.133333 0.025 0.177778
24 0.43125 0.122222 0.025 0.155556
43 0.44375 0.0777778 0.025 0.155556
66 0.4625 0.111111 0.0375 0.222222
43 0.4625 0.111111 0.0375 0.222222
26 0.4875 0.0666667 0.0375 0.133333
27 0.49375 0.0888889 0.025 0.133333
43 0.50625 0.111111 0.025 0.0888889
43 0.4875 0.0888889 0.0875 0.177778
43 0.525 0.0777778 0.1375 0.155556
27 0.56875 0.0888889 0.075 0.133333
26 0.56875 0.0888889 0.025 0.133333
26 0.58125 0.0888889 0.025 0.133333
64 0.59375 0.111111 0.125 0.222222
27 0.60625 0.111111 0.125 0.222222
26 0.6375 0.133333 0.0875 0.177778
24 0.64375 0.133333 0.125 0.177778
27 0.65625 0.1 0.025 0.0666667
43 0.65 0.111111 0.0625 0.0888889
17 0.8 0.111111 0.2125 0.222222
43 0.875 0.111111 0.1375 0.0888889
43 0.88125 0.122222 0.175 0.111111
27 0.875 0.111111 0.1625 0.133333
27 0.9125 0.111111 0.0875 0.222222
43 0.940625 0.155556 0.11875 0.133333
43 0.959375 0.122222 0.08125 0.2
43 0.959375 0.144444 0.08125 0.155556
64 0.16875 0.177778 0.075 0.177778
65 0.3375 0.122222 0.0125 0.111111
65 0.35625 0.122222 0.025 0.244444
43 0.475 0.122222 0.0625 0.0666667
43 0.55625 0.133333 0.025 0.0888889
64 0.56875 0.133333 0.025 0.0888889
26 0.56875 0.1 0.05 0.155556
26 0.6125 0.1 0.1375 0.2
24 0.625 0.155556 0.0625 0.0888889
24 0.6375 0.177778 0.0875 0.133333
24 0.63125 0.144444 0.075 0.2
15 0.65625 0.155556 0.025 0.177778
43 0.65625 0.1 0.025 0.0666667
43 0.75 0.144444 0.1625 0.111111
15 0.83125 0.155556 0.05 0.0888889
15 0.86875 0.166667 0.025 0.0666667
15 0.88125 0.166667 0.025 0.0666667
27 0.90625 0.166667 0.05 0.0666667
26 0.9 0.177778 0.0625 0.0888889
27 0.928125 0.166667 0.14375 0.111111
39 0.959375 0.166667 0.08125 0.155556
39 0.915625 0.166667 0.16875 0.155556
60 0.525 0.177778 0.1875 0.177778
