26 0.021875 0.0111111 0.04375 0.0222222
34 0.059375 0.0111111 0.11875 0.0222222
67 0.1 0.0111111 0.1875 0.0222222
16 0.16875 0.0222222 0.05 0.0444444
10 0.175 0.0111111 0.0875 0.0222222
10 0.1875 0.0111111 0.0375 0.0222222
21 0.2125 0.0111111 0.0375 0.0222222
54 0.2125 0.0111111 0.0375 0.0222222
48 0.2625 0.0222222 0.1375 0.0444444
54 0.28125 0.0222222 0.175 0.0444444
44 0.3 0.0222222 0.1625 0.0444444
44 0.33125 0.0222222 0.15 0.0444444
44 0.3625 0.0111111 0.0875 0.0222222
48 0.3875 0.0111111 0.1125 0.0222222
21 0.40625 0.0111111 0.125 0.0222222
48 0.4125 0.0111111 0.1875 0.0222222
23 0.46875 0.0111111 0.15 0.0222222
59 0.41875 0.0111111 0.125 0.0222222
59 0.45625 0.0222222 0.1 0.0444444
59 0.49375 0.0222222 0.15 0.0444444
17 0.5 0 0.0375 0
26 0.50625 0.0222222 0.05 0.0444444
21 0.76875 0.0555556 0.05 0.111111
20 0.78125 0.0555556 0.025 0.111111
20 0.79375 0.0111111 0.025 0.0222222
21 0.80625 0.0111111 0.025 0.0222222
21 0.81875 0.0111111 0.025 0.0222222
55 0.825 0.0111111 0.0125 0.0222222
64 0.8375 0.0111111 0.0125 0.0222222
7 0.85625 0 0 0
43 0.028125 0.0111111 0.05625 0.0222222
8 0.028125 0.0111111 0.05625 0.0222222
30 0.046875 0.0222222 0.09375 0.0444444
36 0.08125 0.0222222 0.075 0.0444444
67 0.1 0.0222222 0.1125 0.0444444
71 0.13125 0.0222222 0.15 0.0444444
67 0.225 0.0222222 0.0375 0.0444444
54 0.2625 0.0222222 0.1375 0.0444444
54 0.26875 0.0333333 0.175 0.0666667
44 0.29375 0.0222222 0.175 0.0444444
44 0.31875 0.0222222 0.175 0.0444444
32 0.3625 0.0111111 0.0625 0.0222222
21 0.4 0.0111111 0.1125 0.0222222
15 0.40625 0.0111111 0.1 0.0222222
15 0.375 0.0111111 0.0625 0.0222222
21 0.40625 0.0111111 0.05 0.0222222
21 0.4125 0.0111111 0.0375 0.0222222
43 0.4375 0.0111111 0.0875 0.0222222
29 0.4625 0.0111111 0.0625 0.0222222
28 0.45625 0.0111111 0.1 0.0222222
1 0.46875 0.0111111 0.1 0.0222222
25 0.5125 0.0111111 0.1125 0.0222222
29 0.49375 0.0111111 0.025 0.0222222
21 0.5 0.0222222 0.0375 0.0444444
43 0.53125 0.0222222 0.1 0.0444444
12 0.575 0.0333333 0.1125 0.0666667
25 0.56875 0.0333333 0.125 0.0666667
26 0.58125 0.0222222 0.125 0.0444444
71 0.74375 0.0222222 0.175 0.0444444
53 0.7875 0.0222222 0.1875 0.0444444
15 0.7875 0.0222222 0.0375 0.0444444
14 0.7875 0.0222222 0.0375 0.0444444
21 0.8125 0.0222222 0.1125 0.0444444
15 0.81875 0.0111111 0.025 0.0222222
15 0.8375 0.0222222 0.0375 0.0444444
10 0.84375 0.0111111 0 0.0222222
13 0.8 0.0111111 0.1125 0.0222222
43 0.028125 0.0333333 0.05625 0.0666667
28 0.075 0.0222222 0.0625 0.0444444
53 0.11875 0.0444444 0.125 0.0888889
25 0.33125 0.0444444 0.125 0.0444444
21 0.36875 0.0444444 0.175 0.0444444
59 0.38125 0.0444444 0.175 0.0444444
59 0.35 0.0111111 0.0875 0.0222222
25 0.39375 0.0111111 0.025 0.0222222
25 0.40625 0.0222222 0.025 0.0444444
21 0.41875 0.0333333 0.025 0.0666667
47 0.43125 0.0333333 0.025 0.0666667
60 0.4625 0.0444444 0.0625 0.0444444
59 0.46875 0.0444444 0.075 0.0444444
1 0.46875 0.0444444 0.075 0.0444444
2 0.49375 0.0444444 0.175 0.0444444
21 0.5 0.0444444 0.0375 0.0444444
18 0.5 0.0444444 0.0375 0.0444444
15 0.50625 0.0222222 0.05 0.0444444
26 0.69375 0.0444444 0.05 0.0888889
24 0.74375 0.0444444 0.15 0.0888889
7 0.74375 0.0555556 0.175 0.0666667
39 0.75625 0.0555556 0.175 0.0666667
39 0.725 0.0555556 0.0875 0.0666667
39 0.78125 0.0555556 0.025 0.0666667
39 0.7875 0.0444444 0.0375 0.0888889
58 0.78125 0.0444444 0.075 0.0888889
8 0.8375 0.0555556 0.0625 0.0666667
26 0.8375 0.0333333 0.0375 0.0666667
26 0.84375 0.0222222 0 0.0444444
2 0.028125 0.0444444 0.05625 0.0888889
1 0.071875 0.0444444 0.14375 0.0888889
13 0.1 0.0444444 0.0875 0.0888889
2 0.084375 0.0555556 0.16875 0.111111
59 0.11875 0.0444444 0.125 0.0888889
65 0.21875 0.0333333 0.075 0.0666667
8 0.31875 0.0444444 0.125 0.0888889
3 0.33125 0.0333333 0.125 0.0666667
3 0.3375 0.0444444 0.1125 0.0444444
21 0.3375 0.0444444 0.0875 0.0444444
4 0.39375 0.0444444 0.025 0.0444444
4 0.4125 0.0444444 0.0125 0.0444444
4 0.41875 0.0444444 0.025 0.0444444
4 0.43125 0.0444444 0.025 0.0444444
4 0.4625 0.0444444 0.0625 0.0444444
2 0.4625 0.0444444 0.0625 0.0444444
2 0.45625 0.0333333 0.075 0.0222222
2 0.5 0.0555556 0.0125 0.0222222
4 0.5 0.0555556 0.0375 0.0222222
15 0.5125 0.0666667 0.0375 0.0444444
28 0.5375 0.0333333 0.0375 0.0666667
65 0.5375 0.0444444 0.0125 0.0444444
26 0.58125 0.0666667 0.025 0.0444444
1 0.6 0.0555556 0.0375 0.0222222
25 0.65625 0.0666667 0.025 0.0444444
71 0.68125 0.0555556 0.025 0.0222222
63 0.6875 0.0444444 0.0375 0.0444444
63 0.7 0.0555556 0.2125 0.0666667
13 0.74375 0.0555556 0.15 0.0666667
41 0.73125 0.0444444 0.025 0.0444444
41 0.6625 0.0444444 0.1625 0.0444444
39 0.7 0.0444444 0.1125 0.0444444
39 0.7125 0.0555556 0.1125 0.0222222
13 0.725 0.0555556 0.1125 0.0222222
13 0.73125 0.0444444 0.125 0.0444444
13 0.8125 0.0555556 0.0125 0.0222222
26 0.825 0.0555556 0.0125 0.0222222
24 0.8875 0.0555556 0.1375 0.0666667
26 0.928125 0.0444444 0.14375 0.0444444
0 0.028125 0.0555556 0.05625 0.0666667
60 0.34375 0.0666667 0.175 0.0888889
1 0.35625 0.0666667 0.175 0.0444444
17 0.325 0.0666667 0.0875 0.0444444
15 0.3375 0.0666667 0.0875 0.0444444
18 0.35 0.0666667 0.0875 0.0444444
4 0.39375 0.0666667 0.025 0.0444444
2 0.4125 0.0666667 0.0125 0.0444444
4 0.41875 0.0666667 0.025 0.0444444
4 0.43125 0.0666667 0.025 0.0444444
2 0.46875 0.0666667 0.05 0.0444444
18 0.45 0.0666667 0.0125 0.0444444
2 0.46875 0.0666667 0.025 0.0444444
2 0.48125 0.0777778 0.025 0.0666667
2 0.5 0.0888889 0.0125 0.0444444
2 0.50625 0.0888889 0.025 0.0444444
21 0.5125 0.0888889 0.0375 0.0444444
28 0.59375 0.0666667 0.15 0.0444444
28 0.54375 0.0666667 0 0.0444444
66 0.575 0.0666667 0.0125 0.0444444
10 0.58125 0.0666667 0.025 0.0444444
0 0.59375 0.0666667 0.025 0.0444444
6 0.60625 0.0666667 0.025 0.0444444
25 0.61875 0.0777778 0 0.0222222
25 0.64375 0.0888889 0.025 0.0444444
18 0.65625 0.0777778 0.025 0.0222222
18 0.66875 0.0888889 0.025 0.0444444
59 0.68125 0.0888889 0.025 0.0444444
13 0.69375 0.0888889 0 0.0444444
55 0.70625 0.0666667 0 0.0444444
26 0.71875 0.0666667 0 0.0444444
39 0.73125 0.0666667 0 0.0444444
39 0.74375 0.0666667 0 0.0444444
41 0.7 0.0666667 0.1125 0.0444444
41 0.76875 0.0666667 0 0.0444444
55 0.78125 0.0666667 0 0.0444444
12 0.79375 0.0666667 0 0.0444444
10 0.80625 0.0666667 0 0.0444444
10 0.81875 0.0666667 0 0.0444444
26 0.83125 0.0666667 0 0.0444444
24 0.8125 0.0666667 0.1125 0.0444444
24 0.8375 0.0666667 0.1125 0.0444444
24 0.8625 0.0666667 0.1125 0.0444444
16 0.93125 0.0777778 0 0.0666667
16 0.9375 0.0666667 0.0125 0.0888889
16 0.9625 0.0555556 0.0375 0.0666667
26 0.96875 0.0666667 0.025 0.0444444
11 0.9875 0.0777778 0.0125 0.0222222
43 0.034375 0.0888889 0.06875 0.0888889
12 0.0375 0.0777778 0.0375 0.0666667
2 0.084375 0.0777778 0.16875 0.111111
2 0.10625 0.0888889 0.1 0.0444444
28 0.15 0.0777778 0.0875 0.0666667
1 0.1625 0.1 0.0875 0.111111
65 0.15625 0.0777778 0.1 0.0666667
43 0.20625 0.0777778 0.05 0.0666667
28 0.2125 0.0888889 0.0375 0.0444444
65 0.2375 0.0777778 0.0875 0.111111
8 0.2625 0.0777778 0.1125 0.111111
3 0.29375 0.0666667 0.125 0.0888889
1 0.30625 0.0666667 0.125 0.0888889
1 0.31875 0.0888889 0.1 0.0444444
1 0.35625 0.1 0.175 0.0222222
1 0.36875 0.111111 0.175 0.0444444
2 0.36875 0.1 0.025 0.0222222
2 0.38125 0.1 0.025 0.0666667
2 0.39375 0.1 0.025 0.0666667
2 0.4 0.0888889 0.0375 0.0444444
2 0.41875 0.0888889 0.025 0.0444444
2 0.43125 0.0888889 0.025 0.0444444
2 0.475 0.0888889 0.0625 0.0444444
4 0.475 0.1 0.0625 0.0222222
2 0.475 0.1 0.0375 0.0222222
2 0.475 0.0888889 0.0375 0.0444444
2 0.49375 0.0888889 0.025 0.0444444
2 0.5125 0.1 0.0375 0.0666667
21 0.5125 0.111111 0.0375 0.0444444
65 0.53125 0.0888889 0.025 0.0444444
11 0.6125 0.0666667 0.0375 0.0444444
17 0.63125 0.111111 0.05 0.0888889
16 0.65 0.0888889 0.0125 0.0444444
2 0.65625 0.0888889 0.025 0.0444444
2 0.66875 0.0777778 0.025 0.0222222
16 0.6875 0.0888889 0.0125 0.0444444
55 0.69375 0.0888889 0 0.0444444
13 0.70625 0.0888889 0 0.0444444
26 0.71875 0.0888889 0 0.0444444
26 0.73125 0.0777778 0 0.0222222
16 0.74375 0.0888889 0 0.0444444
12 0.88125 0.0888889 0 0.0444444
12 0.89375 0.0888889 0 0.0444444
12 0.90625 0.0888889 0 0.0444444
12 0.91875 0.0888889 0 0.0444444
10 0.93125 0.0888889 0 0.0444444
12 0.94375 0.0888889 0 0.0444444
11 0.9875 0.0777778 0.0125 0.0666667
43 0.028125 0.1 0.05625 0.0666667
12 0.0375 0.1 0.0625 0.0666667
13 0.040625 0.1 0.08125 0.0666667
13 0.05625 0.111111 0.1 0.0888889
67 0.125 0.1 0.0625 0.0666667
2 0.1125 0.122222 0.0375 0.0666667
2 0.14375 0.111111 0.025 0.0444444
65 0.2 0.122222 0.0375 0.0666667
65 0.23125 0.122222 0.1 0.0666667
65 0.20625 0.122222 0.175 0.0666667
65 0.25 0.122222 0.1125 0.0666667
2 0.2625 0.122222 0.1125 0.0666667
2 0.24375 0.122222 0.175 0.0666667
1 0.31875 0.122222 0.175 0.0666667
1 0.33125 0.122222 0.075 0.0666667
2 0.33125 0.122222 0.1 0.0666667
1 0.325 0.111111 0.0875 0.0444444
2 0.36875 0.1 0 0.0222222
2 0.38125 0.111111 0.025 0.0444444
14 0.40625 0.111111 0.025 0.0444444
2 0.425 0.111111 0.0125 0.0444444
2 0.43125 0.111111 0.025 0.0444444
2 0.4625 0.1 0.0875 0.0222222
25 0.4625 0.1 0.0625 0.0222222
4 0.48125 0.111111 0.025 0.0444444
2 0.48125 0.111111 0.025 0.0444444
2 0.49375 0.111111 0.025 0.0444444
2 0.5125 0.122222 0.0375 0.0666667
17 0.56875 0.111111 0.125 0.0888889
16 0.625 0.122222 0.0625 0.0666667
1 0.63125 0.1 0.05 0.111111
2 0.6375 0.111111 0.0375 0.0444444
2 0.65625 0.111111 0.025 0.0444444
26 0.66875 0.111111 0.025 0.0444444
13 0.09375 0.122222 0.175 0.111111
13 0.1125 0.144444 0.0625 0.0666667
2 0.10625 0.144444 0.05 0.0666667
2 0.11875 0.133333 0.025 0.0444444
2 0.14375 0.133333 0.05 0.0444444
16 0.15625 0.133333 0.075 0.0444444
60 0.16875 0.133333 0.1 0.0888889
13 0.26875 0.122222 0.125 0.0666667
2 0.29375 0.122222 0.125 0.0666667
1 0.33125 0.144444 0.1 0.0666667
1 0.3125 0.133333 0.0875 0.0444444
2 0.36875 0.122222 0.025 0.0222222
16 0.38125 0.122222 0.025 0.0222222
16 0.3875 0.122222 0.0375 0.0666667
18 0.4 0.122222 0.0375 0.0666667
4 0.425 0.111111 0.0125 0.0444444
2 0.425 0.111111 0.0375 0.0444444
2 0.4625 0.122222 0.0875 0.0666667
2 0.46875 0.144444 0.075 0.111111
2 0.475 0.122222 0.0375 0.0666667
2 0.48125 0.133333 0.025 0.0444444
2 0.49375 0.144444 0.025 0.111111
2 0.5125 0.144444 0.0375 0.0666667
64 0.525 0.144444 0.0375 0.0666667
1 0.63125 0.133333 0.05 0.0888889
15 0.6375 0.133333 0.0625 0.0888889
11 0.94375 0.122222 0.05 0.0666667
26 0.01875 0.166667 0.025 0.0666667
2 0.034375 0.166667 0.06875 0.0666667
2 0.05 0.155556 0.0875 0.0444444
64 0.1125 0.166667 0.0625 0.0666667
13 0.1 0.166667 0.0625 0.0666667
13 0.125 0.166667 0.0875 0.0666667
36 0.15 0.166667 0.1625 0.111111
60 0.1625 0.177778 0.1375 0.0888889
