6 0.015625 0 0.03125 0
6 0.065625 0.0222222 0.13125 0.0444444
6 0.13125 0.0222222 0.175 0.0444444
7 0.015625 0.0333333 0.03125 0.0666667
7 0.025 0.0222222 0.0125 0.0444444
6 0.028125 0.0222222 0.05625 0.0444444
6 0.028125 0.0222222 0.05625 0.0444444
21 0.10625 0.0222222 0.125 0.0444444
21 0.14375 0.0222222 0.175 0.0444444
6 0.125 0.0222222 0.1125 0.0444444
6 0.23125 0.0222222 0.175 0.0444444
6 0.2625 0.0333333 0.1625 0.0666667
6 0.24375 0.0333333 0.1 0.0666667
6 0.26875 0.0333333 0.1 0.0666667
6 0.30625 0.0333333 0.1 0.0666667
6 0.33125 0.0333333 0.1 0.0666667
6 0.39375 0.0333333 0.175 0.0666667
6 0.5 0.0333333 0.1625 0.0666667
6 0.4875 0.0333333 0.1125 0.0666667
6 0.49375 0.0333333 0.1 0.0666667
6 0.55 0.0333333 0.1625 0.0666667
5 0.58125 0.0333333 0.175 0.0666667
6 0.59375 0.0333333 0.175 0.0666667
6 0.65625 0.0333333 0.175 0.0666667
5 0.64375 0.0333333 0.1 0.0666667
5 0.69375 0.0333333 0.175 0.0666667
6 0.71875 0.0333333 0.175 0.0666667
6 0.73125 0.0333333 0.175 0.0666667
5 0.75 0.0333333 0.1625 0.0666667
6 0.76875 0.0333333 0.175 0.0666667
6 0.81875 0.0333333 0.175 0.0666667
5 0.83125 0.0333333 0.175 0.0666667
6 0.86875 0.0222222 0.15 0.0444444
6 0.91875 0.0222222 0.15 0.0444444
6 0.921875 0.0222222 0.15625 0.0444444
23 0.95 0.0222222 0.0875 0.0444444
11 0.94375 0.0111111 0.1 0.0222222
21 0.009375 0.0444444 0.01875 0.0888889
21 0.015625 0.0333333 0.03125 0.0666667
21 0.1125 0.0222222 0.1875 0.0444444
21 0.14375 0.0333333 0.175 0.0666667
21 0.05625 0.0444444 0.1 0.0888889
21 0.125 0.0444444 0.0125 0.0888889
8 0.25 0.0333333 0.0875 0.0666667
6 0.325 0.0555556 0.0875 0.111111
6 0.35 0.0555556 0.0875 0.111111
6 0.5 0.0555556 0.0875 0.111111
6 0.54375 0.0777778 0.1 0.0666667
6 0.58125 0.0555556 0.1 0.111111
6 0.6 0.0555556 0.0875 0.111111
6 0.63125 0.0555556 0.1 0.111111
4 0.6375 0.0777778 0.0875 0.0666667
4 0.69375 0.0555556 0.175 0.111111
6 0.66875 0.0555556 0.1 0.111111
6 0.69375 0.0666667 0.1 0.0888889
6 0.76875 0.0555556 0.175 0.0666667
6 0.80625 0.0555556 0.175 0.0666667
8 0.84375 0.0666667 0.175 0.0444444
19 0.996875 0.0333333 0.00625 0.0666667
21 0.009375 0.0666667 0.01875 0.133333
21 0.009375 0.0888889 0.01875 0.0888889
6 0.55625 0.0888889 0.1 0.0888889
6 0.58125 0.0777778 0.1 0.111111
6 0.59375 0.0666667 0.1 0.133333
6 0.6 0.0888889 0.0875 0.0888889
21 0.934375 0.0555556 0.13125 0.0666667
6 0.9625 0.0666667 0.0125 0.0444444
25 0.975 0.0888889 0.0125 0.0444444
2 0.990625 0.0555556 0.01875 0.111111
6 0.015625 0.1 0.03125 0.111111
6 0.9625 0.0888889 0.0375 0.0444444
6 0.975 0.0777778 0.0125 0.0666667
2 0.9625 0.0888889 0.0375 0.0888889
6 0.9625 0.1 0.0375 0.111111
6 0.95625 0.0777778 0.075 0.155556
21 0.009375 0.111111 0.01875 0.133333
5 0.9625 0.1 0.0375 0.111111
0 0.9625 0.1 0.0375 0.111111
21 0.975 0.111111 0.0375 0.133333
21 0.959375 0.1 0.08125 0.111111
11 0.015625 0.133333 0.03125 0.0888889
6 0.81875 0.155556 0.15 0.0888889
0 0.975 0.133333 0.0125 0.0888889
0 0.95 0.111111 0.0875 0.133333
2 0.9625 0.122222 0.0625 0.111111
11 0.015625 0.155556 0.03125 0.0888889
6 0.76875 0.166667 0.175 0.111111
5 0.81875 0.166667 0.15 0.111111
6 0.86875 0.166667 0.175 0.111111
11 0.9375 0.177778 0.0875 0.0444444
12 0.94375 0.166667 0.075 0.0666667
3 0.965625 0.133333 0.06875 0.133333
11 0.01875 0.211111 0 0.0222222
23 0.4875 0.166667 0.1125 0.111111
21 0.003125 0.211111 0.00625 0.155556
9 0.01875 0.222222 0 0.0444444
6 0.5625 0.244444 0.0875 0.0444444
19 0.80625 0.211111 0.1 0.0666667
2 0.959375 0.2 0.08125 0.177778
21 0.053125 0.233333 0.10625 0.155556
11 0.025 0.244444 0.0125 0.0444444
18 0.80625 0.233333 0.1 0.111111
11 0.85625 0.233333 0.125 0.111111
17 0.8625 0.233333 0.1125 0.111111
20 0.8875 0.233333 0.1125 0.111111
14 0.8875 0.233333 0.1625 0.111111
21 0.91875 0.233333 0.125 0.111111
21 0.025 0.255556 0.0125 0.0666667
6 0.30625 0.266667 0.175 0.0888889
6 0.3375 0.266667 0.1625 0.0888889
6 0.45625 0.255556 0.1 0.111111
11 0.825 0.244444 0.1625 0.133333
25 0.8375 0.244444 0.1625 0.133333
21 0.86875 0.255556 0.125 0.155556
4 0.9 0.233333 0.0875 0.111111
9 0.95625 0.277778 0.025 0.0222222
5 0.975 0.277778 0.0125 0.0222222
6 0.984375 0.244444 0.03125 0.0888889
21 0.053125 0.266667 0.10625 0.133333
21 0.01875 0.288889 0 0.0444444
11 0.7125 0.288889 0.0875 0.0444444
25 0.83125 0.277778 0.15 0.0666667
25 0.89375 0.255556 0.1 0.155556
4 0.91875 0.3 0.15 0.0666667
1 0.9375 0.3 0.1125 0.0666667
5 0.93125 0.3 0.1 0.0666667
5 0.95 0.3 0.0625 0.0666667
6 0.959375 0.266667 0.08125 0.133333
11 0.01875 0.311111 0 0.0444444
11 0.925 0.3 0.1375 0.0666667
10 0.96875 0.311111 0.025 0.0444444
34 0.95625 0.3 0.075 0.0666667
9 0.959375 0.322222 0.08125 0.0666667
11 0.015625 0.322222 0.03125 0.0666667
10 0.990625 0.333333 0.01875 0.0444444
11 0.015625 0.344444 0.03125 0.0666667
21 0.053125 0.388889 0.10625 0.2
21 0.021875 0.411111 0.04375 0.111111
5 0.25625 0.411111 0.175 0.111111
6 0.26875 0.4 0.125 0.133333
10 0.71875 0.411111 0.025 0.0222222
9 0.74375 0.411111 0.05 0.0222222
10 0.7625 0.411111 0.0375 0.0222222
9 0.75625 0.422222 0.025 0.0888889
9 0.76875 0.388889 0.025 0.0666667
9 0.78125 0.4 0.025 0.0888889
10 0.8125 0.4 0.0375 0.0888889
10 0.85625 0.411111 0.025 0.0222222
10 0.85625 0.422222 0.025 0.0888889
10 0.86875 0.4 0.025 0.0888889
9 0.8875 0.4 0.0125 0.0888889
9 0.88125 0.411111 0.025 0.111111
11 0.90625 0.422222 0.025 0.0888889
21 0.053125 0.422222 0.10625 0.133333
21 0.015625 0.433333 0.03125 0.0666667
21 0.028125 0.422222 0.05625 0.0888889
4 0.2375 0.433333 0.2125 0.0666667
60 0.775 0.422222 0.1625 0.133333
10 0.8125 0.422222 0.0375 0.0444444
10 0.84375 0.433333 0.1 0.0666667
10 0.875 0.444444 0.1125 0.0444444
10 0.8625 0.444444 0.0625 0.0444444
10 0.86875 0.433333 0.025 0.0666667
18 0.8625 0.433333 0.0625 0.0666667
11 0.9125 0.422222 0.0375 0.0888889
11 0.9375 0.433333 0.0875 0.111111
21 0.053125 0.444444 0.10625 0.133333
21 0.021875 0.455556 0.04375 0.0666667
53 0.225 0.466667 0.0625 0.0444444
53 0.23125 0.455556 0.15 0.0222222
6 0.23125 0.455556 0.125 0.0222222
6 0.28125 0.455556 0.1 0.0222222
4 0.26875 0.466667 0.1 0.0444444
29 0.78125 0.466667 0.15 0.0888889
17 0.8375 0.444444 0.0875 0.0444444
1 0.85 0.433333 0.0875 0.0666667
10 0.85625 0.455556 0.075 0.111111
9 0.8625 0.444444 0.0625 0.0444444
10 0.875 0.422222 0.0375 0.0888889
16 0.89375 0.433333 0.1 0.0666667
15 0.91875 0.433333 0.075 0.0666667
29 0.95 0.466667 0.0875 0.0888889
14 0.053125 0.466667 0.10625 0.133333
14 0.021875 0.477778 0.04375 0.0666667
6 0.15625 0.477778 0.15 0.0666667
5 0.175 0.477778 0.1625 0.0666667
5 0.1875 0.466667 0.1625 0.0444444
5 0.20625 0.477778 0.175 0.0666667
6 0.21875 0.466667 0.175 0.0444444
2 0.23125 0.477778 0.175 0.0666667
6 0.24375 0.477778 0.175 0.0666667
6 0.275 0.488889 0.0875 0.0444444
4 0.3 0.477778 0.1625 0.0666667
6 0.75625 0.5 0.125 0.0666667
4 0.78125 0.488889 0.15 0.0888889
6 0.79375 0.488889 0.15 0.0444444
60 0.8 0.488889 0.1625 0.0444444
3 0.85 0.488889 0.0875 0.0444444
9 0.8 0.477778 0.1875 0.0666667
4 0.81875 0.488889 0.175 0.0888889
4 0.83125 0.5 0.175 0.0666667
4 0.93125 0.5 0.075 0.0666667
10 0.996875 0.455556 0.00625 0.0666667
14 0.053125 0.5 0.10625 0.111111
14 0.028125 0.5 0.05625 0.111111
7 0.18125 0.488889 0.025 0.0444444
2 0.20625 0.488889 0.05 0.0444444
2 0.225 0.488889 0.0125 0.0444444
2 0.26875 0.488889 0.075 0.0444444
2 0.29375 0.488889 0.075 0.0444444
2 0.275 0.5 0.1125 0.0666667
2 0.275 0.488889 0.1125 0.0444444
2 0.3 0.5 0.1625 0.0666667
2 0.3125 0.511111 0.1625 0.0888889
5 0.31875 0.488889 0.15 0.0444444
6 0.35625 0.5 0.125 0.0666667
4 0.3625 0.5 0.1375 0.0666667
4 0.4 0.488889 0.1875 0.0888889
4 0.41875 0.5 0.175 0.111111
4 0.55 0.511111 0.1125 0.0888889
4 0.5875 0.511111 0.1625 0.0888889
4 0.59375 0.511111 0.1 0.0888889
4 0.63125 0.511111 0.15 0.0888889
4 0.73125 0.522222 0.15 0.0666667
5 0.74375 0.522222 0.175 0.0666667
6 0.73125 0.522222 0.125 0.0666667
6 0.76875 0.5 0.15 0.111111
1 0.78125 0.488889 0.1 0.0444444
1 0.85 0.511111 0.0625 0.0444444
2 0.8625 0.5 0.0625 0.0666667
2 0.825 0.5 0.1875 0.0666667
2 0.89375 0.5 0.075 0.0666667
4 0.86875 0.5 0.175 0.0666667
4 0.959375 0.511111 0.08125 0.0888889
10 0.996875 0.5 0.00625 0.0222222
21 0.053125 0.488889 0.10625 0.133333
21 0.028125 0.511111 0.05625 0.133333
6 0.175 0.5 0.1125 0.0666667
2 0.24375 0.5 0.1 0.0666667
2 0.225 0.511111 0.1625 0.0888889
6 0.23125 0.511111 0.175 0.0888889
1 0.2875 0.522222 0.0875 0.0666667
6 0.25625 0.533333 0.1 0.0444444
6 0.26875 0.511111 0.125 0.0888889
4 0.26875 0.511111 0.125 0.0888889
4 0.29375 0.511111 0.15 0.0888889
0 0.2875 0.533333 0.1125 0.0444444
6 0.325 0.522222 0.0625 0.0222222
6 0.35625 0.5 0.05 0.0666667
6 0.3875 0.5 0.1125 0.111111
6 0.4 0.511111 0.1125 0.133333
6 0.4875 0.522222 0.1125 0.111111
6 0.5 0.511111 0.1125 0.133333
6 0.55625 0.522222 0.125 0.111111
6 0.5875 0.522222 0.1625 0.111111
4 0.5875 0.533333 0.1125 0.0888889
4 0.65 0.488889 0.1625 0.177778
6 0.64375 0.488889 0.125 0.177778
2 0.75 0.522222 0.1875 0.0666667
6 0.7375 0.533333 0.1125 0.0444444
6 0.76875 0.533333 0.15 0.0444444
1 0.7875 0.522222 0.1125 0.0222222
1 0.825 0.522222 0.0125 0.0222222
1 0.86875 0.522222 0.075 0.0222222
1 0.8875 0.522222 0.0875 0.0222222
4 0.8625 0.522222 0.1375 0.0222222
20 0.8875 0.5 0.1625 0.0666667
4 0.859375 0.5 0.28125 0.0666667
4 0.865625 0.522222 0.26875 0.111111
2 0.921875 0.544444 0.15625 0.0666667
6 0.25625 0.522222 0.075 0.0666667
6 0.25625 0.544444 0.05 0.0222222
4 0.28125 0.544444 0.075 0.0222222
6 0.275 0.555556 0.1375 0.0444444
5 0.74375 0.555556 0.175 0.0444444
6 0.75 0.544444 0.1625 0.0222222
6 0.76875 0.555556 0.15 0.0444444
4 0.775 0.544444 0.1625 0.0222222
4 0.8125 0.544444 0.1625 0.0222222
4 0.8375 0.555556 0.1625 0.0444444
6 0.86875 0.555556 0.15 0.0444444
6 0.8875 0.544444 0.1625 0.0222222
25 0.9 0.544444 0.1625 0.0222222
4 0.865625 0.544444 0.26875 0.111111
4 0.909375 0.555556 0.18125 0.0888889
2 0.959375 0.555556 0.08125 0.0444444
2 0.953125 0.555556 0.09375 0.0888889
8 0.953125 0.555556 0.09375 0.0888889
6 0.040625 0.566667 0.08125 0.0666667
4 0.059375 0.566667 0.11875 0.0666667
6 0.09375 0.555556 0.175 0.0444444
6 0.63125 0.566667 0.175 0.0666667
2 0.7375 0.555556 0.1625 0.0444444
4 0.75 0.555556 0.1625 0.0444444
2 0.7875 0.555556 0.1125 0.0444444
2 0.8 0.566667 0.1125 0.0222222
4 0.83125 0.555556 0.075 0.0444444
4 0.8125 0.555556 0.0125 0.0444444
4 0.81875 0.555556 0 0.0444444
6 0.8625 0.555556 0.0625 0.0444444
