53 0.028125 0.0111111 0.05625 0.0222222
8 0.034375 0.0111111 0.06875 0.0222222
6 0.053125 0.0222222 0.10625 0.0444444
6 0.5 0.0222222 0.1125 0.0444444
2 0.525 0.0222222 0.1125 0.0444444
2 0.5625 0.0222222 0.1625 0.0444444
4 0.58125 0.0222222 0.175 0.0444444
8 0.6 0.0222222 0.1625 0.0444444
10 0.60625 0.0222222 0.175 0.0444444
10 0.625 0.0222222 0.1625 0.0444444
8 0.6375 0.0222222 0.1625 0.0444444
4 0.65 0.0222222 0.1625 0.0444444
44 0.6625 0.0222222 0.1625 0.0444444
4 0.65625 0.0111111 0.125 0.0222222
8 0.66875 0.0111111 0.075 0.0222222
8 0.725 0.0111111 0.0875 0.0222222
48 0.75625 0.0111111 0.125 0.0222222
35 0.7625 0.0222222 0.1375 0.0444444
53 0.7625 0.0222222 0.1625 0.0444444
8 0.775 0.0222222 0.1625 0.0444444
2 0.80625 0.0111111 0.15 0.0222222
3 0.8375 0.0111111 0.1125 0.0222222
2 0.8125 0.0111111 0.0375 0.0222222
2 0.825 0.0111111 0.0375 0.0222222
2 0.85625 0.0111111 0.075 0.0222222
2 0.88125 0.0111111 0.075 0.0222222
4 0.89375 0.0111111 0.075 0.0222222
4 0.93125 0.0111111 0.125 0.0222222
8 0.940625 0.0222222 0.11875 0.0444444
4 0.940625 0.0222222 0.11875 0.0444444
4 0.965625 0.0222222 0.06875 0.0444444
4 0.965625 0.0222222 0.06875 0.0444444
11 0.9875 0.0222222 0.0125 0.0444444
67 0.990625 0.0111111 0.01875 0.0222222
6 0.040625 0.0222222 0.08125 0.0444444
2 0.053125 0.0222222 0.10625 0.0444444
10 0.475 0.0111111 0.1125 0.0222222
4 0.4875 0.0222222 0.1125 0.0444444
4 0.5125 0.0222222 0.1125 0.0444444
2 0.5375 0.0222222 0.1125 0.0444444
4 0.6 0.0222222 0.1375 0.0444444
53 0.6 0.0222222 0.1625 0.0444444
29 0.625 0.0222222 0.1625 0.0444444
48 0.66875 0.0222222 0.175 0.0444444
64 0.69375 0.0222222 0.15 0.0444444
53 0.725 0.0333333 0.1125 0.0666667
53 0.71875 0.0333333 0.075 0.0666667
53 0.725 0.0222222 0.0625 0.0444444
51 0.7625 0.0333333 0.1625 0.0666667
19 0.80625 0.0222222 0.125 0.0444444
53 0.80625 0.0222222 0.125 0.0444444
55 0.80625 0.0222222 0.15 0.0444444
19 0.83125 0.0222222 0.075 0.0444444
8 0.88125 0.0111111 0.075 0.0222222
19 0.9 0.0222222 0.0625 0.0444444
19 0.90625 0.0222222 0.075 0.0444444
53 0.940625 0.0222222 0.11875 0.0444444
53 0.93125 0.0222222 0.125 0.0444444
53 0.953125 0.0333333 0.09375 0.0666667
51 0.959375 0.0333333 0.08125 0.0666667
8 0.053125 0.0222222 0.10625 0.0444444
8 0.015625 0.0222222 0.03125 0.0444444
8 0.5375 0.0333333 0.0875 0.0666667
2 0.54375 0.0333333 0.075 0.0666667
2 0.5625 0.0333333 0.1625 0.0666667
2 0.56875 0.0333333 0.175 0.0666667
29 0.6 0.0333333 0.1625 0.0666667
44 0.61875 0.0333333 0.175 0.0666667
3 0.65 0.0333333 0.1625 0.0666667
19 0.66875 0.0333333 0.175 0.0666667
53 0.68125 0.0333333 0.175 0.0666667
8 0.69375 0.0333333 0.175 0.0666667
46 0.71875 0.0333333 0.175 0.0666667
8 0.73125 0.0333333 0.175 0.0666667
8 0.7625 0.0333333 0.1375 0.0666667
3 0.7875 0.0333333 0.1625 0.0666667
2 0.8125 0.0333333 0.1625 0.0666667
2 0.85 0.0333333 0.1625 0.0666667
2 0.8875 0.0333333 0.1625 0.0666667
3 0.9 0.0333333 0.1625 0.0666667
8 0.928125 0.0333333 0.14375 0.0666667
2 0.940625 0.0333333 0.11875 0.0666667
1 0.946875 0.0444444 0.10625 0.0444444
2 0.959375 0.0444444 0.08125 0.0888889
8 0.053125 0.0444444 0.10625 0.0888889
2 0.021875 0.0444444 0.04375 0.0444444
8 0.040625 0.0555556 0.08125 0.0666667
8 0.05625 0.0555556 0.05 0.0666667
2 0.0875 0.0666667 0.1125 0.0444444
53 0.09375 0.0666667 0.15 0.0444444
60 0.09375 0.0666667 0.175 0.0444444
59 0.10625 0.0666667 0.175 0.0444444
60 0.125 0.0666667 0.1625 0.0444444
54 0.13125 0.0666667 0.15 0.0444444
54 0.16875 0.0666667 0.15 0.0444444
60 0.2 0.0666667 0.1625 0.0444444
54 0.2125 0.0666667 0.1625 0.0444444
55 0.21875 0.0666667 0.15 0.0444444
8 0.24375 0.0666667 0.15 0.0444444
46 0.25625 0.0666667 0.15 0.0444444
46 0.2875 0.0666667 0.1125 0.0444444
55 0.3 0.0666667 0.1125 0.0444444
54 0.30625 0.0666667 0.15 0.0444444
60 0.36875 0.0666667 0.15 0.0444444
49 0.38125 0.0666667 0.15 0.0444444
49 0.4 0.0666667 0.0875 0.0444444
16 0.4 0.0666667 0.1125 0.0444444
16 0.45 0.0666667 0.1375 0.0444444
8 0.4875 0.0666667 0.1125 0.0444444
8 0.5125 0.0666667 0.1375 0.0444444
3 0.53125 0.0555556 0.125 0.0666667
8 0.54375 0.0555556 0.125 0.0666667
30 0.55 0.0555556 0.1125 0.0666667
3 0.55 0.0555556 0.0875 0.0666667
2 0.56875 0.0555556 0.175 0.0666667
64 0.58125 0.0444444 0.175 0.0444444
29 0.6 0.0444444 0.1625 0.0444444
3 0.60625 0.0555556 0.175 0.0666667
44 0.61875 0.0555556 0.175 0.0666667
16 0.63125 0.0555556 0.175 0.0666667
1 0.65 0.0555556 0.1625 0.0666667
3 0.65625 0.0444444 0.175 0.0444444
2 0.66875 0.0555556 0.175 0.0666667
2 0.68125 0.0444444 0.175 0.0888889
3 0.70625 0.0666667 0.175 0.0444444
16 0.73125 0.0666667 0.175 0.0444444
3 0.70625 0.0555556 0.075 0.0666667
3 0.775 0.0666667 0.1625 0.0444444
3 0.7875 0.0444444 0.1625 0.0444444
3 0.8 0.0555556 0.1625 0.0666667
2 0.8125 0.0555556 0.1625 0.0666667
2 0.81875 0.0444444 0.175 0.0888889
3 0.83125 0.0444444 0.175 0.0444444
3 0.8625 0.0444444 0.1625 0.0444444
3 0.928125 0.0333333 0.14375 0.0666667
2 0.94375 0.0333333 0.075 0.0666667
1 0.946875 0.0555556 0.10625 0.0666667
2 0.94375 0.0555556 0.075 0.0666667
2 0.95625 0.0666667 0.075 0.0444444
2 0.053125 0.0666667 0.10625 0.0888889
2 0.021875 0.0777778 0.04375 0.0666667
2 0.05 0.0666667 0.0375 0.0444444
2 0.0875 0.0777778 0.1625 0.0666667
2 0.10625 0.0666667 0.175 0.0444444
3 0.1375 0.0666667 0.1625 0.0444444
53 0.15 0.0666667 0.1625 0.0444444
46 0.15625 0.0666667 0.15 0.0444444
46 0.1875 0.0666667 0.1625 0.0444444
8 0.2 0.0666667 0.1625 0.0444444
8 0.28125 0.0666667 0.15 0.0444444
46 0.31875 0.0666667 0.15 0.0444444
53 0.3375 0.0666667 0.1625 0.0444444
46 0.35 0.0666667 0.1625 0.0444444
8 0.36875 0.0666667 0.15 0.0444444
8 0.4 0.0666667 0.1625 0.0444444
8 0.4 0.0666667 0.1125 0.0444444
8 0.4375 0.0666667 0.1625 0.0444444
55 0.425 0.0666667 0.1125 0.0444444
30 0.48125 0.0666667 0.15 0.0444444
3 0.49375 0.0666667 0.15 0.0444444
1 0.51875 0.0666667 0.15 0.0444444
3 0.53125 0.0666667 0.15 0.0444444
1 0.54375 0.0666667 0.125 0.0444444
1 0.6 0.0666667 0.1625 0.0444444
1 0.575 0.0666667 0.1125 0.0444444
1 0.6 0.0666667 0.1125 0.0444444
1 0.61875 0.0666667 0.075 0.0444444
1 0.64375 0.0666667 0.075 0.0444444
3 0.65625 0.0666667 0.075 0.0444444
3 0.675 0.0666667 0.0875 0.0444444
8 0.69375 0.0666667 0.1 0.0444444
3 0.70625 0.0666667 0.075 0.0444444
3 0.725 0.0666667 0.0625 0.0444444
3 0.7375 0.0666667 0.0625 0.0444444
3 0.75 0.0666667 0.0625 0.0444444
3 0.78125 0.0666667 0.1 0.0444444
3 0.8 0.0666667 0.1125 0.0444444
3 0.81875 0.0666667 0.1 0.0444444
3 0.84375 0.0555556 0.1 0.0666667
3 0.90625 0.0555556 0.175 0.0666667
3 0.8875 0.0555556 0.1125 0.0666667
3 0.9125 0.0666667 0.1125 0.0444444
3 0.94375 0.0666667 0.075 0.0444444
1 0.940625 0.0666667 0.11875 0.0444444
1 0.946875 0.0777778 0.10625 0.0666667
1 0.95625 0.0777778 0.075 0.0666667
2 0.95625 0.0777778 0.075 0.0666667
2 0.028125 0.0888889 0.05625 0.0888889
2 0.015625 0.0888889 0.03125 0.0444444
2 0.034375 0.0777778 0.06875 0.0666667
2 0.05625 0.0777778 0.025 0.0666667
2 0.05 0.0777778 0.0875 0.0666667
3 0.1125 0.0777778 0.1625 0.0666667
2 0.14375 0.0777778 0.175 0.0666667
3 0.1125 0.0777778 0.0875 0.0666667
47 0.125 0.0777778 0.0875 0.0666667
46 0.19375 0.0777778 0.175 0.0666667
8 0.20625 0.0777778 0.175 0.0666667
3 0.2375 0.0777778 0.1625 0.0666667
8 0.25625 0.0777778 0.15 0.0666667
60 0.275 0.0888889 0.1625 0.0444444
45 0.2875 0.0777778 0.1375 0.0666667
8 0.3125 0.0777778 0.1625 0.0666667
50 0.34375 0.0777778 0.175 0.0666667
49 0.36875 0.0777778 0.175 0.0666667
3 0.375 0.0777778 0.1625 0.0666667
3 0.3875 0.0888889 0.1625 0.0444444
45 0.3875 0.0888889 0.1375 0.0888889
8 0.40625 0.0888889 0.125 0.0888889
53 0.4 0.0888889 0.1125 0.0888889
30 0.50625 0.0777778 0.125 0.0666667
3 0.5125 0.0888889 0.1125 0.0444444
1 0.53125 0.0888889 0.125 0.0444444
3 0.55625 0.0888889 0.1 0.0444444
1 0.5625 0.0888889 0.1125 0.0444444
1 0.56875 0.0777778 0.175 0.0666667
3 0.575 0.0888889 0.1625 0.0444444
1 0.55 0.0777778 0.0875 0.0666667
1 0.60625 0.0777778 0.175 0.0666667
3 0.625 0.0888889 0.1625 0.0444444
3 0.6 0.0888889 0.0875 0.0444444
2 0.6125 0.0888889 0.0875 0.0444444
2 0.625 0.0777778 0.0875 0.0666667
2 0.63125 0.0888889 0.075 0.0444444
2 0.65625 0.0888889 0.075 0.0444444
8 0.675 0.0888889 0.0875 0.0444444
3 0.7 0.0777778 0.0875 0.0666667
3 0.71875 0.0777778 0.075 0.0666667
3 0.7375 0.0888889 0.0625 0.0444444
3 0.74375 0.0777778 0.075 0.0666667
3 0.76875 0.0777778 0.1 0.0666667
3 0.7875 0.0777778 0.0875 0.0666667
3 0.8125 0.0777778 0.1125 0.0666667
3 0.85 0.0777778 0.1625 0.0666667
3 0.84375 0.0777778 0.1 0.0666667
3 0.90625 0.0888889 0.175 0.0444444
3 0.86875 0.0888889 0.075 0.0444444
8 0.95 0.0777778 0.0625 0.0666667
43 0.95625 0.0888889 0.075 0.0888889
2 0.021875 0.122222 0.04375 0.0666667
2 0.01875 0.111111 0.025 0.0444444
1 0.021875 0.122222 0.04375 0.0666667
1 0.05625 0.111111 0.025 0.0444444
2 0.0375 0.1 0.0625 0.0666667
2 0.0625 0.1 0.0875 0.0666667
16 0.08125 0.1 0.075 0.0666667
44 0.09375 0.1 0.075 0.0666667
60 0.1125 0.1 0.0875 0.0666667
60 0.1375 0.1 0.0875 0.0666667
46 0.14375 0.1 0.075 0.0666667
47 0.16875 0.1 0.075 0.0666667
44 0.2 0.1 0.1125 0.0666667
30 0.54375 0.111111 0.125 0.0444444
6 0.5375 0.111111 0.0875 0.0444444
2 0.55 0.111111 0.0875 0.0444444
2 0.56875 0.111111 0.075 0.0444444
2 0.59375 0.111111 0.075 0.0444444
2 0.61875 0.111111 0.075 0.0444444
2 0.64375 0.111111 0.075 0.0444444
2 0.675 0.122222 0.0875 0.0666667
8 0.6875 0.111111 0.0875 0.0444444
8 0.7 0.1 0.0875 0.0666667
44 0.7625 0.1 0.1125 0.0666667
8 0.76875 0.1 0.125 0.0666667
8 0.79375 0.1 0.125 0.0666667
8 0.7875 0.1 0.0875 0.0666667
8 0.81875 0.1 0.1 0.0666667
8 0.84375 0.111111 0.125 0.0444444
8 0.85625 0.1 0.1 0.0666667
8 0.89375 0.111111 0.125 0.0444444
8 0.925 0.111111 0.1375 0.0444444
6 0.9375 0.1 0.1125 0.0666667
1 0.940625 0.1 0.11875 0.0666667
2 0.946875 0.111111 0.10625 0.0888889
2 0.95625 0.111111 0.075 0.0888889
2 0.015625 0.133333 0.03125 0.0888889
6 0.021875 0.133333 0.04375 0.0888889
8 0.034375 0.133333 0.06875 0.0888889
4 0.55 0.133333 0.0875 0.0444444
4 0.5625 0.122222 0.0875 0.0666667
2 0.56875 0.122222 0.075 0.0666667
2 0.59375 0.122222 0.075 0.0666667
29 0.60625 0.122222 0.075 0.0666667
29 0.63125 0.122222 0.075 0.0666667
29 0.6625 0.133333 0.0875 0.0888889
8 0.75625 0.122222 0.125 0.0666667
8 0.7625 0.122222 0.0875 0.0666667
8 0.7875 0.122222 0.0875 0.0666667
8 0.81875 0.122222 0.1 0.0666667
8 0.84375 0.122222 0.125 0.0666667
8 0.85625 0.122222 0.075 0.0666667
8 0.915625 0.122222 0.16875 0.0666667
44 0.928125 0.122222 0.14375 0.0666667
44 0.9375 0.122222 0.1125 0.0666667
39 0.940625 0.133333 0.11875 0.0444444
6 0.95625 0.122222 0.075 0.0666667
2 0.015625 0.155556 0.03125 0.0444444
2 0.015625 0.155556 0.03125 0.0888889
65 0.034375 0.155556 0.06875 0.0888889
2 0.55 0.155556 0.0875 0.0888889
