4 0.034375 0.0111111 0.06875 0.0222222
4 0.040625 0.0222222 0.08125 0.0444444
4 0.084375 0.0111111 0.16875 0.0222222
6 0.090625 0.0222222 0.18125 0.0444444
4 0.1125 0.0222222 0.1875 0.0444444
6 0.1 0.0222222 0.1125 0.0444444
4 0.1125 0.0111111 0.1125 0.0222222
2 0.14375 0.0111111 0.125 0.0222222
4 0.15 0.0111111 0.1125 0.0222222
1 0.1625 0.0111111 0.1125 0.0222222
4 0.18125 0.0111111 0.125 0.0222222
4 0.2125 0.0111111 0.1125 0.0222222
6 0.24375 0.0111111 0.125 0.0222222
6 0.2875 0.0111111 0.1875 0.0222222
6 0.325 0.0111111 0.1875 0.0222222
4 0.3625 0.0111111 0.1875 0.0222222
6 0.375 0.0111111 0.1875 0.0222222
4 0.4 0.0111111 0.1875 0.0222222
4 0.4375 0.0111111 0.1875 0.0222222
4 0.475 0.0222222 0.1875 0.0444444
4 0.49375 0.0111111 0.175 0.0222222
6 0.53125 0.0111111 0.175 0.0222222
6 0.575 0.0111111 0.1875 0.0222222
4 0.5875 0.0111111 0.1875 0.0222222
6 0.6125 0.0111111 0.1875 0.0222222
6 0.7125 0.0111111 0.1375 0.0222222
4 0.73125 0.0111111 0.125 0.0222222
4 0.75625 0.0111111 0.125 0.0222222
4 0.78125 0.0111111 0.125 0.0222222
4 0.8125 0.0111111 0.1375 0.0222222
6 0.825 0.0111111 0.1125 0.0222222
4 0.8625 0.0111111 0.1125 0.0222222
6 0.86875 0.0111111 0.125 0.0222222
6 0.9 0.0222222 0.1375 0.0444444
8 0.953125 0.0222222 0.09375 0.0444444
4 0.953125 0.0111111 0.09375 0.0222222
74 0.984375 0 0.03125 0
6 0.14375 0.0222222 0.125 0.0444444
2 0.15625 0.0222222 0.125 0.0444444
64 0.18125 0.0111111 0.125 0.0222222
6 0.48125 0.0222222 0.125 0.0444444
6 0.53125 0.0222222 0.125 0.0444444
6 0.55625 0.0222222 0.125 0.0444444
6 0.56875 0.0222222 0.125 0.0444444
6 0.7 0.0222222 0.1375 0.0444444
4 0.7125 0.0222222 0.1375 0.0444444
7 0.75625 0.0111111 0.125 0.0222222
2 0.8625 0.0111111 0.1125 0.0222222
4 0.953125 0.0111111 0.09375 0.0222222
7 0.984375 0.0111111 0.03125 0.0222222
8 0.028125 0.0333333 0.05625 0.0666667
8 0.040625 0.0333333 0.08125 0.0666667
4 0.046875 0.0333333 0.09375 0.0666667
4 0.09375 0.0333333 0.15 0.0666667
6 0.1125 0.0333333 0.1125 0.0666667
6 0.14375 0.0333333 0.075 0.0666667
6 0.1375 0.0333333 0.1125 0.0666667
2 0.15625 0.0333333 0.125 0.0666667
2 0.16875 0.0444444 0.125 0.0444444
2 0.21875 0.0444444 0.175 0.0444444
2 0.23125 0.0333333 0.175 0.0666667
6 0.45 0.0333333 0.1625 0.0666667
2 0.75 0.0222222 0.1125 0.0444444
1 0.75625 0.0222222 0.125 0.0444444
2 0.775 0.0222222 0.1125 0.0444444
65 0.7875 0.0222222 0.1125 0.0444444
10 0.984375 0.0444444 0.03125 0.0444444
4 0.034375 0.0444444 0.06875 0.0888889
2 0.046875 0.0444444 0.09375 0.0888889
2 0.05 0.0333333 0.0625 0.0666667
2 0.06875 0.0555556 0.1 0.0666667
6 0.11875 0.0555556 0.125 0.0666667
6 0.15625 0.0444444 0.125 0.0888889
2 0.16875 0.0555556 0.125 0.0666667
2 0.21875 0.0555556 0.175 0.0666667
2 0.26875 0.0333333 0.075 0.0666667
2 0.26875 0.0333333 0.125 0.0666667
7 0.35625 0.0333333 0.075 0.0666667
7 0.35625 0.0333333 0.125 0.0666667
74 0.39375 0.0333333 0.075 0.0666667
2 0.7375 0.0333333 0.1125 0.0666667
2 0.7625 0.0444444 0.1125 0.0444444
2 0.7875 0.0333333 0.1125 0.0666667
2 0.81875 0.0444444 0.125 0.0444444
2 0.8375 0.0333333 0.0375 0.0222222
65 0.85 0.0333333 0.0125 0.0222222
2 0.875 0.0333333 0.0375 0.0222222
2 0.88125 0.0444444 0.025 0.0444444
2 0.90625 0.0333333 0.05 0.0222222
2 0.93125 0.0444444 0.05 0.0444444
19 0.9375 0.0333333 0.0625 0.0666667
2 0.94375 0.0333333 0.075 0.0666667
2 0.959375 0.0333333 0.08125 0.0666667
2 0.98125 0.0444444 0.025 0.0444444
4 0.053125 0.0555556 0.10625 0.111111
4 0.028125 0.0777778 0.05625 0.0666667
2 0.040625 0.0777778 0.08125 0.0666667
7 0.0625 0.0666667 0.0375 0.0444444
7 0.05 0.0666667 0.0375 0.0444444
6 0.35625 0.0777778 0.175 0.0666667
8 0.3875 0.0666667 0.1125 0.0444444
6 0.39375 0.0666667 0.125 0.0444444
7 0.4125 0.0666667 0.1125 0.0444444
8 0.44375 0.0666667 0.125 0.0444444
7 0.5 0.0666667 0.1125 0.0444444
2 0.7375 0.0666667 0.1125 0.0444444
2 0.7625 0.0666667 0.0875 0.0444444
6 0.79375 0.0555556 0.1 0.0666667
2 0.8375 0.0555556 0.0375 0.0222222
2 0.84375 0.0555556 0.025 0.0222222
2 0.86875 0.0555556 0.025 0.0222222
2 0.88125 0.0555556 0 0.0222222
19 0.9 0.0555556 0.0375 0.0222222
19 0.90625 0.0555556 0.025 0.0222222
2 0.94375 0.0666667 0.075 0.0444444
2 0.94375 0.0555556 0.075 0.0666667
2 0.990625 0.0666667 0.01875 0.0444444
4 0.990625 0.0777778 0.01875 0.0222222
4 0.053125 0.0888889 0.10625 0.0888889
7 0.040625 0.0888889 0.08125 0.0444444
6 0.39375 0.0888889 0.1 0.0444444
6 0.4125 0.0888889 0.0875 0.0444444
6 0.44375 0.0888889 0.125 0.0444444
6 0.48125 0.0888889 0.075 0.0444444
2 0.68125 0.0888889 0.125 0.0444444
2 0.70625 0.0888889 0.125 0.0444444
2 0.725 0.0777778 0.1125 0.0666667
2 0.75625 0.0777778 0.075 0.0666667
2 0.75625 0.0888889 0.1 0.0444444
6 0.775 0.0777778 0.1125 0.0666667
2 0.78125 0.0888889 0.125 0.0444444
2 0.79375 0.0777778 0.125 0.0666667
2 0.8 0.0777778 0.0875 0.0666667
2 0.81875 0.0777778 0.1 0.0666667
16 0.85625 0.0777778 0.05 0.0666667
25 0.85625 0.0777778 0.075 0.0666667
2 0.85625 0.0777778 0.075 0.0666667
2 0.93125 0.0888889 0.1 0.0444444
16 0.925 0.0888889 0.0625 0.0444444
2 0.95 0.0888889 0.0625 0.0888889
6 0.953125 0.0777778 0.09375 0.0666667
2 0.975 0.0777778 0.0125 0.0666667
2 0.984375 0.1 0.03125 0.0222222
4 0.990625 0.111111 0.01875 0.0444444
4 0.053125 0.111111 0.10625 0.0888889
4 0.028125 0.122222 0.05625 0.0666667
74 0.39375 0.122222 0.05 0.0222222
74 0.40625 0.122222 0.075 0.0222222
64 0.56875 0.111111 0.05 0.0444444
64 0.5875 0.111111 0.0625 0.0444444
64 0.65 0.111111 0.0625 0.0444444
64 0.63125 0.111111 0.1 0.0444444
64 0.675 0.111111 0.0625 0.0444444
64 0.6625 0.1 0.1125 0.0666667
64 0.69375 0.1 0.125 0.0666667
64 0.73125 0.1 0.075 0.0666667
64 0.79375 0.0888889 0.125 0.0888889
64 0.7875 0.0888889 0.0875 0.0888889
64 0.80625 0.111111 0.075 0.0444444
64 0.83125 0.111111 0.1 0.0888889
64 0.8375 0.1 0.1125 0.0666667
64 0.85 0.133333 0.0875 0.0444444
64 0.909375 0.122222 0.18125 0.0222222
64 0.91875 0.1 0.05 0.0666667
64 0.946875 0.1 0.10625 0.0666667
4 0.94375 0.111111 0.075 0.0444444
4 0.95625 0.1 0.075 0.0666667
4 0.953125 0.0888889 0.09375 0.0888889
2 0.98125 0.1 0.025 0.0666667
0 0.984375 0.111111 0.03125 0.0444444
6 0.990625 0.111111 0.01875 0.0444444
4 0.053125 0.144444 0.10625 0.0666667
4 0.01875 0.144444 0.025 0.0666667
4 0.034375 0.155556 0.06875 0.0888889
7 0.05625 0.133333 0.025 0.0444444
2 0.13125 0.133333 0.05 0.0444444
2 0.13125 0.133333 0.025 0.0444444
7 0.11875 0.133333 0.05 0.0444444
74 0.18125 0.133333 0.075 0.0444444
2 0.24375 0.133333 0.05 0.0444444
2 0.25 0.155556 0.0375 0.0444444
2 0.2375 0.166667 0.0875 0.0666667
2 0.29375 0.133333 0.025 0.0444444
19 0.29375 0.133333 0.025 0.0444444
4 0.325 0.122222 0.1375 0.0666667
2 0.3375 0.122222 0.1375 0.0666667
2 0.375 0.133333 0.0625 0.0444444
2 0.3875 0.133333 0.0625 0.0444444
2 0.40625 0.133333 0.075 0.0444444
2 0.4 0.144444 0.1125 0.0666667
6 0.40625 0.144444 0.125 0.0666667
4 0.4125 0.133333 0.1125 0.0888889
6 0.6625 0.166667 0.1125 0.0666667
6 0.68125 0.155556 0.125 0.0888889
2 0.7125 0.155556 0.1625 0.0888889
6 0.70625 0.166667 0.125 0.0666667
4 0.725 0.166667 0.1375 0.0666667
2 0.7625 0.144444 0.0875 0.0666667
2 0.76875 0.122222 0.1 0.0666667
65 0.8 0.122222 0.1625 0.0666667
2 0.80625 0.133333 0.075 0.0444444
0 0.8125 0.133333 0.0375 0.0444444
64 0.81875 0.133333 0.025 0.0444444
0 0.83125 0.144444 0.025 0.0222222
0 0.8375 0.155556 0.0375 0.0444444
2 0.84375 0.144444 0.025 0.0222222
0 0.86875 0.144444 0.025 0.0222222
0 0.88125 0.155556 0.025 0.0444444
0 0.89375 0.155556 0.025 0.0444444
0 0.90625 0.144444 0.025 0.0222222
0 0.959375 0.144444 0.08125 0.0222222
4 0.95 0.144444 0.0625 0.0222222
2 0.9625 0.144444 0.0625 0.0666667
4 0.965625 0.144444 0.06875 0.0666667
4 0.98125 0.133333 0.025 0.0444444
2 0.990625 0.133333 0.01875 0.0444444
0 0.990625 0.133333 0.01875 0.0444444
2 0.053125 0.166667 0.10625 0.0666667
2 0.015625 0.166667 0.03125 0.0666667
2 0.021875 0.166667 0.04375 0.0666667
0 0.0625 0.155556 0.0375 0.0444444
7 0.05 0.155556 0.0625 0.0444444
2 0.11875 0.155556 0.05 0.0444444
2 0.11875 0.166667 0.075 0.0666667
7 0.13125 0.166667 0.075 0.0666667
2 0.15 0.166667 0.0875 0.0666667
6 0.1625 0.155556 0.0875 0.0444444
2 0.16875 0.155556 0.075 0.0444444
7 0.18125 0.166667 0.075 0.0222222
2 0.2125 0.177778 0.1125 0.0444444
2 0.21875 0.166667 0.1 0.0666667
2 0.25 0.166667 0.0375 0.0666667
2 0.2625 0.166667 0.1125 0.0666667
2 0.28125 0.166667 0.05 0.0666667
2 0.2875 0.155556 0.0375 0.0444444
2 0.3125 0.133333 0.0875 0.0444444
2 0.31875 0.144444 0.125 0.0666667
2 0.31875 0.155556 0.125 0.0444444
2 0.34375 0.166667 0.125 0.0666667
2 0.38125 0.155556 0.05 0.0444444
7 0.4 0.155556 0.0625 0.0444444
6 0.41875 0.133333 0.125 0.0888889
2 0.75 0.177778 0.1875 0.0444444
15 0.80625 0.166667 0.05 0.0666667
3 0.80625 0.144444 0.05 0.0666667
11 0.825 0.144444 0.0375 0.0666667
2 0.83125 0.155556 0.025 0.0444444
2 0.84375 0.144444 0.025 0.0666667
2 0.8625 0.166667 0.0375 0.0666667
0 0.86875 0.166667 0.025 0.0666667
0 0.88125 0.166667 0.025 0.0666667
0 0.90625 0.155556 0.025 0.0444444
2 0.91875 0.155556 0.025 0.0444444
2 0.95 0.155556 0.0625 0.0444444
2 0.9625 0.177778 0.0625 0.0888889
2 0.971875 0.166667 0.05625 0.0666667
2 0.96875 0.155556 0.05 0.0444444
2 0.990625 0.155556 0.01875 0.0888889
19 0.015625 0.177778 0.03125 0.0444444
19 0.040625 0.188889 0.08125 0.0666667
7 0.0625 0.177778 0.0375 0.0444444
7 0.05 0.177778 0.0625 0.0444444
2 0.13125 0.177778 0.025 0.0444444
2 0.11875 0.177778 0.05 0.0444444
2 0.11875 0.177778 0.075 0.0444444
64 0.13125 0.177778 0.075 0.0444444
6 0.15 0.177778 0.0875 0.0444444
74 0.1625 0.166667 0.0875 0.0666667
4 0.2625 0.177778 0.1125 0.0888889
2 0.25625 0.188889 0.1 0.0666667
2 0.28125 0.177778 0.075 0.0444444
2 0.30625 0.177778 0.125 0.0444444
8 0.35 0.177778 0.0625 0.0444444
8 0.35 0.177778 0.1125 0.0444444
2 0.38125 0.177778 0.05 0.0444444
7 0.38125 0.177778 0.025 0.0444444
2 0.71875 0.188889 0.125 0.0222222
2 0.73125 0.177778 0.075 0.0444444
4 0.75625 0.177778 0.1 0.0444444
3 0.75625 0.188889 0.1 0.0666667
4 0.8375 0.177778 0.1125 0.0444444
4 0.825 0.177778 0.0375 0.0444444
0 0.83125 0.188889 0.025 0.0666667
0 0.8375 0.188889 0.0375 0.0666667
2 0.85 0.2 0.0375 0.0444444
2 0.8625 0.2 0.0375 0.0444444
2 0.8875 0.177778 0.0375 0.0444444
2 0.8875 0.166667 0.0375 0.0666667
2 0.90625 0.155556 0.025 0.0444444
2 0.9125 0.166667 0.0375 0.0666667
2 0.9375 0.166667 0.0375 0.0666667
64 0.95625 0.188889 0.075 0.111111
53 0.98125 0.177778 0.025 0.0444444
4 0.990625 0.166667 0.01875 0.111111
19 0.015625 0.211111 0.03125 0.0666667
74 0.040625 0.211111 0.08125 0.0666667
2 0.125 0.2 0.0375 0.0444444
2 0.0875 0.2 0.1375 0.0444444
2 0.1 0.211111 0.1375 0.0222222
64 0.15 0.2 0.0875 0.0444444
