8 0.1875 0.0444444 0.0625 0.0888889
8 0.2 0.0555556 0.0375 0.0666667
6 0.46875 0.1 0.075 0.0666667
42 0.475 0.0777778 0.0625 0.0666667
6 0.040625 0.0888889 0.08125 0.0444444
4 0.071875 0.0666667 0.14375 0.0888889
4 0.09375 0.1 0.025 0.0222222
19 0.09375 0.1 0.025 0.0222222
4 0.10625 0.0888889 0.025 0.0444444
4 0.125 0.0888889 0.0375 0.0444444
4 0.1875 0.1 0.1375 0.0222222
6 0.40625 0.1 0.075 0.0666667
6 0.034375 0.122222 0.06875 0.0666667
6 0.034375 0.111111 0.06875 0.0444444
6 0.1375 0.111111 0.1125 0.0444444
4 0.125 0.111111 0.0625 0.0444444
4 0.175 0.111111 0.1375 0.0444444
4 0.16875 0.133333 0.15 0.0888889
25 0.1375 0.122222 0.0875 0.0666667
4 0.1 0.144444 0.1875 0.111111
4 0.11875 0.155556 0.2 0.0444444
4 0.1375 0.144444 0.1875 0.0666667
4 0.175 0.133333 0.1375 0.0444444
6 0.034375 0.155556 0.06875 0.0444444
2 0.090625 0.177778 0.18125 0.0444444
4 0.1375 0.177778 0.1375 0.0444444
2 0.1625 0.177778 0.1375 0.0444444
4 0.18125 0.177778 0.1 0.0444444
6 0.028125 0.2 0.05625 0.0444444
6 0.034375 0.188889 0.06875 0.0666667
4 0.09375 0.2 0.075 0.0444444
4 0.11875 0.188889 0.075 0.0222222
64 0.13125 0.188889 0.075 0.0666667
64 0.15625 0.188889 0.05 0.0666667
20 0.15 0.177778 0.0625 0.0444444
44 0.1625 0.188889 0.0375 0.0666667
6 0.18125 0.188889 0.075 0.0666667
8 0.028125 0.2 0.05625 0.0444444
6 0.034375 0.211111 0.06875 0.0666667
6 0.1 0.211111 0.1625 0.0666667
8 0.034375 0.222222 0.06875 0.0888889
8 0.028125 0.211111 0.05625 0.0666667
5 0.034375 0.211111 0.06875 0.0666667
6 0.39375 0.222222 0.075 0.0888889
6 0.4125 0.222222 0.0625 0.0888889
8 0.028125 0.255556 0.05625 0.0666667
8 0.053125 0.255556 0.10625 0.0666667
6 0.025 0.266667 0.0375 0.0444444
25 0.021875 0.277778 0.04375 0.0666667
6 0.021875 0.277778 0.04375 0.0666667
33 0.03125 0.288889 0.025 0.0888889
6 0.34375 0.3 0.125 0.0666667
6 0.4 0.288889 0.0875 0.0888889
6 0.50625 0.288889 0.075 0.0888889
6 0.55625 0.288889 0.125 0.0888889
4 0.78125 0.288889 0.125 0.0888889
4 0.83125 0.3 0.075 0.0666667
4 0.8625 0.3 0.0875 0.0666667
6 0.875 0.3 0.0875 0.0666667
6 0.88125 0.288889 0.075 0.0444444
6 0.8875 0.277778 0.0875 0.0666667
6 0.89375 0.3 0.1 0.0666667
6 0.91875 0.3 0.075 0.0666667
6 0.94375 0.288889 0.075 0.0888889
6 0.940625 0.288889 0.11875 0.0888889
6 0.021875 0.311111 0.04375 0.0888889
8 0.01875 0.333333 0.025 0.0444444
6 0.940625 0.344444 0.11875 0.0666667
6 0.953125 0.333333 0.09375 0.0444444
8 0.021875 0.355556 0.04375 0.0888889
8 0.01875 0.355556 0.025 0.0444444
6 0.33125 0.344444 0.125 0.0666667
8 0.015625 0.377778 0.03125 0.0444444
11 0.015625 0.455556 0.03125 0.0666667
5 0.4375 0.466667 0.0625 0.0888889
11 0.01875 0.477778 0.025 0.0666667
6 0.39375 0.488889 0.075 0.0888889
6 0.40625 0.5 0.05 0.0666667
5 0.41875 0.5 0.05 0.0666667
5 0.43125 0.488889 0.075 0.0888889
47 0.028125 0.511111 0.05625 0.0888889
11 0.021875 0.511111 0.04375 0.0444444
6 0.39375 0.511111 0.075 0.0888889
5 0.4 0.522222 0.0625 0.0666667
6 0.41875 0.511111 0.05 0.0888889
6 0.41875 0.511111 0.1 0.0888889
6 0.021875 0.533333 0.04375 0.0888889
8 0.015625 0.544444 0.03125 0.0666667
6 0.15625 0.544444 0.05 0.0666667
5 0.41875 0.533333 0.125 0.0888889
5 0.39375 0.533333 0.05 0.0444444
5 0.425 0.533333 0.0625 0.0888889
2 0.021875 0.555556 0.04375 0.0888889
8 0.015625 0.555556 0.03125 0.0444444
6 0.175 0.544444 0.0625 0.0666667
6 0.021875 0.577778 0.04375 0.0888889
9 0.015625 0.577778 0.03125 0.0444444
6 0.021875 0.811111 0.04375 0.0666667
11 0.021875 0.8 0.04375 0.0444444
6 0.021875 0.822222 0.04375 0.0444444
6 0.021875 0.833333 0.04375 0.111111
6 0.015625 0.855556 0.03125 0.0666667
5 0.021875 0.866667 0.04375 0.0888889
11 0.015625 0.877778 0.03125 0.0666667
6 0.021875 0.877778 0.04375 0.0666667
11 0.015625 0.888889 0.03125 0.0444444
21 0.7875 0.922222 0.0625 0.0666667
11 0.028125 0.988889 0.05625 0.0222222
27 0.41875 1 0.075 0
27 0.43125 1 0.075 0
15 0.4375 1 0.0625 0
27 0.4625 1 0.0625 0
44 0.475 1 0.0875 0
53 0.49375 1 0.05 0
44 0.56875 1 0.05 0
38 0.03125 0.0388889 0.0625 0.0777778
59 0.06875 0.0388889 0.1375 0.0777778
38 0.08125 0.0388889 0.1625 0.0777778
4 0.2125 0.0388889 0.05 0.0777778
59 0.2125 0.0388889 0.1 0.0777778
4 0.2125 0.0388889 0.15 0.0777778
38 0.4125 0.0388889 0.15 0.0777778
5 0.06875 0.0388889 0.1375 0.0777778
59 0.2875 0.0833333 0.1 0.166667
59 0.2875 0.0833333 0.15 0.166667
38 0.3125 0.0833333 0.15 0.166667
38 0.4 0.0833333 0.375 0.166667
38 0.4625 0.0833333 0.25 0.166667
38 0.4125 0.0833333 0.15 0.166667
38 0.75 0.0833333 0.225 0.166667
59 0.2875 0.122222 0.1 0.177778
59 0.275 0.1 0.125 0.133333
38 0.86875 0.105556 0.2625 0.211111
0 0.03125 0.144444 0.0625 0.0444444
53 0.14375 0.166667 0.2875 0.177778
53 0.275 0.144444 0.275 0.133333
59 0.3125 0.122222 0.25 0.177778
38 0.325 0.122222 0.175 0.177778
19 0.625 0.122222 0.375 0.177778
34 0.7125 0.144444 0.3 0.133333
19 0.7125 0.188889 0.35 0.133333
11 0.1625 0.255556 0.3 0.177778
38 0.125 0.233333 0.175 0.133333
29 0.2 0.233333 0.125 0.133333
57 0.45 0.233333 0.125 0.133333
34 0.675 0.233333 0.275 0.133333
57 0.7125 0.233333 0.25 0.133333
17 0.725 0.233333 0.225 0.133333
4 0.90625 0.277778 0.1875 0.222222
5 0.14375 0.277778 0.2875 0.222222
5 0.2125 0.233333 0.05 0.133333
38 0.25 0.233333 0.125 0.133333
5 0.5375 0.255556 0.25 0.177778
4 0.45 0.255556 0.125 0.177778
4 0.45 0.233333 0.175 0.133333
5 0.525 0.233333 0.375 0.133333
5 0.7125 0.233333 0.4 0.133333
4 0.7375 0.233333 0.4 0.133333
2 0.7125 0.233333 0.15 0.133333
4 0.7375 0.233333 0.15 0.133333
5 0.7625 0.255556 0.15 0.177778
5 0.7875 0.277778 0.15 0.133333
4 0.86875 0.277778 0.2625 0.133333
57 0.8875 0.277778 0.2 0.133333
54 0.2875 0.366667 0.1 0.133333
53 0.3 0.344444 0.125 0.0888889
38 0.4 0.344444 0.125 0.0888889
5 0.4125 0.344444 0.1 0.0888889
4 0.4375 0.344444 0.15 0.0888889
38 0.475 0.366667 0.125 0.133333
38 0.575 0.366667 0.225 0.133333
6 0.5875 0.366667 0.2 0.133333
4 0.625 0.366667 0.225 0.133333
6 0.7 0.366667 0.225 0.222222
5 0.7625 0.322222 0.15 0.133333
5 0.7875 0.344444 0.15 0.0888889
34 0.8875 0.344444 0.15 0.0888889
5 0.04375 0.411111 0.0875 0.133333
4 0.06875 0.411111 0.1375 0.133333
38 0.09375 0.411111 0.1875 0.133333
38 0.11875 0.388889 0.2375 0.177778
5 0.4375 0.433333 0.15 0.177778
5 0.4375 0.366667 0.2 0.133333
5 0.4625 0.388889 0.2 0.177778
4 0.55 0.388889 0.225 0.177778
5 0.5625 0.388889 0.2 0.177778
4 0.5875 0.388889 0.2 0.177778
5 0.65 0.411111 0.125 0.133333
4 0.85625 0.411111 0.2875 0.0444444
4 0.875 0.411111 0.225 0.133333
6 0.95625 0.388889 0.0875 0.0888889
4 0.13125 0.566667 0.2625 0.444444
4 0.04375 0.388889 0.0875 0.177778
5 0.04375 0.455556 0.0875 0.133333
4 0.05625 0.433333 0.1125 0.0888889
53 0.275 0.433333 0.125 0.0888889
53 0.4 0.433333 0.325 0.0888889
38 0.375 0.455556 0.125 0.222222
38 0.4 0.455556 0.125 0.222222
5 0.6 0.411111 0.225 0.222222
4 0.725 0.433333 0.075 0.0888889
4 0.75 0.433333 0.125 0.0888889
4 0.8375 0.433333 0.3 0.0888889
8 0.9125 0.477778 0.15 0.177778
0 0.01875 0.611111 0.0375 0.355556
5 0.04375 0.611111 0.0875 0.355556
5 0.15 0.5 0.125 0.133333
53 0.175 0.5 0.125 0.133333
53 0.225 0.5 0.125 0.133333
51 0.2625 0.5 0.15 0.133333
52 0.275 0.522222 0.125 0.0888889
51 0.3625 0.544444 0.35 0.133333
5 0.3875 0.477778 0.15 0.177778
5 0.6875 0.5 0.1 0.133333
4 0.8875 0.5 0.05 0.133333
4 0.8625 0.5 0.15 0.133333
4 0.16875 0.588889 0.3375 0.311111
4 0.04375 0.738889 0.0875 0.522222
29 0.04375 0.738889 0.0875 0.522222
4 0.1 0.522222 0.025 0.0888889
29 0.075 0.544444 0.075 0.133333
5 0.15 0.522222 0.125 0.0888889
53 0.25 0.566667 0.125 0.177778
29 0.5 0.544444 0.025 0.133333
4 0.475 0.544444 0.125 0.133333
4 0.5 0.544444 0.125 0.133333
4 0.525 0.544444 0.125 0.133333
34 0.7375 0.522222 0.1 0.0888889
34 0.775 0.5 0.075 0.0444444
4 0.825 0.522222 0.175 0.0888889
5 0.8375 0.5 0.15 0.133333
5 0.85 0.522222 0.175 0.0888889
5 0.875 0.5 0.125 0.133333
2 0.19375 0.544444 0.3875 0.222222
2 0.20625 0.588889 0.4125 0.133333
5 0.05625 0.588889 0.1125 0.133333
45 0.1 0.566667 0.025 0.0888889
29 0.125 0.588889 0.125 0.133333
44 0.4625 0.588889 0.05 0.133333
51 0.475 0.588889 0.125 0.133333
5 0.475 0.588889 0.125 0.133333
51 0.5 0.588889 0.125 0.133333
29 0.5625 0.588889 0.15 0.133333
45 0.6125 0.566667 0.1 0.0888889
51 0.19375 0.611111 0.3875 0.177778
5 0.04375 0.588889 0.0875 0.0444444
51 0.1125 0.611111 0.05 0.0888889
29 0.1375 0.611111 0.1 0.0888889
38 0.1375 0.633333 0.15 0.222222
54 0.2375 0.588889 0.15 0.133333
29 0.575 0.611111 0.125 0.0888889
5 0.725 0.655556 0.125 0.177778
29 0.6625 0.7 0.15 0.177778
8 0.19375 0.827778 0.3875 0.344444
4 0.20625 0.677778 0.4125 0.0444444
44 0.05625 0.7 0.1125 0.0888889
52 0.06875 0.7 0.1375 0.0888889
4 0.3375 0.677778 0.25 0.133333
5 0.4375 0.677778 0.15 0.133333
5 0.45 0.7 0.125 0.177778
5 0.4625 0.7 0.2 0.177778
0 0.6125 0.722222 0.25 0.133333
5 0.6625 0.722222 0.15 0.133333
5 0.675 0.7 0.125 0.177778
0 0.6875 0.7 0.15 0.177778
38 0.8125 0.722222 0.15 0.133333
4 0.8375 0.722222 0.15 0.133333
4 0.8625 0.722222 0.25 0.222222
34 0.04375 0.766667 0.0875 0.133333
11 0.1875 0.788889 0.2 0.177778
5 0.4875 0.744444 0.15 0.0888889
4 0.7125 0.744444 0.05 0.0888889
34 0.6875 0.766667 0.15 0.133333
34 0.7 0.744444 0.225 0.177778
4 0.825 0.766667 0.125 0.133333
4 0.93125 0.766667 0.1375 0.133333
4 0.90625 0.766667 0.1875 0.133333
4 0.9125 0.788889 0.15 0.177778
5 0.9125 0.788889 0.15 0.177778
5 0.19375 0.872222 0.3875 0.255556
4 0.04375 0.811111 0.0875 0.133333
29 0.10625 0.833333 0.2125 0.177778
34 0.1125 0.833333 0.2 0.177778
4 0.1625 0.811111 0.2 0.133333
4 0.2 0.833333 0.225 0.177778
34 0.4875 0.766667 0.05 0.0444444
34 0.5375 0.766667 0.05 0.0444444
4 0.55 0.788889 0.025 0.0888889
4 0.525 0.788889 0.125 0.0888889
8 0.6875 0.811111 0.05 0.133333
4 0.725 0.811111 0.075 0.133333
4 0.675 0.811111 0.175 0.133333
29 0.71875 0.766667 0.5625 0.0444444
2 0.91875 0.766667 0.1625 0.0444444
4 0.74375 0.766667 0.5125 0.0444444
2 0.90625 0.811111 0.1875 0.133333
2 0.9 0.811111 0.175 0.133333
38 0.9375 0.811111 0.1 0.133333
0 0.03125 0.716667 0.0625 0.566667
0 0.04375 0.855556 0.0875 0.222222
