8 0.046875 0.0555556 0.09375 0.111111
37 0.053125 0.0555556 0.10625 0.111111
8 0.14375 0.0555556 0.15 0.111111
37 0.4125 0.0555556 0.1375 0.111111
26 0.425 0.0555556 0.1375 0.111111
37 0.44375 0 0.15 0
37 0.44375 0.0555556 0.175 0.111111
65 0.45 0.0555556 0.1625 0.111111
8 0.444871 0.0555556 0.147757 0.111111
37 0.49375 0.0555556 0.175 0.111111
8 0.50625 0.0555556 0.175 0.111111
30 0.51875 0.0555556 0.175 0.111111
8 0.55 0.0555556 0.1625 0.111111
30 0.5625 0.0555556 0.1375 0.111111
30 0.6 0.0555556 0.1625 0.111111
30 0.675 0.0555556 0.2125 0.111111
8 0.6875 0.0555556 0.1625 0.111111
30 0.7 0.0555556 0.1375 0.111111
30 0.73125 0.0555556 0.15 0.111111
30 0.775 0.0555556 0.2125 0.111111
29 0.7875 0.0555556 0.1875 0.111111
8 0.81875 0 0.175 0
8 0.81875 0.0555556 0.175 0.111111
30 0.83125 0.0555556 0.175 0.111111
37 0.90625 0.0222222 0.175 0.0444444
37 0.921875 0.0111111 0.15625 0.0222222
65 0.921875 0.0555556 0.15625 0.111111
71 0.937513 0.0555556 0.112526 0.111111
64 0.984375 0.0222222 0.03125 0.0444444
15 0.040625 0.0222222 0.08125 0.0444444
15 0.046875 0.0666667 0.09375 0.133333
59 0.053125 0.0666667 0.10625 0.133333
8 0.09375 0.0666667 0.175 0.133333
8 0.4 0.0666667 0.1625 0.133333
61 0.4375 0.0666667 0.1625 0.133333
59 0.4625 0.0666667 0.1375 0.133333
61 0.475 0.0666667 0.1375 0.133333
59 0.4875 0.0666667 0.1375 0.133333
59 0.51875 0.0666667 0.15 0.133333
8 0.54375 0.0666667 0.175 0.133333
30 0.61875 0.0666667 0.175 0.133333
8 0.68125 0.0666667 0.175 0.133333
30 0.6875 0.0666667 0.1375 0.133333
61 0.73125 0.0666667 0.15 0.133333
30 0.76875 0.0666667 0.175 0.133333
8 0.8125 0.0666667 0.1875 0.133333
59 0.921875 0.0666667 0.15625 0.133333
13 0.934375 0.0444444 0.13125 0.0888889
13 0.953125 0.0333333 0.09375 0.0666667
1 0.984375 0.0333333 0.03125 0.0666666
8 0.053125 0.0777778 0.10625 0.155556
10 0.059375 0.0777778 0.11875 0.155556
59 0.071875 0.0777778 0.14375 0.155556
59 0.10625 0.0777778 0.15 0.155556
59 0.14375 0.0777778 0.175 0.155556
61 0.175 0.0777778 0.1625 0.155556
10 0.20625 0.0777778 0.15 0.155556
61 0.225 0.0777778 0.1625 0.155556
61 0.25625 0.0777778 0.175 0.155556
59 0.26875 0.0777778 0.175 0.155556
8 0.28125 0.0777778 0.175 0.155556
61 0.325 0.0777778 0.1625 0.155556
61 0.35 0.0777778 0.1625 0.155556
61 0.4 0.0777778 0.1625 0.155556
61 0.45 0.0777778 0.1625 0.155556
61 0.50625 0.0777778 0.15 0.155556
61 0.5375 0.0777778 0.1625 0.155556
59 0.55 0.0777778 0.1625 0.155556
61 0.56875 0.0777778 0.15 0.155556
61 0.63125 0.0777778 0.15 0.155556
59 0.64375 0.0777778 0.150001 0.155556
59 0.68125 0.0777778 0.175 0.155556
61 0.69375 0.0777778 0.15 0.155556
10 0.73125 0.0777778 0.15 0.155556
59 0.75625 0.0777778 0.15 0.155556
59 0.80625 0.0777778 0.175 0.155556
61 0.83125 0.0777778 0.15 0.155556
61 0.875 0.0777778 0.1375 0.155556
61 0.90625 0.0777778 0.15 0.155556
2 0.921875 0.0777778 0.15625 0.155556
13 0.934375 0.0777778 0.13125 0.155556
1 0.940625 0.0888889 0.11875 0.177778
1 0.946875 0.0444444 0.10625 0.0888889
1 0.953125 0.0333335 0.09375 0.066667
8 0.046875 0.0888889 0.09375 0.177778
30 0.053125 0.0888889 0.10625 0.177778
61 0.053125 0.0888889 0.10625 0.177778
10 0.071875 0.0888889 0.14375 0.177778
8 0.08125 0.0888889 0.15 0.177778
8 0.1125 0.0888889 0.1625 0.177778
8 0.15 0.0888889 0.1625 0.177778
10 0.1625 0.0888889 0.1625 0.177778
10 0.1875 0.0888889 0.1625 0.177778
8 0.23125 0.0888889 0.175 0.177778
8 0.2625 0.0888889 0.1625 0.177778
15 0.30625 0.0888889 0.175 0.177778
10 0.31875 0.0888889 0.15 0.177778
10 0.3625 0.0888889 0.1625 0.177778
8 0.38125 0.0888889 0.175 0.177778
10 0.4125 0.0888889 0.1625 0.177778
10 0.45625 0.0888889 0.15 0.177778
10 0.4875 0.0888889 0.1625 0.177778
10 0.525 0.0888889 0.1625 0.177778
10 0.5625 0.0888889 0.1625 0.177778
10 0.6 0.0888889 0.1625 0.177778
10 0.63125 0.0888889 0.15 0.177778
10 0.6625 0.0888889 0.1625 0.177778
10 0.7 0.0888889 0.1625 0.177778
10 0.75 0.0888889 0.1625 0.177778
10 0.78125 0.0888889 0.15 0.177778
10 0.825 0.0888889 0.1625 0.177778
10 0.8625 0.0888889 0.1375 0.177778
1 0.8875 0.0888889 0.1375 0.177778
1 0.91875 0.0888889 0.15 0.177778
2 0.959375 0.0333333 0.08125 0.0666667
3 0.046875 0.1 0.09375 0.2
8 0.053125 0.1 0.10625 0.2
10 0.053125 0.1 0.10625 0.2
3 0.14375 0.1 0.175 0.2
8 0.175 0.1 0.1625 0.2
8 0.20625 0.1 0.15 0.2
8 0.28125 0.1 0.175 0.2
8 0.31875 0.1 0.175 0.2
8 0.35625 0.1 0.15 0.2
8 0.4 0.1 0.1625 0.2
10 0.4375 0.1 0.1625 0.2
10 0.46875 0.1 0.15 0.2
10 0.5 0.1 0.1625 0.2
10 0.5375 0.1 0.1625 0.2
8 0.55 0.1 0.1625 0.2
10 0.575 0.1 0.1625 0.2
3 0.6125 0.1 0.1625 0.2
3 0.65 0.1 0.1625 0.2
3 0.68125 0.1 0.175 0.2
10 0.71875 0.1 0.175 0.2
10 0.7625 0.1 0.1625 0.2
8 0.78125 0.1 0.15 0.2
10 0.88125 0.1 0.15 0.2
2 0.928125 0.1 0.14375 0.2
59 0.934375 0.0888889 0.13125 0.177778
2 0.953125 0.0444444 0.09375 0.0888889
13 0.996871 0.0888889 0.00625877 0.0444444
8 0.040625 0.111111 0.08125 0.222222
10 0.046875 0.111111 0.09375 0.222222
3 0.053125 0.111111 0.10625 0.222222
10 0.071875 0.111111 0.14375 0.222222
8 0.075 0.111111 0.1375 0.222222
8 0.11875 0.111111 0.175 0.222222
8 0.23125 0.111111 0.175 0.222222
8 0.2625 0.111111 0.1625 0.222222
10 0.33125 0.111111 0.15 0.222222
8 0.41875 0.111111 0.175 0.222222
8 0.45625 0.111111 0.15 0.222222
8 0.49375 0.111111 0.174999 0.222222
8 0.525 0.111111 0.1625 0.222222
8 0.575 0.111111 0.1625 0.222222
8 0.70625 0.111111 0.175 0.222222
10 0.7375 0.111111 0.1625 0.222222
8 0.80625 0.111111 0.175 0.222222
10 0.81875 0.111111 0.175 0.222222
10 0.85625 0.111111 0.175 0.222222
10 0.89375 0.111111 0.15 0.222222
30 0.921875 0.1 0.15625 0.2
29 0.959375 0.0666667 0.08125 0.133333
64 0.996875 0.0888889 0.00625 0.0888889
10 0.028125 0.133333 0.05625 0.222222
10 0.040625 0.133333 0.08125 0.222222
3 0.065625 0.133333 0.13125 0.222222
8 0.071875 0.122222 0.14375 0.244444
3 0.09375 0.122222 0.15 0.244444
8 0.14375 0.122222 0.175 0.244444
8 0.18125 0.122222 0.15 0.244444
3 0.20625 0.122222 0.15 0.244444
8 0.2875 0.122222 0.1625 0.244444
8 0.31875 0.122222 0.175 0.244444
10 0.35 0.122222 0.1375 0.244444
8 0.35625 0.122222 0.15 0.244444
10 0.59375 0.122222 0.15 0.244444
8 0.60625 0.122222 0.15 0.244444
3 0.63125 0.122222 0.15 0.244444
8 0.66875 0.122222 0.15 0.244444
3 0.68125 0.122222 0.15 0.244444
3 0.71875 0.122222 0.175 0.244444
8 0.78125 0.122222 0.175 0.244444
10 0.8375 0.122222 0.1625 0.244444
16 0.921875 0.122222 0.15625 0.244444
42 0.965625 0.1 0.06875 0.0666667
54 0.990625 0.1 0.01875 0.111111
10 0.053125 0.155556 0.10625 0.222222
8 0.078125 0.155556 0.15625 0.222222
3 0.1125 0.144444 0.1625 0.244444
8 0.125 0.144444 0.1625 0.244444
8 0.1625 0.144444 0.1625 0.244444
3 0.23125 0.144444 0.175 0.244444
8 0.24375 0.144444 0.175 0.244444
8 0.3375 0.144444 0.1625 0.244444
8 0.39375 0.144444 0.175 0.244444
8 0.425 0.155556 0.1625 0.222222
8 0.45 0.144444 0.1625 0.244444
8 0.5375 0.144444 0.1625 0.244444
3 0.60625 0.144444 0.15 0.244444
8 0.71875 0.144444 0.175 0.244444
8 0.75 0.155556 0.1625 0.222222
10 0.80625 0.144444 0.175 0.244444
10 0.85625 0.144444 0.175 0.244444
10 0.8875 0.144444 0.1625 0.244444
10 0.921875 0.144444 0.15625 0.244444
10 0.028125 0.177778 0.05625 0.222222
10 0.040625 0.177778 0.08125 0.222222
8 0.053125 0.177778 0.10625 0.222222
8 0.14375 0.166667 0.175 0.244444
3 0.18125 0.166667 0.15 0.244444
8 0.26875 0.166667 0.175 0.244444
8 0.30625 0.166667 0.15 0.244444
8 0.3625 0.166667 0.1625 0.244444
8 0.475 0.166667 0.1625 0.244444
8 0.50625 0.166667 0.175 0.244444
8 0.5625 0.166667 0.1625 0.244444
8 0.59375 0.166667 0.15 0.244444
8 0.625 0.166667 0.1625 0.244444
8 0.6625 0.166667 0.1625 0.244444
3 0.68125 0.166667 0.15 0.244444
3 0.71875 0.166667 0.175 0.244444
10 0.74375 0.166667 0.175 0.244444
8 0.78125 0.166667 0.175 0.244444
10 0.83125 0.166667 0.175 0.244444
30 0.8625 0.166667 0.1625 0.244444
30 0.90625 0.166667 0.15 0.244444
30 0.928125 0.166667 0.14375 0.244444
30 0.9375 0.155556 0.1125 0.177778
37 0.953125 0.133333 0.09375 0.133333
3 0.053125 0.188889 0.10625 0.244444
8 0.0933273 0.188889 0.150845 0.244444
8 0.168742 0.188889 0.150017 0.244444
3 0.20625 0.188889 0.15 0.244444
8 0.24375 0.188889 0.175 0.244444
8 0.2875 0.188889 0.1625 0.244444
8 0.325 0.188889 0.1625 0.244444
8 0.3875 0.188889 0.1625 0.244444
3 0.4375 0.188889 0.1625 0.244444
3 0.475 0.188889 0.1625 0.244444
3 0.525 0.188889 0.1625 0.244444
3 0.5625 0.188889 0.1625 0.244444
3 0.59375 0.188889 0.15 0.244444
3 0.63125 0.188889 0.15 0.244444
3 0.6625 0.188889 0.1625 0.244444
10 0.7625 0.188889 0.1625 0.244444
8 0.80625 0.188889 0.175 0.244444
10 0.85625 0.188889 0.175 0.244444
10 0.8875 0.188889 0.1625 0.244444
3 0.9375 0.155556 0.1125 0.177778
3 0.946875 0.155556 0.10625 0.177778
8 0.046875 0.222222 0.09375 0.222222
8 0.065625 0.211111 0.13125 0.244444
3 0.065625 0.211111 0.13125 0.244444
10 0.09375 0.211111 0.15 0.244444
3 0.125 0.211111 0.1625 0.244444
8 0.1375 0.211111 0.1625 0.244444
3 0.18125 0.211111 0.15 0.244444
15 0.28125 0.211111 0.175 0.244444
10 0.2875 0.211111 0.1625 0.244444
8 0.30625 0.211111 0.15 0.244444
8 0.35625 0.211111 0.175 0.244444
8 0.40625 0.211111 0.175 0.244444
3 0.45625 0.211111 0.15 0.244444
8 0.4875 0.211111 0.1625 0.244444
3 0.68125 0.211111 0.15 0.244444
3 0.71875 0.211111 0.175 0.244444
10 0.74375 0.211111 0.175 0.244444
8 0.76875 0.211111 0.15 0.244444
3 0.7875 0.211111 0.1625 0.244444
10 0.825 0.211111 0.1625 0.244444
30 0.85625 0.211111 0.175 0.244444
3 0.89375 0.211111 0.15 0.244444
10 0.90625 0.211111 0.15 0.244444
30 0.921875 0.211111 0.15625 0.244444
30 0.946875 0.177778 0.10625 0.177778
3 0.946875 0.188889 0.10625 0.155556
6 0.046875 0.244444 0.09375 0.222222
8 0.059375 0.244444 0.11875 0.222222
3 0.08125 0.233333 0.15 0.244444
3 0.15 0.233333 0.1625 0.244444
3 0.20625 0.233333 0.15 0.244444
8 0.25625 0.233333 0.175 0.244444
30 0.2875 0.233333 0.1625 0.244444
10 0.31875 0.233333 0.15 0.244444
8 0.33125 0.233333 0.15 0.244444
8 0.38125 0.233333 0.175 0.244444
8 0.425 0.233333 0.1625 0.244444
8 0.4625 0.233333 0.1625 0.244444
3 0.48125 0.233333 0.15 0.244444
3 0.5125 0.233333 0.1625 0.244444
3 0.55 0.233333 0.1625 0.244444
3 0.58125 0.233333 0.15 0.244444
3 0.625 0.233333 0.1625 0.244444
3 0.65625 0.233333 0.175 0.244444
3 0.74375 0.233333 0.175 0.244444
10 0.7625 0.233333 0.1625 0.244444
3 0.80625 0.233333 0.175 0.244444
8 0.8125 0.233333 0.1625 0.244444
