8 0.059375 0.0111111 0.11875 0.0222222
8 0.053125 0.0111111 0.10625 0.0222222
55 0.059375 0.0222222 0.11875 0.0444444
25 0.065625 0.0222222 0.13125 0.0444444
8 0.059375 0.0222222 0.11875 0.0444444
4 0.48125 0.0222222 0.25 0.0444444
44 0.6625 0.0222222 0.1875 0.0444444
44 0.7125 0.0222222 0.1875 0.0444444
44 0.75 0.0222222 0.1875 0.0444444
60 0.946875 0.0222222 0.10625 0.0444444
44 0.996875 0.0111111 0.00625 0.0222222
60 0.046875 0.0222222 0.09375 0.0444444
60 0.059375 0.0333333 0.11875 0.0666667
60 0.0625 0.0333333 0.1125 0.0666667
47 0.3125 0.0222222 0.2125 0.0444444
47 0.66875 0.0222222 0.2 0.0444444
50 0.7125 0.0222222 0.1875 0.0444444
47 0.8 0.0222222 0.1875 0.0444444
47 0.8625 0.0222222 0.1875 0.0444444
47 0.9 0.0222222 0.1875 0.0444444
47 0.921875 0.0222222 0.15625 0.0444444
50 0.946875 0.0333333 0.10625 0.0666667
50 0.946875 0.0444444 0.10625 0.0888889
60 0.26875 0.0555556 0.15 0.111111
55 0.275 0.0555556 0.1625 0.111111
55 0.33125 0.0333333 0.1 0.0666667
55 0.3375 0.0555556 0.0875 0.111111
59 0.34375 0.0555556 0.1 0.111111
60 0.36875 0.0555556 0.1 0.111111
60 0.45625 0.0444444 0.175 0.0888889
3 0.50625 0.0555556 0.05 0.0222222
10 0.5375 0.0444444 0.0875 0.0444444
60 0.55625 0.0333333 0.05 0.0666667
4 0.55625 0.0333333 0.075 0.0666667
60 0.575 0.0333333 0.0625 0.0666667
10 0.575 0.0444444 0.0625 0.0444444
10 0.5875 0.0333333 0.0375 0.0666667
45 0.64375 0.0333333 0.15 0.0666667
49 0.65625 0.0555556 0.1 0.0666667
4 0.6375 0.0555556 0.1625 0.0666667
4 0.66875 0.0555556 0.125 0.0666667
6 0.6875 0.0444444 0.1625 0.0444444
6 0.6625 0.0555556 0.2125 0.0666667
47 0.6875 0.0555556 0.1125 0.0666667
47 0.7125 0.0444444 0.0875 0.0444444
50 0.7125 0.0555556 0.1125 0.0666667
8 0.80625 0.0333333 0.075 0.0666667
8 0.8125 0.0333333 0.0125 0.0666667
60 0.93125 0.0333333 0.05 0.0666667
60 0.13125 0.0777778 0.2 0.111111
59 0.11875 0.0666667 0.225 0.133333
59 0.13125 0.0888889 0.225 0.177778
59 0.19375 0.0555556 0.125 0.0666667
55 0.24375 0.0666667 0.125 0.0888889
55 0.23125 0.0555556 0.15 0.111111
55 0.24375 0.0444444 0.15 0.0888889
55 0.24375 0.0666667 0.175 0.133333
59 0.24375 0.0666667 0.125 0.133333
60 0.25625 0.0666667 0.15 0.133333
60 0.36875 0.0666667 0.15 0.133333
60 0.4375 0.0666667 0.1625 0.133333
49 0.4875 0.0444444 0.0875 0.0888889
50 0.525 0.0555556 0.0625 0.0666667
50 0.5125 0.0666667 0.0375 0.0888889
49 0.53125 0.0666667 0.075 0.0888889
60 0.5375 0.0555556 0.1125 0.0666667
4 0.5375 0.0555556 0.1625 0.0666667
49 0.54375 0.0444444 0.175 0.0888889
4 0.5875 0.0555556 0.0875 0.0666667
49 0.6 0.0555556 0.1125 0.0222222
50 0.65625 0.0555556 0.125 0.0222222
16 0.6375 0.0444444 0.1375 0.0888889
3 0.6625 0.0555556 0.0875 0.0666667
3 0.6 0.0555556 0.2125 0.0666667
18 0.625 0.0555556 0.2125 0.0666667
8 0.66875 0.0555556 0.125 0.0666667
2 0.675 0.0555556 0.1375 0.0666667
2 0.69375 0.0666667 0.15 0.0444444
47 0.7 0.0666667 0.1375 0.0888889
60 0.7875 0.0888889 0.1875 0.177778
60 0.8 0.0666667 0.1875 0.133333
3 0.79375 0.0888889 0.075 0.177778
8 0.80625 0.0444444 0.025 0.0888889
55 0.915625 0.0444444 0.16875 0.0888889
60 0.928125 0.0555556 0.14375 0.0666667
60 0.953125 0.0777778 0.09375 0.111111
60 0.953125 0.0888889 0.09375 0.0888889
60 0.040625 0.111111 0.08125 0.222222
60 0.45 0.1 0.1875 0.2
60 0.59375 0.111111 0.1 0.0444444
60 0.65 0.1 0.1375 0.0666667
60 0.65625 0.111111 0.15 0.222222
49 0.69375 0.0555556 0.05 0.111111
20 0.7 0.1 0.0375 0.0222222
49 0.7375 0.0777778 0.1125 0.0666667
49 0.75625 0.0888889 0.1 0.0444444
50 0.71875 0.0888889 0 0.0444444
55 0.74375 0.0777778 0.05 0.155556
55 0.80625 0.0777778 0.05 0.155556
8 0.81875 0.0888889 0.05 0.133333
55 0.9 0.0666667 0.1125 0.0888889
60 0.934375 0.1 0.13125 0.111111
60 0.953125 0.111111 0.09375 0.133333
60 0.065625 0.0888889 0.13125 0.177778
60 0.71875 0.0888889 0.175 0.0888889
55 0.6875 0.1 0.0875 0.0666667
60 0.78125 0.1 0.15 0.155556
8 0.83125 0.111111 0.05 0.0444444
44 0.953125 0.133333 0.09375 0.177778
55 0.78125 0.188889 0.15 0.111111
44 0.946875 0.166667 0.10625 0.0222222
49 0.4 0.233333 0.0375 0.0666667
60 0.80625 0.188889 0.075 0.111111
60 0.7875 0.2 0.1375 0.133333
60 0.8375 0.2 0.0625 0.133333
12 0.8625 0.211111 0.0125 0.0222222
10 0.86875 0.211111 0 0.0222222
10 0.88125 0.211111 0 0.0222222
55 0.85625 0.222222 0.1 0.0888889
60 0.940625 0.222222 0.11875 0.0888889
4 0.915625 0.211111 0.16875 0.0222222
16 0.990625 0.222222 0.01875 0.0444444
8 0.065625 0.244444 0.13125 0.0888889
60 0.059375 0.244444 0.11875 0.0888889
10 0.9125 0.222222 0.0375 0.133333
60 0.940625 0.244444 0.11875 0.133333
60 0.975 0.233333 0.0125 0.0222222
8 0.059375 0.244444 0.11875 0.0888889
12 0.91875 0.244444 0.05 0.0888889
16 0.990625 0.233333 0.01875 0.0666667
17 0.990625 0.244444 0.01875 0.0888889
4 0.5625 0.266667 0.1625 0.177778
17 0.990625 0.277778 0.01875 0.0666667
17 0.990625 0.288889 0.01875 0.0444444
44 0.325 0.333333 0.1375 0.0888889
44 0.34375 0.344444 0.15 0.0666667
35 0.953125 0.3 0.09375 0.111111
35 0.990625 0.322222 0.01875 0.111111
60 0.7625 0.433333 0.1375 0.111111
55 0.80625 0.433333 0.075 0.0666667
78 0.78125 0.444444 0.075 0.0888889
78 0.7875 0.433333 0.0625 0.0666667
35 0.990625 0.4 0.01875 0.0888889
44 0.54375 0.466667 0.15 0.0444444
60 0.45625 0.477778 0.15 0.0666667
60 0.4625 0.488889 0.1625 0.0444444
30 0.48125 0.477778 0.125 0.0666667
6 0.49375 0.477778 0.15 0.0666667
4 0.48125 0.477778 0.2 0.0666667
4 0.525 0.477778 0.1375 0.0666667
6 0.56875 0.466667 0.175 0.0444444
35 0.990625 0.433333 0.01875 0.111111
8 0.065625 0.477778 0.13125 0.155556
4 0.15625 0.533333 0.175 0.133333
4 0.13125 0.5 0.2 0.0222222
6 0.2375 0.522222 0.1625 0.155556
4 0.28125 0.5 0.15 0.0666667
4 0.44375 0.5 0.15 0.0666667
6 0.45625 0.5 0.15 0.0666667
44 0.45625 0.488889 0.15 0.0444444
44 0.49375 0.488889 0.15 0.0444444
6 0.525 0.488889 0.1375 0.0444444
4 0.53125 0.488889 0.125 0.0444444
44 0.55625 0.488889 0.175 0.0444444
44 0.54375 0.5 0.125 0.0222222
44 0.58125 0.5 0.175 0.0222222
60 0.940625 0.5 0.11875 0.111111
8 0.059375 0.5 0.11875 0.155556
4 0.15 0.511111 0.1625 0.0444444
4 0.15625 0.522222 0.15 0.0222222
60 0.43125 0.511111 0.225 0.0444444
44 0.50625 0.522222 0.075 0.0222222
44 0.5625 0.511111 0.1875 0.0444444
60 0.921875 0.477778 0.15625 0.288889
4 0.15625 0.566667 0.175 0.155556
4 0.24375 0.533333 0.175 0.0444444
4 0.2375 0.533333 0.2125 0
60 0.74375 0.544444 0.175 0.155556
8 0.021875 0.566667 0.04375 0.111111
60 0.74375 0.533333 0.15 0.222222
60 0.7625 0.588889 0.1375 0.111111
60 0.80625 0.577778 0.075 0.133333
55 0.80625 0.588889 0.125 0.111111
16 0.85 0.588889 0.1875 0.111111
50 0.85 0.588889 0.2375 0.111111
8 0.25 0.688889 0.1875 0.0444444
8 0.25 0.688889 0.1125 0.0444444
6 0.24375 0.688889 0.125 0.0444444
6 0.2625 0.677778 0.1375 0.0222222
4 0.28125 0.688889 0.1 0.0444444
4 0.3 0.677778 0.1375 0.0222222
6 0.36875 0.677778 0.175 0.0222222
6 0.35625 0.677778 0.1 0.0222222
30 0.375 0.677778 0.1125 0.0222222
8 0.40625 0.655556 0.275 0.155556
8 0.45625 0.666667 0.175 0.0444444
44 0.4625 0.688889 0.2125 0.0444444
44 0.4875 0.677778 0.1375 0.0222222
30 0.50625 0.677778 0.15 0.0222222
44 0.5 0.688889 0.1875 0.0444444
8 0.059375 0.677778 0.11875 0.155556
8 0.059375 0.7 0.11875 0.2
8 0.046875 0.677778 0.09375 0.244444
8 0.071875 0.644444 0.14375 0.222222
8 0.078125 0.677778 0.15625 0.155556
3 0.125 0.688889 0.0875 0.0444444
44 0.103125 0.711111 0.20625 0.0888889
44 0.109375 0.677778 0.21875 0.155556
8 0.11875 0.711111 0.125 0.0888889
8 0.14375 0.688889 0.1 0.0444444
6 0.15625 0.7 0.1 0.0222222
4 0.16875 0.7 0.125 0.0222222
4 0.19375 0.7 0.15 0.0666667
4 0.225 0.7 0.1375 0.0666667
4 0.25 0.7 0.1375 0.0666667
4 0.2875 0.7 0.1125 0.0666667
6 0.3 0.688889 0.1375 0.0444444
44 0.3375 0.688889 0.1375 0.0444444
44 0.3375 0.7 0.1125 0.0222222
44 0.4375 0.7 0.1375 0.111111
44 0.43125 0.711111 0.225 0.133333
44 0.5 0.688889 0.0375 0.0444444
44 0.48125 0.688889 0.125 0.0444444
34 0.20625 0.733333 0.15 0.0444444
44 0.325 0.733333 0.1375 0.0444444
60 0.41875 0.677778 0.2 0.2
8 0.6625 0.677778 0.1375 0.2
6 0.125 0.744444 0.2125 0.0666667
4 0.1375 0.744444 0.2125 0.0666667
6 0.18125 0.744444 0.15 0.0666667
4 0.1625 0.755556 0.2125 0.0888889
4 0.20625 0.744444 0.15 0.0666667
4 0.24375 0.744444 0.15 0.0666667
4 0.28125 0.744444 0.15 0.0666667
4 0.3 0.733333 0.1375 0.0444444
5 0.325 0.733333 0.1625 0.0444444
6 0.3375 0.733333 0.1625 0.0444444
4 0.1625 0.744444 0.1375 0.0666667
6 0.19375 0.755556 0.15 0.0888889
4 0.30625 0.788889 0.225 0.0666667
5 0.13125 0.833333 0.225 0.155556
4 0.1375 0.8 0.2125 0.0444444
4 0.21875 0.8 0.075 0.0444444
4 0.16875 0.811111 0.225 0.0666667
4 0.18125 0.8 0.225 0.0444444
4 0.225 0.8 0.2375 0.0444444
4 0.25 0.811111 0.2125 0.0666667
4 0.29375 0.8 0.225 0.0888889
60 0.725 0.844444 0.1625 0.133333
60 0.74375 0.833333 0.125 0.155556
6 0.103125 0.888889 0.20625 0.0888889
6 0.1125 0.877778 0.2125 0.0666667
44 0.1375 0.877778 0.2125 0.0666667
4 0.19375 0.877778 0.2 0.0666667
33 0.225 0.877778 0.2125 0.0666667
44 0.3375 0.877778 0.2625 0.0666667
44 0.34375 0.866667 0.225 0.0444444
8 0.6 0.888889 0.1125 0.133333
8 0.6 0.866667 0.1125 0.0888889
44 0.1375 0.9 0.2125 0.0222222
8 0.60625 0.844444 0.1 0.222222
8 0.6125 0.9 0.0875 0.155556
8 0.71875 0.922222 0.1 0.155556
3 0.73125 0.922222 0.1 0.155556
12 0.75625 0.911111 0.1 0.177778
8 0.71875 0.877778 0.1 0.244444
3 0.7125 0.922222 0.0625 0.155556
3 0.725 0.911111 0.0625 0.133333
8 0.7 0.866667 0.0625 0.222222
3 0.7125 0.933333 0.0625 0.0888889
3 0.725 0.866667 0.0625 0.222222
3 0.7375 0.855556 0.0625 0.2
60 0.053125 0.944444 0.10625 0.111111
59 0.059375 0.944444 0.11875 0.111111
60 0.2125 0.944444 0.1375 0.111111
4 0.43125 0.955556 0.15 0.0888889
4 0.4375 0.966667 0.1375 0.0666667
60 0.69375 0.933333 0.175 0.0888889
3 0.69375 0.933333 0.05 0.0888889
1 0.70625 0.933333 0.05 0.0888889
1 0.75625 0.877778 0.125 0.244444
3 0.76875 0.877778 0.125 0.244444
26 0.73125 0.955556 0.125 0.0888889
3 0.7625 0.955556 0.1625 0.0888889
3 0.78125 0.977778 0.125 0.0444444
60 0.8 0.966667 0.1375 0.0666667
60 0.80625 0.966667 0.15 0.0666667
60 0.8 0.966667 0.0875 0.0666667
14 0.15625 1 0.125 0
9 0.19375 1 0.125 0
60 0.74375 1 0.075 0
15 0.83125 1 0.175 0
16 0.85 1 0.1625 0
12 0.8625 1 0.1625 0
59 0.86875 1 0.175 0
2 0.959375 1 0.08125 0
2 0.959375 0.988889 0.08125 0.0222222
77 0.08125 0.172222 0.1625 0.344444
18 0.04375 0.172222 0.0875 0.344444
11 0.2875 0.0388889 0.4 0.0777778
