69 0.361965 0.0221914 0.101082 0.0443829
69 0.414301 0.011064 0.0319279 0.0221279
69 0.473652 0.0076141 0.135155 0.0152282
75 0.377716 0.0222222 0.115689 0.0444444
75 0.393799 0.0219823 0.0500984 0.0439646
75 0.407057 0.0159 0.0264951 0.0318
75 0.418136 0.00946677 0.025662 0.0189335
75 0.575138 0.0221696 0.0351215 0.0443391
70 0.580794 0.0221438 0.0211772 0.0442876
70 0.578054 0.0223563 0.0509209 0.0447126
60 0.629961 0.033757 0.0461262 0.067514
60 0.641515 0.0333511 0.0453466 0.0667021
69 0.740774 0.0218263 0.0435511 0.0436527
75 0.589875 0.0345061 0.0161191 0.06426
69 0.622358 0.0337399 0.0094258 0.0654396
39 0.631831 0.0333379 0.00130768 0.0666542
43 0.102822 0.0442105 0.00690725 0.0448654
43 0.122146 0.0333315 0.0108907 0.0666267
69 0.467877 0.0777298 0.0198933 0.0665855
66 0.479509 0.0883473 0.0258569 0.088021
66 0.483902 0.107748 0.0445654 0.140027
43 0.587861 0.0666214 0.0365742 0.0887982
43 0.617517 0.0554661 0.0276301 0.110932
69 0.631851 0.0536759 0.0237333 0.107352
26 0.10463 0.0796772 0.020572 0.157138
43 0.169075 0.0925509 0.0242805 0.0815591
69 0.206926 0.088924 0.0507102 0.0888142
69 0.222799 0.0660909 0.0913665 0.132182
69 0.236927 0.0666673 0.0863522 0.133335
69 0.456425 0.112488 0.0308279 0.152526
66 0.467883 0.123545 0.0232574 0.158307
68 0.48076 0.12587 0.024431 0.19246
69 0.493745 0.121151 0.0250103 0.187553
69 0.74701 0.104133 0.0433372 0.165567
43 0.202206 0.0999786 0.0572291 0.111067
66 0.22506 0.0770775 0.0626106 0.154143
69 0.232909 0.0778642 0.0533166 0.155379
69 0.293825 0.121591 0.0247802 0.201257
69 0.456001 0.122396 0.0466772 0.199653
69 0.462184 0.132082 0.0366093 0.180279
69 0.477252 0.125957 0.0322639 0.192532
69 0.720572 0.0981832 0.0536051 0.15771
69 0.864223 0.111454 0.033902 0.0881959
69 0.888345 0.127441 0.0356827 0.21735
69 0.0609916 0.155519 0.0411387 0.222216
43 0.100078 0.144445 0.0370128 0.244443
43 0.118749 0.144496 0.0249995 0.244347
43 0.131311 0.146127 0.0248755 0.241078
26 0.14985 0.122222 0.0122001 0.0666667
43 0.152419 0.133322 0.0156365 0.0889116
43 0.162501 0.120611 0.0124987 0.114333
69 0.231278 0.111141 0.0500568 0.133394
39 0.262902 0.15014 0.0391538 0.233055
39 0.281011 0.15548 0.0244713 0.222369
43 0.106982 0.16668 0.0234867 0.244447
43 0.131379 0.166667 0.0493764 0.244445
24 0.149992 0.170672 0.0124841 0.235961
26 0.156551 0.133342 0.0219503 0.133317
26 0.162501 0.133289 0.0124992 0.133422
69 0.255011 0.166287 0.0475221 0.243686
69 0.267488 0.166482 0.0714499 0.244093
26 0.310233 0.143546 0.057962 0.199094
43 0.119688 0.177911 0.0231247 0.222363
43 0.125106 0.184535 0.0376185 0.239808
26 0.149849 0.133778 0.0127927 0.134092
26 0.170039 0.145991 0.0222635 0.152462
26 0.18125 0.155556 0.0249995 0.133332
60 0.223794 0.140859 0.0649034 0.148377
69 0.234239 0.145213 0.0559763 0.157104
43 0.143656 0.166063 0.024793 0.0678733
26 0.162279 0.157714 0.0128174 0.137661
26 0.174592 0.156045 0.0134163 0.134327
60 0.188922 0.155587 0.03942 0.133233
69 0.218854 0.147749 0.0749255 0.148575
24 0.504096 0.197354 0.0706917 0.394709
43 0.158411 0.182302 0.0206757 0.173637
43 0.18125 0.177757 0.0249993 0.133291
43 0.199957 0.155061 0.0373938 0.134345
69 0.387542 0.184652 0.0875924 0.34297
69 0.402797 0.185971 0.0812226 0.339226
3 0.504324 0.210286 0.0711487 0.420572
26 0.50625 0.181658 0.0500006 0.30409
26 0.517226 0.344749 0.053013 0.245054
26 0.528082 0.333387 0.0436035 0.222114
59 0.138036 0.355567 0.038492 0.266645
26 0.357915 0.310945 0.0526945 0.354306
26 0.381804 0.367752 0.0760572 0.205093
26 0.406245 0.276687 0.074989 0.381244
59 0.412549 0.283162 0.062599 0.382395
28 0.206254 0.399999 0.0500033 0.222221
26 0.274866 0.362729 0.0872292 0.163462
26 0.29934 0.36663 0.0611807 0.111194
26 0.4005 0.383547 0.0635007 0.23376
26 0.193753 0.399707 0.0249949 0.221633
60 0.20625 0.4 0.05 0.222223
2 0.294669 0.377782 0.0492756 0.177744
2 0.312494 0.411091 0.0375115 0.244401
54 0.412514 0.42475 0.0624723 0.271718
54 0.425 0.384637 0.0625004 0.333976
26 0.438149 0.411037 0.063798 0.244596
26 0.456338 0.4 0.0746033 0.266667
26 0.481254 0.4 0.0499849 0.266666
60 0.512603 0.33404 0.0622934 0.398587
3 0.518608 0.38889 0.0502836 0.244446
2 0.785789 0.388866 0.0293257 0.244399
2 0.0365665 0.376427 0.0393671 0.44633
26 0.193961 0.411249 0.0254002 0.155833
59 0.3 0.395757 0.0375001 0.169291
2 0.337843 0.366304 0.0631931 0.378499
54 0.42609 0.444832 0.0603102 0.221449
3 0.437037 0.422783 0.0615749 0.265546
26 0.456595 0.411213 0.0506841 0.244461
24 0.462078 0.421698 0.0608774 0.22348
3 0.474986 0.420251 0.0375418 0.228423
26 0.487074 0.422221 0.0383522 0.266664
2 0.50631 0.422628 0.0500179 0.265854
3 0.668749 0.42204 0.0499982 0.26676
2 0.782237 0.433248 0.0294489 0.199788
2 0.0337128 0.444289 0.0450745 0.266355
2 0.136648 0.377796 0.0642046 0.399963
26 0.206311 0.460332 0.0501996 0.244605
26 0.431271 0.444476 0.0500085 0.222284
26 0.456419 0.408138 0.0496628 0.161506
2 0.475063 0.444418 0.0376251 0.22217
3 0.523442 0.444529 0.0343754 0.266423
2 0.631246 0.455937 0.0499914 0.243678
60 0.649336 0.455408 0.0388288 0.242863
16 0.78125 0.456092 0.0249996 0.243368
2 0.871056 0.387847 0.0545647 0.404803
54 0.890167 0.466689 0.0571484 0.222267
11 0.131269 0.39307 0.0749615 0.369633
12 0.137493 0.45933 0.0624867 0.251993
2 0.202564 0.477778 0.0572811 0.244445
60 0.349999 0.401535 0.0625025 0.363736
54 0.439973 0.456451 0.0674438 0.246235
28 0.60625 0.488887 0.075 0.222226
57 0.612548 0.488889 0.0874048 0.222222
3 0.625752 0.477823 0.0640068 0.244354
2 0.640092 0.466606 0.0571182 0.266543
60 0.662556 0.466677 0.0373882 0.222224
49 0.781108 0.477779 0.0252847 0.244446
3 0.856257 0.400312 0.0749853 0.399377
2 0.863113 0.477627 0.0636227 0.244747
2 0.875065 0.477777 0.0625984 0.244445
2 0.137494 0.484312 0.0624751 0.257511
2 0.181255 0.489169 0.0500093 0.266108
2 0.193796 0.499274 0.0500935 0.245897
60 0.398995 0.495144 0.0603951 0.254157
3 0.418748 0.488889 0.049997 0.266667
3 0.475176 0.494389 0.037148 0.257098
59 0.499896 0.427889 0.0622927 0.391178
28 0.618687 0.5 0.0751131 0.244444
3 0.630273 0.5 0.0519543 0.244444
2 0.631253 0.499996 0.0499981 0.244469
60 0.650031 0.428392 0.037562 0.120991
26 0.700001 0.456736 0.0375023 0.331057
26 0.728064 0.422709 0.0686929 0.399034
1 0.731239 0.422048 0.0749779 0.400351
26 0.74375 0.488892 0.075 0.266661
2 0.761734 0.488888 0.0639068 0.266665
57 0.781405 0.478124 0.0492182 0.245137
26 0.805833 0.421721 0.0492378 0.224165
3 0.806944 0.479501 0.0507772 0.203512
1 0.819264 0.413168 0.0735155 0.418127
2 0.174986 0.544444 0.0624704 0.2
3 0.197695 0.529509 0.0577687 0.229871
54 0.693692 0.456107 0.0498442 0.376675
24 0.756239 0.511655 0.0750011 0.272148
67 0.955974 0.523745 0.0744476 0.0942064
28 0.0218752 0.467004 0.0437503 0.395303
2 0.11249 0.544447 0.0374783 0.244439
60 0.162502 0.55554 0.0624981 0.222192
3 0.171156 0.555537 0.0548117 0.222186
3 0.187495 0.555462 0.0375095 0.22239
2 0.662498 0.476778 0.0375017 0.379778
3 0.694027 0.476246 0.0494326 0.380653
2 0.100071 0.555557 0.0624694 0.266664
2 0.125 0.53213 0.0624998 0.313517
2 0.50625 0.521266 0.0499996 0.335097
2 0.662485 0.533953 0.0374775 0.268752
45 0.954337 0.53333 0.0719028 0.13334
2 0.709181 0.577961 0.0691324 0.267034
12 0.721148 0.525927 0.0559612 0.370901
26 0.724859 0.484232 0.0622177 0.320425
12 0.806315 0.511224 0.0751299 0.39977
12 0.824967 0.521399 0.0624336 0.376161
16 0.631351 0.482575 0.049798 0.267788
2 0.806252 0.533326 0.0750025 0.399986
10 0.626802 0.555516 0.0588951 0.133254
16 0.637524 0.555555 0.0374844 0.133333
2 0.80616 0.576143 0.0622948 0.358826
2 0.837499 0.556153 0.0874981 0.398805
10 0.628586 0.580333 0.0553135 0.138443
16 0.644095 0.586043 0.0262226 0.149863
69 0.896168 0.68425 0.0701643 0.320388
65 0.0346612 0.711105 0.0693225 0.133322
65 0.0529732 0.7 0.105946 0.111111
2 0.80625 0.655011 0.05 0.28998
26 0.0625017 0.786166 0.037503 0.15011
28 0.712454 0.777676 0.0874039 0.266845
28 0.116327 0.828613 0.169328 0.101727
9 0.287501 0.805511 0.0625028 0.123867
69 0.0449009 0.821811 0.0260255 0.0882989
40 0.0512204 0.812199 0.0364415 0.113228
69 0.0639924 0.919894 0.0594503 0.11561
9 0.176317 0.888883 0.0150019 0.0444609
9 0.193167 0.866817 0.00233178 0.0444848
49 0.227264 0.877768 0.0667605 0.0666475
45 0.730731 0.845083 0.0990199 0.13461
69 0.731853 0.854281 0.1012 0.153007
9 0.175817 0.9 0.0141767 0.0666667
6 0.76875 0.927234 0.0750013 0.145532
61 0.746684 0.966705 0.0950239 0.0665892
61 0.756447 0.983762 0.100458 0.032476
29 0.210392 0.01666 0.245785 0.0333201
29 0.324972 0.0204954 0.374945 0.0409908
29 0.375 0.0168349 0.175 0.0336698
11 0.374517 0.0166667 0.126245 0.0333333
29 0.519422 0.0166666 0.236468 0.0333332
11 0.710349 0.0230177 0.154302 0.0460354
29 0.724949 0.0166666 0.075102 0.0333332
29 0.86875 0.0165445 0.262499 0.033089
29 0.88125 0.0166667 0.2375 0.0333335
0 0.675161 0.0833323 0.124674 0.166665
51 0.775003 0.193936 0.0750045 0.387871
51 0.894606 0.0416316 0.210788 0.0832633
29 0.04375 0.194446 0.0875 0.388891
29 0.452228 0.0830709 0.278858 0.166142
29 0.474999 0.0833322 0.275011 0.166664
29 0.424646 0.0810047 0.125707 0.162009
29 0.549832 0.0617684 0.275212 0.123537
29 0.687499 0.0635416 0.0999975 0.127083
29 0.138369 0.116124 0.0516619 0.107958
49 0.200064 0.116663 0.124868 0.100011
29 0.275 0.141953 0.0749997 0.227197
29 0.299804 0.114589 0.124609 0.227739
29 0.388697 0.105183 0.197606 0.210366
29 0.371636 0.0998995 0.118112 0.199799
29 0.450655 0.0833333 0.0741521 0.166667
25 0.475 0.0833333 0.125 0.166667
29 0.48749 0.099997 0.150021 0.133327
29 0.745921 0.222933 0.116842 0.445865
29 0.787355 0.232896 0.100289 0.399404
29 0.8125 0.254852 0.0999996 0.354646
29 0.840326 0.232383 0.0556515 0.398102
29 0.0437509 0.267425 0.0875019 0.53485
29 0.0437689 0.233482 0.0875377 0.466965
29 0.05625 0.211045 0.1125 0.266536
29 0.374803 0.15 0.125395 0.299999
29 0.549311 0.20944 0.273627 0.352213
29 0.498415 0.189388 0.128171 0.312109
29 0.5375 0.255556 0.1 0.444445
29 0.774996 0.150436 0.174992 0.299834
29 0.0557582 0.274976 0.109409 0.494398
29 0.0562705 0.222697 0.112541 0.378728
29 0.0685688 0.233172 0.137138 0.222541
29 0.351098 0.194444 0.227197 0.388889
29 0.3875 0.247198 0.1 0.494395
29 0.415262 0.172523 0.155318 0.345046
29 0.43754 0.172239 0.0999206 0.344478
29 0.4875 0.172222 0.0999994 0.344445
29 0.525014 0.172222 0.0750286 0.344444
29 0.612436 0.255579 0.149872 0.444398
51 0.650473 0.238889 0.224055 0.477778
51 0.725388 0.277909 0.0757719 0.400296
29 0.775 0.292158 0.175 0.428766
41 0.919814 0.233285 0.160373 0.311014
29 0.920104 0.232179 0.159791 0.308153
29 0.01875 0.212654 0.0375 0.352458
29 0.0812472 0.233338 0.162494 0.311102
29 0.299982 0.233333 0.0750351 0.311111
29 0.369606 0.233333 0.235752 0.311111
29 0.337453 0.300035 0.149905 0.444375
29 0.450066 0.211452 0.124869 0.356236
29 0.574996 0.261111 0.0749916 0.522222
27 0.6 0.344444 0.125 0.355556
29 0.6 0.32411 0.125 0.307337
52 0.60739 0.300632 0.110231 0.265403
51 0.775013 0.3 0.174974 0.444445
41 0.849992 0.34449 0.12498 0.355659
29 0.8625 0.322214 0.0999992 0.400017
29 0.912541 0.321719 0.149919 0.398993
52 0.931247 0.255556 0.137507 0.266667
29 0.386841 0.322222 0.151318 0.4
29 0.387524 0.322222 0.0999529 0.4
29 0.450166 0.3 0.225331 0.444445
29 0.475 0.278609 0.125 0.401662
29 0.500004 0.233648 0.0749911 0.222968
29 0.612499 0.363949 0.100001 0.316546
51 0.774711 0.344438 0.0744211 0.444456
51 0.843417 0.351681 0.111789 0.370029
51 0.852647 0.322222 0.0799271 0.4
29 0.874945 0.344141 0.0751102 0.355963
51 0.920061 0.299997 0.117917 0.355561
29 0.96875 0.362135 0.0625 0.320175
29 0.0437722 0.327765 0.0875444 0.655529
29 0.0947187 0.450651 0.135563 0.409347
29 0.407068 0.388889 0.139136 0.444445
52 0.5375 0.344445 0.1 0.444444
29 0.605239 0.424194 0.0854786 0.248389
