29 0.078125 0 0.15625 0
21 0.125 0 0.0875 0
21 0.10625 0 0.175 0
21 0.15625 0 0.1 0
21 0.175 0 0.1125 0
52 0.128125 0 0.25625 0
52 0.1875 0.0222222 0.1875 0.0444444
47 0.2 0 0.1875 0
21 0.20625 0 0.2 0
21 0.24375 0 0.175 0
21 0.29375 0 0.1 0
21 0.325 0 0.1125 0
21 0.34375 0 0.1 0
21 0.375 0 0.1125 0
46 0.3375 0 0.1875 0
46 0.34375 0.0111111 0.2 0.0222222
44 0.35625 0.0111111 0.2 0.0222222
44 0.375 0 0.1875 0
44 0.4 0.0111111 0.1875 0.0222222
44 0.4125 0 0.1875 0
44 0.44375 0.0111111 0.175 0.0222222
43 0.45625 0.0111111 0.175 0.0222222
44 0.49375 0.0111111 0.175 0.0222222
44 0.50625 0 0.175 0
47 0.51875 0 0.175 0
21 0.53125 0 0.175 0
21 0.5875 0 0.0875 0
21 0.60625 0 0.1 0
21 0.63125 0 0.1 0
52 0.63125 0.0111111 0.15 0.0222222
44 0.63125 0 0.15 0
42 0.65625 0 0.175 0
44 0.7125 0 0.1125 0
44 0.68125 0.0111111 0.2 0.0222222
43 0.71875 0.0111111 0.175 0.0222222
34 0.73125 0.0111111 0.175 0.0222222
6 0.74375 0.0222222 0.175 0.0444444
34 0.775 0.0111111 0.1875 0.0222222
29 0.8 0.0111111 0.1875 0.0222222
43 0.825 0.0111111 0.1875 0.0222222
44 0.8375 0.0111111 0.1875 0.0222222
29 0.875 0.0111111 0.1875 0.0222222
6 0.915625 0.0111111 0.16875 0.0222222
4 0.934375 0.0111111 0.13125 0.0222222
6 0.946875 0.0111111 0.10625 0.0222222
6 0.953125 0.0111111 0.09375 0.0222222
26 0.959375 0 0.08125 0
29 0.065625 0.0222222 0.13125 0.0444444
44 0.078125 0.0222222 0.15625 0.0444444
43 0.0875 0.0333333 0.1625 0.0666667
29 0.11875 0.0333333 0.175 0.0666667
29 0.13125 0.0222222 0.175 0.0444444
29 0.14375 0.0111111 0.175 0.0222222
44 0.19375 0.0111111 0.1 0.0222222
43 0.20625 0.0111111 0.1 0.0222222
42 0.1875 0.0111111 0.1625 0.0222222
42 0.1875 0.0222222 0.1625 0.0444444
29 0.19375 0.0222222 0.15 0.0444444
29 0.23125 0.0333333 0.15 0.0666667
42 0.24375 0.0222222 0.175 0.0444444
42 0.25625 0.0333333 0.175 0.0666667
44 0.26875 0.0333333 0.175 0.0666667
42 0.3125 0.0222222 0.1625 0.0444444
43 0.33125 0.0222222 0.175 0.0444444
43 0.35625 0.0111111 0.175 0.0222222
42 0.36875 0.0222222 0.175 0.0444444
43 0.38125 0.0222222 0.175 0.0444444
29 0.41875 0.0222222 0.15 0.0444444
42 0.43125 0.0222222 0.15 0.0444444
42 0.46875 0.0222222 0.175 0.0444444
43 0.48125 0.0222222 0.175 0.0444444
29 0.49375 0.0222222 0.175 0.0444444
43 0.51875 0.0222222 0.175 0.0444444
42 0.53125 0.0222222 0.175 0.0444444
42 0.55625 0.0333333 0.175 0.0666667
43 0.56875 0.0333333 0.175 0.0666667
43 0.6 0.0333333 0.1625 0.0666667
43 0.60625 0.0222222 0.15 0.0444444
34 0.61875 0.0222222 0.15 0.0444444
42 0.65625 0.0222222 0.175 0.0444444
43 0.675 0.0222222 0.1875 0.0444444
29 0.70625 0.0222222 0.15 0.0444444
34 0.725 0.0222222 0.1625 0.0444444
42 0.73125 0.0222222 0.175 0.0444444
43 0.75625 0.0222222 0.175 0.0444444
42 0.76875 0.0222222 0.175 0.0444444
43 0.7875 0.0222222 0.1625 0.0444444
29 0.79375 0.0222222 0.175 0.0444444
43 0.825 0.0222222 0.1625 0.0444444
43 0.85625 0.0222222 0.175 0.0444444
42 0.89375 0.0222222 0.175 0.0444444
42 0.915625 0.0111111 0.16875 0.0222222
42 0.928125 0.0222222 0.14375 0.0444444
29 0.934375 0.0222222 0.13125 0.0444444
25 0.940625 0.0222222 0.11875 0.0444444
19 0.946875 0.0222222 0.10625 0.0444444
29 0.953125 0.0222222 0.09375 0.0444444
21 0.959375 0.0111111 0.08125 0.0222222
21 0.034375 0.0333333 0.06875 0.0666667
47 0.034375 0.0222222 0.06875 0.0444444
44 0.059375 0.0333333 0.11875 0.0666667
43 0.059375 0.0333333 0.11875 0.0666667
42 0.0875 0.0333333 0.1375 0.0666667
34 0.1 0.0333333 0.1375 0.0666667
3 0.125 0.0333333 0.1375 0.0666667
42 0.15625 0.0333333 0.175 0.0666667
43 0.16875 0.0333333 0.175 0.0666667
3 0.18125 0.0333333 0.15 0.0666667
3 0.2125 0.0333333 0.1375 0.0666667
43 0.24375 0.0444444 0.175 0.0444444
43 0.26875 0.0333333 0.175 0.0666667
29 0.2875 0.0333333 0.1875 0.0666667
43 0.3125 0.0333333 0.1625 0.0666667
43 0.34375 0.0333333 0.175 0.0666667
42 0.375 0.0333333 0.1625 0.0666667
29 0.4 0.0333333 0.1375 0.0666667
29 0.425 0.0333333 0.1375 0.0666667
43 0.45 0.0333333 0.1625 0.0666667
29 0.4625 0.0333333 0.1375 0.0666667
29 0.4875 0.0333333 0.1375 0.0666667
29 0.51875 0.0333333 0.15 0.0666667
43 0.5375 0.0333333 0.1625 0.0666667
8 0.575 0.0333333 0.1625 0.0666667
29 0.5875 0.0333333 0.1375 0.0666667
29 0.6125 0.0333333 0.1375 0.0666667
43 0.63125 0.0333333 0.15 0.0666667
43 0.66875 0.0333333 0.175 0.0666667
8 0.68125 0.0333333 0.175 0.0666667
29 0.7 0.0333333 0.1625 0.0666667
42 0.69375 0.0333333 0.125 0.0666667
43 0.7 0.0333333 0.1375 0.0666667
44 0.71875 0.0333333 0.15 0.0666667
44 0.75625 0.0333333 0.175 0.0666667
43 0.775 0.0333333 0.1625 0.0666667
29 0.775 0.0333333 0.1375 0.0666667
43 0.80625 0.0333333 0.175 0.0666667
43 0.85625 0.0333333 0.175 0.0666667
44 0.88125 0.0333333 0.175 0.0666667
44 0.915625 0.0333333 0.16875 0.0666667
49 0.934375 0.0333333 0.13125 0.0666667
47 0.940625 0.0333333 0.11875 0.0666667
19 0.946875 0.0222222 0.10625 0.0444444
3 0.953125 0.0333333 0.09375 0.0666667
16 0.959375 0.0222222 0.08125 0.0444444
47 0.053125 0.0444444 0.10625 0.0888889
55 0.034375 0.0444444 0.06875 0.0444444
44 0.5875 0.0444444 0.1625 0.0444444
44 0.5875 0.0333333 0.1375 0.0666667
44 0.79375 0.0555556 0.175 0.0666667
44 0.8 0.0444444 0.1625 0.0444444
50 0.93125 0.0333333 0.125 0.0666667
47 0.940625 0.0444444 0.11875 0.0444444
3 0.94375 0.0555556 0.1 0.0666667
49 0.95 0.0555556 0.0875 0.0666667
21 0.959375 0.0666667 0.08125 0.0444444
29 0.053125 0.0555556 0.10625 0.111111
64 0.5875 0.0666667 0.1375 0.0444444
50 0.7875 0.0666667 0.1875 0.0444444
60 0.94375 0.0666667 0.1 0.0444444
29 0.053125 0.0777778 0.10625 0.111111
60 0.1875 0.0777778 0.1625 0.0666667
60 0.26875 0.0777778 0.175 0.0666667
60 0.28125 0.0888889 0.175 0.0444444
9 0.48125 0.0777778 0.175 0.0666667
64 0.5875 0.0777778 0.1875 0.0666667
60 0.94375 0.0888889 0.1 0.0444444
60 0.953125 0.0777778 0.09375 0.0666667
60 0.090625 0.0888889 0.18125 0.0888889
60 0.13125 0.0888889 0.175 0.0888889
60 0.175 0.0888889 0.1875 0.0888889
59 0.19375 0.0888889 0.175 0.0888889
2 0.2 0.0888889 0.1625 0.0888889
2 0.28125 0.1 0.175 0.0666667
9 0.38125 0.111111 0.175 0.0444444
9 0.375 0.1 0.1375 0.0666667
9 0.39375 0.0888889 0.125 0.0888889
9 0.45 0.0888889 0.1875 0.0888889
9 0.4875 0.0888889 0.1875 0.0888889
60 0.053125 0.122222 0.10625 0.111111
60 0.053125 0.1 0.10625 0.111111
60 0.075 0.1 0.1125 0.111111
60 0.1 0.1 0.1375 0.111111
49 0.1375 0.1 0.1875 0.111111
60 0.15625 0.1 0.175 0.111111
60 0.2125 0.1 0.1125 0.111111
47 0.23125 0.1 0.125 0.111111
47 0.21875 0.133333 0.075 0.0444444
47 0.2625 0.133333 0.1125 0.0444444
47 0.26875 0.111111 0.1 0.0888889
44 0.28125 0.133333 0.1 0.0444444
43 0.2875 0.133333 0.1125 0.0444444
43 0.28125 0.155556 0.175 0.0444444
13 0.29375 0.144444 0.175 0.0222222
3 0.325 0.144444 0.1125 0.0222222
71 0.36875 0.144444 0.1 0.0222222
71 0.35 0.133333 0.1625 0.0444444
9 0.36875 0.144444 0.175 0.0666667
9 0.39375 0.111111 0.175 0.0888889
9 0.425 0.111111 0.1625 0.0888889
9 0.475 0.111111 0.1875 0.0888889
2 0.5 0.111111 0.1625 0.0888889
60 0.13125 0.155556 0.2 0.0444444
44 0.16875 0.166667 0.175 0.0666667
44 0.18125 0.155556 0.175 0.0888889
43 0.2 0.166667 0.1875 0.0666667
43 0.24375 0.166667 0.15 0.0666667
8 0.2625 0.166667 0.1875 0.0666667
13 0.29375 0.166667 0.175 0.0666667
71 0.35 0.155556 0.1625 0.0444444
71 0.375 0.166667 0.1875 0.0666667
71 0.4625 0.144444 0.1875 0.111111
43 0.4875 0.144444 0.1875 0.111111
2 0.5 0.133333 0.1875 0.0888889
44 0.675 0.144444 0.1875 0.111111
3 0.69375 0.155556 0.175 0.0444444
71 0.75625 0.144444 0.175 0.111111
60 0.946875 0.133333 0.10625 0.0888889
50 0.21875 0.177778 0.2 0.0888889
44 0.2625 0.166667 0.1875 0.0666667
43 0.475 0.188889 0.1875 0.0666667
43 0.4875 0.166667 0.1875 0.0666667
44 0.69375 0.188889 0.175 0.0666667
59 0.940625 0.177778 0.11875 0.0444444
60 0.959375 0.155556 0.08125 0.0888889
60 0.15625 0.2 0.175 0.0888889
64 0.28125 0.211111 0.175 0.0222222
64 0.3125 0.2 0.1125 0.0444444
43 0.69375 0.211111 0.175 0.0666667
50 0.775 0.211111 0.1875 0.0666667
43 0.83125 0.211111 0.15 0.0666667
60 0.940625 0.188889 0.11875 0.111111
60 0.953125 0.177778 0.09375 0.0888889
20 0.053125 0.211111 0.10625 0.111111
44 0.15 0.233333 0.1875 0.111111
44 0.175 0.233333 0.1625 0.0222222
46 0.16875 0.233333 0.175 0.0222222
50 0.2375 0.222222 0.1375 0.0444444
67 0.25625 0.222222 0.175 0.0444444
64 0.26875 0.222222 0.175 0.0444444
2 0.29375 0.222222 0.15 0.0444444
64 0.325 0.222222 0.1375 0.0444444
50 0.38125 0.222222 0.15 0.0444444
43 0.70625 0.222222 0.175 0.0444444
60 0.953125 0.2 0.09375 0.0888889
19 0.053125 0.244444 0.10625 0.133333
19 0.0375 0.233333 0.0375 0.0666667
43 0.14375 0.255556 0.2 0.0666667
44 0.18125 0.255556 0.15 0.0666667
43 0.16875 0.266667 0.175 0.0444444
43 0.2125 0.266667 0.1875 0.0444444
43 0.24375 0.266667 0.15 0.0444444
43 0.26875 0.255556 0.15 0.0222222
43 0.28125 0.266667 0.15 0.0444444
29 0.29375 0.255556 0.15 0.0222222
43 0.325 0.255556 0.1375 0.0222222
43 0.35625 0.266667 0.15 0.0444444
43 0.375 0.255556 0.1875 0.0666667
42 0.375 0.266667 0.1625 0.0444444
43 0.39375 0.266667 0.15 0.0444444
43 0.44375 0.266667 0.175 0.0444444
43 0.4625 0.255556 0.1875 0.0666667
50 0.6375 0.255556 0.1625 0.0666667
43 0.675 0.255556 0.1625 0.0666667
8 0.69375 0.255556 0.175 0.0666667
3 0.70625 0.244444 0.175 0.0444444
50 0.7875 0.266667 0.1875 0.0444444
50 0.80625 0.255556 0.15 0.0222222
19 0.0375 0.255556 0.0375 0.111111
44 0.14375 0.277778 0.2 0.0666667
44 0.16875 0.288889 0.175 0.0444444
43 0.2125 0.288889 0.1875 0.0444444
43 0.21875 0.277778 0.175 0.0666667
43 0.24375 0.288889 0.15 0.0444444
43 0.275 0.288889 0.1375 0.0444444
2 0.29375 0.288889 0.15 0.0444444
2 0.30625 0.277778 0.15 0.0666667
2 0.3375 0.266667 0.1625 0.0444444
67 0.34375 0.277778 0.15 0.0666667
2 0.375 0.266667 0.1875 0.0444444
64 0.4625 0.266667 0.1875 0.0444444
43 0.63125 0.277778 0.15 0.0666667
43 0.66875 0.277778 0.175 0.0666667
43 0.70625 0.266667 0.175 0.0444444
60 0.940625 0.266667 0.11875 0.0444444
60 0.953125 0.255556 0.09375 0.0666667
19 0.0375 0.277778 0.0375 0.111111
64 0.1625 0.288889 0.1875 0.0444444
67 0.21875 0.288889 0.175 0.0444444
64 0.2375 0.288889 0.1625 0.0444444
2 0.25625 0.288889 0.175 0.0444444
64 0.275 0.288889 0.1375 0.0444444
2 0.34375 0.288889 0.175 0.0444444
64 0.34375 0.288889 0.15 0.0444444
2 0.3875 0.288889 0.1375 0.0444444
64 0.4375 0.288889 0.1625 0.0444444
64 0.46875 0.288889 0.175 0.0444444
64 0.50625 0.277778 0.175 0.0666667
50 0.68125 0.277778 0.175 0.0666667
50 0.70625 0.288889 0.175 0.0444444
60 0.940625 0.266667 0.11875 0.0888889
