2 0.028125 0.0111111 0.05625 0.0222222
2 0.034375 0.0222222 0.06875 0.0444444
2 0.090625 0.0222222 0.18125 0.0444444
4 0.121875 0 0.24375 0
4 0.128125 0.0111111 0.25625 0.0222222
4 0.1375 0 0.2625 0
6 0.075 0 0.1125 0
2 0.09375 0.0222222 0.075 0.0444444
2 0.14375 0.0222222 0.175 0.0444444
2 0.10625 0.0222222 0.1 0.0444444
4 0.1625 0.0222222 0.1875 0.0444444
21 0.15 0.0111111 0.1375 0.0222222
3 0.15 0 0.1125 0
3 0.175 0 0.0875 0
8 0.18125 0 0.075 0
4 0.1875 0.0111111 0.0875 0.0222222
4 0.15625 0.0111111 0.15 0.0222222
4 0.2875 0.0111111 0.2625 0.0222222
4 0.2625 0.0222222 0.1875 0.0444444
4 0.26875 0.0111111 0.05 0.0222222
35 0.325 0 0.0125 0
3 0.30625 0.0111111 0.15 0.0222222
35 0.375 0.0111111 0.1625 0.0222222
3 0.38125 0.0111111 0.125 0.0222222
3 0.4375 0 0.0375 0
11 0.4625 0.0111111 0.0375 0.0222222
55 0.4625 0.0111111 0.1625 0.0222222
55 0.48125 0.0222222 0.175 0.0444444
11 0.49375 0.0222222 0.175 0.0444444
4 0.53125 0.0222222 0.175 0.0444444
10 0.54375 0.0222222 0.175 0.0444444
3 0.5625 0.0222222 0.1625 0.0444444
3 0.54375 0.0222222 0.1 0.0444444
10 0.58125 0.0111111 0.05 0.0222222
2 0.575 0.0111111 0.0875 0.0222222
2 0.5875 0.0222222 0.0875 0.0444444
2 0.6 0.0222222 0.0875 0.0444444
2 0.65625 0.0222222 0.175 0.0444444
8 0.7125 0.0222222 0.2625 0.0444444
10 0.64375 0.0222222 0.1 0.0444444
11 0.69375 0.0222222 0.175 0.0444444
11 0.73125 0.0222222 0.175 0.0444444
35 0.7625 0.0222222 0.1875 0.0444444
8 0.775 0.0222222 0.1875 0.0444444
2 0.7625 0.0222222 0.1375 0.0444444
2 0.80625 0.0222222 0.175 0.0444444
4 0.8125 0.0111111 0.1375 0.0222222
4 0.8375 0.0111111 0.1375 0.0222222
4 0.8875 0.0111111 0.1375 0.0222222
4 0.94375 0.0222222 0.1 0.0444444
2 0.946875 0.0222222 0.10625 0.0444444
2 0.946875 0.0111111 0.10625 0.0222222
2 0.021875 0.0222222 0.04375 0.0444444
2 0.021875 0.0111111 0.04375 0.0222222
2 0.034375 0.0222222 0.06875 0.0444444
2 0.034375 0.0111111 0.06875 0.0222222
4 0.05 0.0222222 0.0875 0.0444444
2 0.06875 0.0111111 0.1 0.0222222
2 0.0875 0.0222222 0.0875 0.0444444
4 0.10625 0.0222222 0.1 0.0444444
50 0.13125 0.0333333 0.125 0.0666667
22 0.15 0.0111111 0.1375 0.0222222
60 0.1875 0.0111111 0.0375 0.0222222
6 0.175 0.0222222 0.0875 0.0444444
2 0.1875 0.0222222 0.0875 0.0444444
2 0.2125 0.0222222 0.1125 0.0444444
4 0.21875 0.0333333 0.1 0.0666667
4 0.25625 0.0111111 0.025 0.0222222
20 0.28125 0.0111111 0.025 0.0222222
18 0.2875 0.0111111 0.0375 0.0222222
20 0.28125 0.0333333 0.075 0.0666667
22 0.2875 0.0222222 0.0875 0.0444444
22 0.31875 0.0222222 0.025 0.0444444
60 0.3375 0.0222222 0.0375 0.0444444
4 0.33125 0.0222222 0.075 0.0444444
4 0.35625 0.0222222 0.1 0.0444444
4 0.38125 0.0222222 0.1 0.0444444
2 0.4125 0.0222222 0.0875 0.0444444
4 0.43125 0.0222222 0.1 0.0444444
4 0.45625 0.0222222 0.1 0.0444444
2 0.46875 0.0222222 0.1 0.0444444
2 0.49375 0.0222222 0.1 0.0444444
4 0.5 0.0222222 0.0875 0.0444444
4 0.51875 0.0222222 0.1 0.0444444
2 0.5375 0.0222222 0.0875 0.0444444
2 0.55625 0.0222222 0.1 0.0444444
2 0.5875 0.0222222 0.0875 0.0444444
2 0.60625 0.0222222 0.1 0.0444444
2 0.63125 0.0222222 0.1 0.0444444
2 0.65625 0.0333333 0.1 0.0666667
4 0.6625 0.0222222 0.0875 0.0444444
50 0.675 0.0222222 0.0875 0.0444444
50 0.6875 0.0333333 0.0875 0.0666667
22 0.74375 0.0222222 0.125 0.0444444
4 0.78125 0.0222222 0.075 0.0444444
2 0.79375 0.0222222 0.075 0.0444444
2 0.7875 0.0222222 0.1125 0.0444444
2 0.81875 0.0222222 0.125 0.0444444
4 0.84375 0.0222222 0.125 0.0444444
22 0.85625 0.0222222 0.125 0.0444444
22 0.88125 0.0222222 0.125 0.0444444
2 0.9375 0.0111111 0.1125 0.0222222
2 0.021875 0.0333333 0.04375 0.0666667
2 0.034375 0.0333333 0.06875 0.0666667
2 0.0625 0.0222222 0.0625 0.0444444
4 0.05625 0.0444444 0.075 0.0888889
4 0.05625 0.0333333 0.1 0.0666667
2 0.06875 0.0333333 0.1 0.0666667
2 0.08125 0.0555556 0.1 0.0666667
2 0.09375 0.0444444 0.1 0.0888889
2 0.10625 0.0555556 0.1 0.0666667
2 0.13125 0.0555556 0.125 0.0666667
19 0.15 0.0555556 0.1375 0.0666667
20 0.175 0.0444444 0.0625 0.0444444
2 0.18125 0.0555556 0.075 0.0666667
2 0.1875 0.0333333 0.0875 0.0666667
2 0.2 0.0444444 0.0875 0.0888889
2 0.21875 0.0333333 0.1 0.0666667
2 0.25 0.0333333 0.0375 0.0666667
19 0.28125 0.0333333 0.075 0.0666667
2 0.2875 0.0333333 0.0625 0.0666667
2 0.31875 0.0444444 0.05 0.0444444
2 0.325 0.0444444 0.0875 0.0888889
2 0.36875 0.0444444 0.175 0.0888889
2 0.39375 0.0333333 0.175 0.0666667
2 0.41875 0.0444444 0.175 0.0888889
2 0.41875 0.0444444 0.1 0.0888889
2 0.44375 0.0444444 0.1 0.0888889
2 0.50625 0.0444444 0.175 0.0888889
2 0.48125 0.0444444 0.1 0.0888889
2 0.50625 0.0444444 0.1 0.0888889
2 0.53125 0.0444444 0.1 0.0888889
2 0.55625 0.0444444 0.1 0.0888889
2 0.58125 0.0444444 0.1 0.0888889
2 0.60625 0.0444444 0.1 0.0888889
2 0.63125 0.0444444 0.1 0.0888889
2 0.70625 0.0444444 0.175 0.0888889
2 0.71875 0.0333333 0.175 0.0666667
47 0.73125 0.0444444 0.175 0.0444444
50 0.75625 0.0444444 0.175 0.0444444
2 0.76875 0.0444444 0.175 0.0444444
2 0.75 0.0444444 0.1125 0.0444444
2 0.7625 0.0333333 0.1125 0.0666667
2 0.80625 0.0333333 0.175 0.0666667
2 0.7875 0.0333333 0.1125 0.0666667
2 0.8125 0.0333333 0.1125 0.0666667
2 0.85625 0.0222222 0.175 0.0444444
2 0.86875 0.0333333 0.175 0.0666667
8 0.9 0.0333333 0.1875 0.0666667
2 0.053125 0.0444444 0.10625 0.0888889
2 0.021875 0.0555556 0.04375 0.0666667
2 0.034375 0.0555556 0.06875 0.0222222
2 0.05625 0.0666667 0.05 0.0444444
2 0.05625 0.0666667 0.075 0.0444444
2 0.08125 0.0666667 0.1 0.0444444
2 0.10625 0.0666667 0.125 0.0444444
2 0.1375 0.0666667 0.1125 0.0444444
2 0.18125 0.0666667 0.075 0.0444444
2 0.1875 0.0666667 0.1125 0.0444444
54 0.2375 0.0666667 0.0375 0.0444444
54 0.25625 0.0666667 0.025 0.0444444
8 0.275 0.0666667 0.0625 0.0444444
8 0.2875 0.0666667 0.1125 0.0444444
2 0.31875 0.0666667 0.1 0.0444444
6 0.3375 0.0666667 0.1125 0.0444444
4 0.38125 0.0666667 0.175 0.0444444
6 0.39375 0.0666667 0.175 0.0444444
4 0.375 0.0666667 0.1125 0.0444444
4 0.4 0.0666667 0.1125 0.0444444
4 0.41875 0.0666667 0.1 0.0444444
4 0.45 0.0666667 0.1125 0.0444444
2 0.45625 0.0666667 0.1 0.0444444
2 0.48125 0.0666667 0.1 0.0444444
2 0.50625 0.0666667 0.1 0.0444444
2 0.53125 0.0666667 0.1 0.0444444
2 0.55625 0.0666667 0.1 0.0444444
2 0.58125 0.0666667 0.1 0.0444444
2 0.60625 0.0666667 0.1 0.0444444
2 0.63125 0.0666667 0.1 0.0444444
2 0.65625 0.0666667 0.1 0.0444444
2 0.675 0.0666667 0.0875 0.0444444
2 0.73125 0.0666667 0.175 0.0444444
6 0.7125 0.0666667 0.1125 0.0444444
50 0.73125 0.0666667 0.125 0.0444444
6 0.74375 0.0666667 0.125 0.0444444
4 0.75 0.0666667 0.1125 0.0444444
4 0.775 0.0666667 0.1125 0.0444444
4 0.7875 0.0555556 0.1125 0.0666667
2 0.83125 0.0555556 0.175 0.0666667
2 0.8125 0.0555556 0.1125 0.0666667
2 0.83125 0.0666667 0.125 0.0444444
29 0.8875 0.0666667 0.1125 0.0444444
4 0.94375 0.0555556 0.075 0.0222222
13 0.9125 0.0666667 0.0875 0.0444444
29 0.925 0.0666667 0.0875 0.0444444
4 0.9375 0.0777778 0.0875 0.0666667
2 0.053125 0.0777778 0.10625 0.0666667
2 0.021875 0.0666667 0.04375 0.0444444
2 0.034375 0.0777778 0.06875 0.0666667
2 0.075 0.0777778 0.1125 0.0666667
2 0.0875 0.0888889 0.1125 0.0444444
2 0.13125 0.0888889 0.175 0.0444444
2 0.1125 0.0888889 0.1125 0.0444444
2 0.15625 0.0777778 0.175 0.0666667
2 0.1375 0.0777778 0.1125 0.0666667
2 0.14375 0.0888889 0.1 0.0444444
2 0.1625 0.0888889 0.1125 0.0444444
2 0.175 0.0777778 0.1125 0.0666667
2 0.1875 0.0888889 0.1125 0.0444444
4 0.2375 0.0777778 0.1875 0.0666667
22 0.25 0.0777778 0.1875 0.0666667
8 0.25625 0.0777778 0.175 0.0666667
8 0.25 0.0888889 0.1125 0.0444444
8 0.2875 0.0888889 0.1625 0.0444444
8 0.26875 0.0888889 0.1 0.0444444
8 0.3125 0.0777778 0.1625 0.0666667
8 0.2875 0.0888889 0.1125 0.0444444
4 0.3125 0.0888889 0.1125 0.0444444
4 0.3375 0.0888889 0.1125 0.0444444
4 0.38125 0.0888889 0.175 0.0444444
6 0.35625 0.0888889 0.1 0.0444444
4 0.375 0.0888889 0.1125 0.0444444
4 0.4 0.0888889 0.1125 0.0444444
4 0.41875 0.0888889 0.1 0.0444444
4 0.4375 0.0888889 0.1125 0.0444444
2 0.4625 0.0888889 0.1125 0.0444444
2 0.48125 0.0888889 0.1 0.0444444
2 0.50625 0.0777778 0.1 0.0666667
2 0.53125 0.0888889 0.1 0.0444444
2 0.55625 0.0888889 0.1 0.0444444
2 0.58125 0.0888889 0.1 0.0444444
2 0.60625 0.0888889 0.1 0.0444444
2 0.63125 0.0777778 0.1 0.0666667
2 0.65625 0.0777778 0.1 0.0666667
2 0.68125 0.0777778 0.1 0.0666667
2 0.73125 0.0777778 0.175 0.0666667
2 0.70625 0.0777778 0.1 0.0666667
2 0.73125 0.0777778 0.1 0.0666667
2 0.75 0.0777778 0.1125 0.0666667
4 0.75625 0.0888889 0.1 0.0444444
4 0.78125 0.0888889 0.125 0.0444444
4 0.775 0.0888889 0.0875 0.0444444
50 0.79375 0.0888889 0.1 0.0444444
43 0.8125 0.0777778 0.1125 0.0222222
43 0.85625 0.0888889 0.075 0.0444444
47 0.86875 0.0777778 0.075 0.0666667
47 0.8625 0.0777778 0.1125 0.0666667
2 0.88125 0.0666667 0.1 0.0444444
2 0.8875 0.0777778 0.1125 0.0666667
2 0.90625 0.0666667 0.125 0.0444444
50 0.94375 0.0777778 0.1 0.0666667
4 0.959375 0.0777778 0.08125 0.0666667
2 0.028125 0.1 0.05625 0.0666667
2 0.021875 0.0888889 0.04375 0.0444444
2 0.05 0.0888889 0.0625 0.0888889
2 0.05625 0.0888889 0.1 0.0888889
2 0.075 0.1 0.1125 0.0666667
2 0.1 0.1 0.1125 0.0666667
2 0.125 0.1 0.1125 0.0666667
2 0.14375 0.1 0.1 0.0666667
2 0.1625 0.1 0.1125 0.0666667
2 0.1875 0.1 0.1125 0.0666667
2 0.2375 0.1 0.1875 0.0666667
4 0.24375 0.111111 0.175 0.0444444
50 0.225 0.111111 0.1125 0.0444444
4 0.275 0.111111 0.0625 0.0444444
4 0.2875 0.111111 0.0625 0.0444444
4 0.28125 0.1 0.1 0.0666667
2 0.325 0.0888889 0.1125 0.0444444
4 0.35625 0.0888889 0.1 0.0444444
4 0.375 0.1 0.1125 0.0666667
4 0.4 0.1 0.1125 0.0666667
4 0.41875 0.1 0.1 0.0666667
4 0.4375 0.1 0.1125 0.0666667
4 0.45625 0.1 0.1 0.0666667
2 0.475 0.1 0.1125 0.0666667
2 0.49375 0.1 0.1 0.0666667
4 0.50625 0.1 0.1 0.0666667
2 0.525 0.1 0.1125 0.0666667
2 0.54375 0.1 0.1 0.0666667
2 0.56875 0.1 0.1 0.0666667
2 0.59375 0.1 0.1 0.0666667
2 0.61875 0.1 0.1 0.0666667
2 0.64375 0.111111 0.1 0.0888889
2 0.66875 0.111111 0.1 0.0888889
2 0.73125 0.111111 0.175 0.0888889
2 0.7125 0.1 0.1125 0.0666667
4 0.73125 0.1 0.1 0.0666667
2 0.76875 0.1 0.125 0.0666667
4 0.775 0.1 0.1125 0.0666667
4 0.78125 0.1 0.1 0.0222222
50 0.79375 0.1 0.1 0.0222222
50 0.81875 0.1 0.125 0.0222222
47 0.85625 0.0888889 0.075 0.0444444
47 0.875 0.0888889 0.0625 0.0444444
4 0.875 0.0888889 0.0625 0.0444444
2 0.90625 0.0888889 0.125 0.0888889
2 0.9125 0.0777778 0.1125 0.0666667
2 0.925 0.0888889 0.1125 0.0444444
2 0.93125 0.0777778 0.1 0.0666667
