11 0.953125 0.0222222 0.09375 0.0444444
11 0.046875 0.0222222 0.09375 0.0444444
11 0.60625 0.0111111 0.125 0.0222222
6 0.946875 0.0222222 0.10625 0.0444444
11 0.021875 0.0222222 0.04375 0.0444444
51 0.990625 0.0444444 0.01875 0.0444444
6 0.021875 0.0444444 0.04375 0.0888889
11 0.015625 0.0333333 0.03125 0.0666667
10 0.33125 0.0444444 0.05 0.0444444
10 0.34375 0.0444444 0.05 0.0444444
21 0.35 0.0444444 0.0375 0.0444444
21 0.3625 0.0444444 0.0125 0.0444444
21 0.4 0.0444444 0.0625 0.0444444
55 0.40625 0.0444444 0.075 0.0444444
50 0.425 0.0444444 0.0625 0.0444444
10 0.43125 0.0444444 0.075 0.0444444
10 0.44375 0.0444444 0.05 0.0444444
21 0.4625 0.0444444 0.0625 0.0444444
11 0.5 0.0444444 0.0625 0.0444444
21 0.5 0.0444444 0.0625 0.0444444
10 0.51875 0.0444444 0.05 0.0444444
43 0.953125 0.0666667 0.09375 0.0444444
11 0.015625 0.0555556 0.03125 0.0666667
6 0.09375 0.0777778 0.175 0.0666667
6 0.13125 0.0777778 0.175 0.0666667
43 0.1375 0.0888889 0.1625 0.0888889
43 0.15 0.0777778 0.1625 0.0666667
43 0.1625 0.1 0.1875 0.0666667
43 0.1875 0.0888889 0.1625 0.0444444
43 0.2125 0.0777778 0.1625 0.0666667
43 0.28125 0.0777778 0.15 0.0666667
6 0.3 0.0777778 0.1875 0.0666667
21 0.35 0.0666667 0.1375 0.0444444
43 0.38125 0.0777778 0.15 0.0666667
43 0.946875 0.0777778 0.10625 0.0666667
8 0.959375 0.0666667 0.08125 0.0444444
11 0.028125 0.1 0.05625 0.0666667
43 0.2125 0.111111 0.1625 0.0444444
44 0.41875 0.111111 0.175 0.0444444
29 0.95625 0.0888889 0.075 0.0444444
44 0.39375 0.133333 0.125 0.0444444
8 0.60625 0.133333 0.125 0.0444444
8 0.6625 0.133333 0.1875 0.0444444
6 0.021875 0.166667 0.04375 0.0666667
11 0.01875 0.166667 0.025 0.0666667
21 0.13125 0.155556 0.025 0.0444444
11 0.65 0.155556 0.0375 0.0444444
11 0.65625 0.155556 0.025 0.0444444
11 0.66875 0.155556 0.025 0.0444444
44 0.68125 0.155556 0.025 0.0444444
11 0.66875 0.155556 0.075 0.0444444
2 0.015625 0.177778 0.03125 0.0888889
6 0.015625 0.188889 0.03125 0.0666667
25 0.021875 0.177778 0.04375 0.0888889
60 0.05 0.177778 0.0875 0.0444444
60 0.075 0.177778 0.0875 0.0444444
2 0.021875 0.188889 0.04375 0.0666667
6 0.015625 0.211111 0.03125 0.0666667
6 0.021875 0.222222 0.04375 0.0888889
6 0.01875 0.211111 0.025 0.0666667
44 0.4875 0.244444 0.1375 0.0444444
44 0.5125 0.244444 0.1125 0.0444444
11 0.015625 0.244444 0.03125 0.0444444
44 0.60625 0.244444 0.125 0.0444444
44 0.63125 0.233333 0.1 0.0666667
11 0.6625 0.244444 0.0375 0.0444444
11 0.021875 0.255556 0.04375 0.0666667
11 0.015625 0.266667 0.03125 0.0444444
11 0.015625 0.288889 0.03125 0.0444444
9 0.021875 0.311111 0.04375 0.0444444
9 0.021875 0.322222 0.04375 0.0666667
9 0.015625 0.355556 0.03125 0.0444444
25 0.7375 0.366667 0.2125 0.0666667
21 0.7125 0.366667 0.1375 0.0666667
44 0.74375 0.366667 0.075 0.0666667
11 0.021875 0.377778 0.04375 0.0444444
44 0.68125 0.388889 0.125 0.0666667
43 0.7125 0.377778 0.1875 0.0888889
21 0.725 0.377778 0.1625 0.0888889
25 0.71875 0.388889 0.125 0.0666667
44 0.76875 0.388889 0.125 0.0666667
44 0.73125 0.411111 0.1 0.0666667
6 0.5 0.433333 0.1125 0.0666667
11 0.021875 0.455556 0.04375 0.0666667
44 0.38125 0.5 0.125 0.0666667
44 0.3875 0.488889 0.1125 0.0444444
44 0.38125 0.511111 0.1 0.0444444
9 0.028125 0.666667 0.05625 0.0888889
9 0.028125 0.666667 0.05625 0.0444444
11 0.021875 0.777778 0.04375 0.0888889
8 0.021875 0.8 0.04375 0.0444444
44 0.075 0.8 0.1125 0.0444444
44 0.2625 0.8 0.0625 0.0444444
44 0.55 0.788889 0.0875 0.0222222
44 0.56875 0.788889 0.1 0.0222222
44 0.59375 0.788889 0.125 0.0222222
6 0.021875 0.822222 0.04375 0.0444444
6 0.021875 0.844444 0.04375 0.0444444
11 0.021875 0.844444 0.04375 0.0444444
11 0.053125 0.855556 0.10625 0.0666667
23 0.034375 0.855556 0.06875 0.0666667
19 0.053125 0.877778 0.10625 0.0666667
11 0.034375 0.877778 0.06875 0.0666667
9 0.034375 0.9 0.06875 0.0666667
5 0.028125 0.944444 0.05625 0.0666667
6 0.034375 0.944444 0.06875 0.0666667
2 0.028125 0.966667 0.05625 0.0666667
5 0.028125 0.955556 0.05625 0.0444444
9 0.034375 0.955556 0.06875 0.0444444
6 0.034375 0.966667 0.06875 0.0666667
9 0.03125 0.977778 0.025 0.0444444
2 0.034375 1 0.06875 0
9 0.19375 0.0388889 0.3875 0.0777778
11 0.20625 0.0388889 0.4125 0.0777778
21 0.23125 0.0166667 0.4625 0.0333333
54 0.25625 0.0166667 0.5125 0.0333333
18 0.26875 0.0166667 0.5375 0.0333333
32 0.1375 0.0166667 0.25 0.0333333
21 0.5875 0.0166667 0.55 0.0333333
54 0.6125 0.0166667 0.55 0.0333333
29 0.6875 0.0166667 0.55 0.0333333
11 0.7125 0.0166667 0.55 0.0333333
21 0.78125 0.0166667 0.4375 0.0333333
21 0.79375 0.0166667 0.4125 0.0333333
16 0.80625 0.0166667 0.3875 0.0333333
43 0.83125 0.0166667 0.3375 0.0333333
65 0.85 0.0166667 0.225 0.0333333
54 0.5375 0.0611111 0.55 0.122222
57 0.8375 0.0611111 0.25 0.122222
47 0.89375 0.0611111 0.2125 0.122222
6 0.19375 0.372222 0.3875 0.744444
57 0.05625 0.188889 0.1125 0.311111
43 0.15 0.0777778 0.275 0.0888889
43 0.1875 0.0611111 0.25 0.122222
29 0.3125 0.0777778 0.25 0.0888889
57 0.7125 0.122222 0.55 0.0888889
19 0.80625 0.122222 0.3875 0.177778
28 0.81875 0.122222 0.3625 0.177778
28 0.88125 0.0777778 0.2375 0.0888889
28 0.89375 0.122222 0.2125 0.177778
43 0.74375 0.144444 0.5125 0.222222
54 0.71875 0.144444 0.5625 0.222222
18 0.78125 0.144444 0.4375 0.222222
57 0.79375 0.144444 0.4125 0.222222
28 0.90625 0.122222 0.1875 0.177778
9 0.19375 0.477778 0.3875 0.711111
11 0.20625 0.477778 0.4125 0.711111
11 0.08125 0.255556 0.1625 0.266667
18 0.09375 0.233333 0.1875 0.222222
57 0.79375 0.188889 0.4125 0.222222
11 0.7875 0.188889 0.2 0.222222
27 0.8 0.211111 0.225 0.266667
27 0.8375 0.188889 0.2 0.222222
13 0.19375 0.233333 0.3875 0.222222
13 0.2125 0.233333 0.4 0.222222
57 0.05625 0.255556 0.1125 0.177778
54 0.09375 0.255556 0.1875 0.177778
27 0.19375 0.255556 0.3875 0.177778
27 0.26875 0.233333 0.5375 0.133333
27 0.1375 0.233333 0.25 0.133333
65 0.3 0.233333 0.475 0.133333
54 0.3625 0.233333 0.55 0.133333
78 0.5875 0.211111 0.55 0.177778
6 0.78125 0.233333 0.4375 0.133333
54 0.84375 0.211111 0.3125 0.266667
54 0.8 0.188889 0.175 0.222222
78 0.8125 0.211111 0.25 0.266667
54 0.85625 0.188889 0.2875 0.222222
54 0.8375 0.255556 0.2 0.355556
11 0.875 0.322222 0.225 0.488889
9 0.19375 0.522222 0.3875 0.8
13 0.06875 0.233333 0.1375 0.222222
11 0.09375 0.277778 0.1875 0.133333
11 0.1375 0.233333 0.25 0.133333
11 0.3375 0.233333 0.55 0.133333
11 0.3625 0.255556 0.55 0.0888889
38 0.3875 0.255556 0.55 0.177778
38 0.4125 0.277778 0.55 0.133333
11 0.2625 0.277778 0.2 0.133333
11 0.3125 0.255556 0.25 0.0888889
11 0.35 0.255556 0.175 0.0888889
27 0.3625 0.255556 0.2 0.0888889
29 0.5 0.277778 0.225 0.133333
54 0.575 0.322222 0.225 0.222222
11 0.7875 0.277778 0.15 0.133333
54 0.875 0.255556 0.225 0.177778
11 0.20625 0.188889 0.4125 0.222222
11 0.05625 0.277778 0.1125 0.133333
11 0.09375 0.255556 0.1875 0.0888889
11 0.3625 0.322222 0.55 0.222222
11 0.3 0.3 0.225 0.177778
29 0.525 0.322222 0.225 0.222222
54 0.7 0.255556 0.475 0.355556
11 0.78125 0.255556 0.4375 0.0888889
11 0.75 0.255556 0.125 0.0888889
57 0.19375 0.366667 0.3875 0.133333
6 0.19375 0.411111 0.3875 0.133333
43 0.14375 0.433333 0.2875 0.0888889
9 0.05625 0.433333 0.1125 0.0888889
9 0.3625 0.433333 0.2 0.177778
11 0.4125 0.433333 0.25 0.177778
54 0.425 0.388889 0.225 0.177778
54 0.6875 0.433333 0.4 0.0888889
54 0.725 0.411111 0.525 0.133333
65 0.86875 0.411111 0.2625 0.222222
78 0.875 0.411111 0.225 0.222222
11 0.05625 0.433333 0.1125 0.0888889
54 0.06875 0.433333 0.1375 0.0888889
54 0.275 0.433333 0.475 0.0888889
65 0.3 0.455556 0.425 0.133333
54 0.325 0.455556 0.425 0.133333
54 0.2875 0.433333 0.25 0.0888889
43 0.3125 0.455556 0.25 0.133333
11 0.3375 0.455556 0.2 0.133333
54 0.5875 0.455556 0.55 0.133333
54 0.5875 0.433333 0.75 0.0888889
54 0.725 0.455556 0.525 0.133333
54 0.7875 0.672222 0.35 0.655556
54 0.6875 0.277778 0.15 0.488889
29 0.8125 0.388889 0.25 0.177778
13 0.15625 0.433333 0.3125 0.0888889
9 0.14375 0.477778 0.2875 0.177778
9 0.15625 0.5 0.3125 0.222222
9 0.05625 0.522222 0.1125 0.177778
54 0.25 0.5 0.475 0.222222
9 0.3375 0.477778 0.25 0.177778
11 0.35 0.477778 0.225 0.177778
11 0.4375 0.477778 0.35 0.177778
54 0.675 0.477778 0.575 0.0888889
54 0.575 0.455556 0.675 0.0444444
11 0.65 0.694444 0.225 0.611111
57 0.85 0.477778 0.225 0.177778
57 0.875 0.5 0.225 0.133333
13 0.15625 0.477778 0.3125 0.177778
9 0.18125 0.716667 0.3625 0.566667
9 0.06875 0.716667 0.1375 0.566667
9 0.24375 0.544444 0.4875 0.133333
12 0.75 0.477778 0.375 0.711111
57 0.86875 0.522222 0.2625 0.266667
11 0.875 0.522222 0.225 0.266667
9 0.05625 0.566667 0.1125 0.177778
11 0.24375 0.566667 0.4875 0.177778
57 0.26875 0.588889 0.5375 0.133333
9 0.2875 0.611111 0.55 0.0888889
9 0.35 0.566667 0.475 0.177778
9 0.3625 0.588889 0.55 0.133333
9 0.25 0.566667 0.175 0.177778
9 0.2625 0.588889 0.2 0.222222
9 0.2875 0.588889 0.2 0.133333
9 0.3375 0.611111 0.25 0.177778
9 0.3625 0.588889 0.25 0.222222
9 0.4375 0.566667 0.35 0.177778
11 0.4125 0.588889 0.25 0.133333
54 0.425 0.588889 0.225 0.133333
9 0.65 0.566667 0.225 0.355556
57 0.85 0.522222 0.225 0.266667
29 0.13125 0.566667 0.2625 0.0888889
9 0.16875 0.588889 0.3375 0.133333
9 0.21875 0.566667 0.4375 0.177778
9 0.24375 0.655556 0.4875 0.355556
9 0.2625 0.588889 0.5 0.222222
9 0.2875 0.738889 0.55 0.522222
9 0.3375 0.633333 0.2 0.133333
9 0.4125 0.611111 0.25 0.177778
9 0.4375 0.633333 0.25 0.222222
9 0.725 0.544444 0.475 0.311111
11 0.625 0.544444 0.225 0.311111
9 0.7 0.544444 0.125 0.311111
11 0.7875 0.544444 0.4 0.222222
5 0.875 0.722222 0.225 0.488889
29 0.14375 0.761111 0.2875 0.477778
29 0.175 0.761111 0.325 0.477778
18 0.19375 0.761111 0.3875 0.477778
9 0.06875 0.588889 0.1375 0.222222
29 0.325 0.7 0.225 0.266667
9 0.3625 0.7 0.2 0.266667
9 0.3625 0.655556 0.2 0.177778
9 0.475 0.655556 0.375 0.177778
9 0.5 0.677778 0.375 0.133333
11 0.5 0.655556 0.225 0.0888889
57 0.86875 0.633333 0.2625 0.311111
5 0.875 0.611111 0.225 0.355556
29 0.0625 0.633333 0.1 0.133333
9 0.075 0.633333 0.125 0.222222
72 0.1125 0.722222 0.2 0.311111
18 0.1875 0.7 0.15 0.0888889
29 0.2375 0.7 0.1 0.177778
29 0.2 0.7 0.225 0.177778
29 0.2625 0.7 0.15 0.0888889
57 0.3125 0.677778 0.25 0.222222
11 0.35 0.722222 0.225 0.222222
11 0.3625 0.766667 0.2 0.222222
11 0.4 0.722222 0.225 0.133333
57 0.5625 0.722222 0.25 0.133333
6 0.7125 0.7 0.15 0.177778
57 0.7125 0.722222 0.2 0.133333
10 0.8625 0.633333 0.25 0.311111
29 0.075 0.85 0.125 0.3
9 0.16875 0.761111 0.3375 0.477778
9 0.1375 0.805556 0.05 0.388889
