6 0.59375 0.0111111 0.1 0.0222222
6 0.6125 0.0111111 0.1125 0.0222222
6 0.034375 0.0111111 0.06875 0.0222222
11 0.040625 0.0333333 0.08125 0.0666667
8 0.075 0.0111111 0.1125 0.0222222
11 0.1375 0.0111111 0.1125 0.0222222
11 0.2 0.0111111 0.1125 0.0222222
8 0.2125 0.0111111 0.1125 0.0222222
8 0.24375 0.0111111 0.125 0.0222222
11 0.3125 0.0111111 0.1125 0.0222222
6 0.325 0.0111111 0.1125 0.0222222
6 0.35 0.0111111 0.1125 0.0222222
8 0.3625 0.0111111 0.1125 0.0222222
11 0.4 0.0111111 0.1125 0.0222222
11 0.425 0.0111111 0.1125 0.0222222
11 0.45 0.0111111 0.1125 0.0222222
8 0.475 0.0333333 0.1125 0.0666667
6 0.5125 0.0111111 0.1375 0.0222222
6 0.5375 0.0111111 0.1125 0.0222222
5 0.55625 0.0111111 0.125 0.0222222
6 0.575 0.0111111 0.1125 0.0222222
8 0.75625 0.0111111 0.125 0.0222222
8 0.775 0.0333333 0.1375 0.0666667
25 0.8875 0.0333333 0.1375 0.0666667
8 0.9125 0.0333333 0.1375 0.0666667
9 0.021875 0.0555556 0.04375 0.111111
47 0.10625 0.0666667 0.05 0.0888889
21 0.11875 0.0555556 0.05 0.111111
21 0.15625 0.0555556 0.1 0.111111
17 0.16875 0.0666667 0.1 0.0888889
17 0.1625 0.0666667 0.0625 0.0888889
17 0.175 0.0666667 0.0625 0.0888889
24 0.1875 0.0555556 0.0625 0.111111
24 0.21875 0.0555556 0.1 0.111111
27 0.2125 0.0555556 0.0625 0.111111
27 0.23125 0.0555556 0.05 0.111111
25 0.26875 0.0666667 0.15 0.0888889
12 0.30625 0.0555556 0.05 0.111111
26 0.31875 0.0666667 0.05 0.0888889
26 0.3375 0.0555556 0.0375 0.0666667
10 0.3625 0.0444444 0.0375 0.0888889
10 0.375 0.0444444 0.0125 0.0888889
55 0.44375 0.0666667 0.05 0.0444444
10 0.45625 0.0666667 0.05 0.0444444
19 0.88125 0.0555556 0.025 0.0222222
19 0.88125 0.0555556 0.05 0.0222222
19 0.9 0.0444444 0.0375 0.0444444
29 0.95 0.0444444 0.0875 0.0444444
26 0.959375 0.0444444 0.08125 0.0444444
8 0.1 0.0333333 0.1625 0.0666667
8 0.10625 0.0666667 0.075 0.0888889
3 0.10625 0.0666667 0.05 0.0888889
0 0.11875 0.0666667 0.05 0.0888889
3 0.13125 0.0777778 0.05 0.0666667
10 0.1375 0.0777778 0.0375 0.0666667
55 0.1625 0.0555556 0.0875 0.111111
3 0.175 0.0666667 0.0625 0.0888889
10 0.18125 0.0777778 0.05 0.0666667
10 0.19375 0.0777778 0.05 0.0666667
3 0.20625 0.0555556 0.05 0.111111
3 0.225 0.0555556 0.0625 0.111111
26 0.23125 0.0666667 0.05 0.0444444
8 0.24375 0.0666667 0.05 0.0444444
6 0.2875 0.0666667 0.0375 0.0444444
6 0.3 0.0777778 0.0375 0.0666667
6 0.3125 0.0777778 0.0625 0.0666667
0 0.325 0.0777778 0.0375 0.111111
10 0.35625 0.0555556 0.05 0.0666667
3 0.3625 0.0555556 0.0625 0.0666667
9 0.38125 0.0666667 0.025 0.0888889
10 0.4375 0.0666667 0.0375 0.0444444
8 0.70625 0.0666667 0.175 0.133333
8 0.725 0.0777778 0.1625 0.111111
8 0.7375 0.1 0.0375 0.0666667
8 0.74375 0.1 0.025 0.0666667
8 0.75 0.0888889 0.0125 0.0444444
8 0.7625 0.0888889 0.0125 0.0444444
8 0.775 0.0777778 0.0375 0.0222222
0 0.79375 0.0777778 0.025 0.0222222
0 0.84375 0.0777778 0.075 0.0666667
8 0.8375 0.0777778 0.1875 0.0666667
8 0.89375 0.0777778 0.1 0.0666667
19 0.90625 0.0888889 0.1 0.0444444
19 0.875 0.0777778 0.0375 0.0222222
8 0.88125 0.0777778 0.05 0.0222222
7 0.94375 0.0777778 0.1 0.0666667
8 0.95 0.0777778 0.0875 0.0666667
17 0.953125 0.0666667 0.09375 0.0444444
26 0.96875 0.0666667 0.05 0.0444444
8 0.021875 0.0777778 0.04375 0.155556
8 0.015625 0.1 0.03125 0.111111
21 0.11875 0.1 0.075 0.0222222
47 0.1375 0.1 0.0625 0.0222222
50 0.14375 0.1 0.05 0.0222222
47 0.15 0.1 0.0625 0.0222222
47 0.16875 0.1 0.075 0.0222222
47 0.1875 0.1 0.0625 0.0222222
47 0.2 0.1 0.0625 0.0222222
47 0.2 0.1 0.0375 0.0222222
47 0.2125 0.1 0.0375 0.0222222
47 0.225 0.1 0.0375 0.0222222
47 0.2375 0.1 0.0375 0.0222222
47 0.25 0.1 0.0375 0.0222222
44 0.2625 0.1 0.0375 0.0222222
44 0.29375 0.1 0.075 0.0222222
47 0.3125 0.1 0.0625 0.0222222
10 0.30625 0.1 0.05 0.0222222
55 0.35 0.0777778 0.0625 0.111111
8 0.7125 0.122222 0.0625 0.0666667
8 0.725 0.111111 0.0625 0.0888889
21 0.75625 0.1 0.025 0.0666667
11 0.76875 0.0888889 0.025 0.0444444
11 0.78125 0.0888889 0.025 0.0444444
11 0.79375 0.0888889 0.025 0.0444444
11 0.8 0.0777778 0.0125 0.0666667
11 0.85625 0.0777778 0.1 0.0666667
21 0.8875 0.0777778 0.1125 0.0666667
21 0.9 0.1 0.1125 0.0222222
21 0.875 0.0888889 0.0375 0.0444444
8 0.875 0.0888889 0.0375 0.0444444
8 0.88125 0.1 0.05 0.0666667
11 0.90625 0.0888889 0.025 0.0444444
21 0.94375 0.1 0.075 0.0222222
27 0.95 0.0888889 0.0625 0.0444444
44 0.95 0.0888889 0.0375 0.0444444
10 0.978125 0.0777778 0.04375 0.0666667
3 0.984375 0.0777778 0.03125 0.0666667
6 0.021875 0.0777778 0.04375 0.155556
8 0.015625 0.122222 0.03125 0.0666667
8 0.090625 0.111111 0.18125 0.0444444
6 0.10625 0.122222 0.175 0.0666667
44 0.1625 0.111111 0.1625 0.0444444
44 0.19375 0.111111 0.175 0.0444444
44 0.175 0.111111 0.1125 0.0444444
44 0.2 0.111111 0.1125 0.0444444
44 0.21875 0.111111 0.1 0.0444444
8 0.021875 0.122222 0.04375 0.111111
8 0.015625 0.144444 0.03125 0.0666667
8 0.1 0.122222 0.1625 0.0666667
10 0.08125 0.144444 0.125 0.0222222
9 0.021875 0.144444 0.04375 0.111111
11 0.075 0.155556 0.0875 0.0444444
8 0.021875 0.166667 0.04375 0.111111
11 0.015625 0.177778 0.03125 0.0888889
6 0.046875 0.177778 0.09375 0.133333
8 0.028125 0.188889 0.05625 0.111111
6 0.040625 0.222222 0.08125 0.177778
4 0.015625 0.255556 0.03125 0.0666667
9 0.01875 0.266667 0.025 0.0444444
8 0.45625 0.244444 0.125 0.0444444
6 0.525 0.244444 0.1625 0.0444444
19 0.015625 0.277778 0.03125 0.0666667
19 0.01875 0.277778 0.025 0.0666667
44 0.06875 0.266667 0.1 0.0444444
44 0.11875 0.266667 0.175 0.0444444
44 0.125 0.266667 0.0125 0.0444444
44 0.175 0.266667 0.0875 0.0444444
44 0.19375 0.266667 0.125 0.0444444
44 0.29375 0.266667 0.175 0.0444444
44 0.29375 0.277778 0.125 0.0222222
44 0.35625 0.277778 0.175 0.0222222
44 0.375 0.277778 0.0625 0.0222222
44 0.40625 0.266667 0.1 0.0444444
44 0.375 0.266667 0.0375 0.0444444
44 0.39375 0.266667 0.025 0.0444444
44 0.40625 0.277778 0.025 0.0222222
44 0.41875 0.277778 0.025 0.0222222
44 0.43125 0.277778 0.025 0.0222222
6 0.58125 0.266667 0.1 0.0888889
6 0.74375 0.266667 0.1 0.0444444
19 0.015625 0.288889 0.03125 0.0444444
19 0.015625 0.3 0.03125 0.0666667
4 0.021875 0.3 0.04375 0.111111
8 0.7875 0.3 0.1125 0.0666667
6 0.021875 0.311111 0.04375 0.0888889
4 0.775 0.3 0.1125 0.0666667
4 0.78125 0.311111 0.125 0.0888889
6 0.79375 0.3 0.125 0.0666667
33 0.8125 0.3 0.1125 0.0666667
11 0.021875 0.322222 0.04375 0.111111
9 0.021875 0.322222 0.04375 0.111111
6 0.775 0.333333 0.1375 0.0444444
8 0.021875 0.355556 0.04375 0.0888889
8 0.021875 0.377778 0.04375 0.0888889
14 0.053125 0.388889 0.10625 0.111111
9 0.028125 0.411111 0.05625 0.0666667
9 0.03125 0.422222 0.025 0.0444444
14 0.059375 0.422222 0.11875 0.133333
8 0.028125 0.433333 0.05625 0.111111
9 0.034375 0.444444 0.06875 0.0888889
6 0.040625 0.5 0.08125 0.111111
8 0.021875 0.477778 0.04375 0.111111
8 0.01875 0.5 0.025 0.0666667
21 0.275 0.5 0.1125 0.0222222
6 0.33125 0.511111 0.125 0.0444444
6 0.35625 0.511111 0.1 0.0444444
6 0.40625 0.522222 0.1 0.0666667
6 0.725 0.511111 0.1125 0.0888889
33 0.75 0.511111 0.0875 0.0888889
6 0.91875 0.5 0.125 0.0666667
4 0.909375 0.511111 0.18125 0.0888889
6 0.915625 0.511111 0.16875 0.0888889
9 0.021875 0.477778 0.04375 0.2
9 0.015625 0.533333 0.03125 0.0888889
6 0.06875 0.544444 0.1 0.0666667
6 0.1125 0.544444 0.1875 0.0666667
6 0.25625 0.555556 0.125 0.0444444
6 0.2875 0.566667 0.1375 0.0666667
6 0.3125 0.566667 0.1375 0.0666667
6 0.325 0.555556 0.1125 0.0444444
8 0.075 0.544444 0.1125 0.0666667
4 0.10625 0.544444 0.075 0.0666667
6 0.225 0.566667 0.1375 0.0666667
6 0.25 0.566667 0.1375 0.0666667
6 0.4125 0.555556 0.0875 0.0888889
6 0.75625 0.555556 0.05 0.0888889
4 0.75625 0.555556 0.05 0.0888889
4 0.75 0.555556 0.0875 0.0888889
6 0.825 0.544444 0.1125 0.0666667
6 0.046875 0.577778 0.09375 0.133333
8 0.021875 0.544444 0.04375 0.244444
23 0.09375 0.611111 0.175 0.0666667
22 0.1125 0.611111 0.0875 0.0666667
6 0.91875 0.6 0.1 0.0444444
8 0.034375 0.566667 0.06875 0.244444
8 0.028125 0.622222 0.05625 0.133333
20 0.1125 0.611111 0.0875 0.0666667
6 0.11875 0.611111 0.1 0.0666667
21 0.125 0.611111 0.1125 0.0666667
9 0.13125 0.611111 0.15 0.0666667
44 0.10625 0.644444 0.1 0.0444444
9 0.1375 0.633333 0.1875 0.0222222
20 0.575 0.655556 0.0625 0.0666667
18 0.7125 0.655556 0.1125 0.0222222
20 0.71875 0.655556 0.125 0.0222222
10 0.7 0.655556 0.0875 0.0222222
25 0.965625 0.655556 0.06875 0.0666667
25 0.225 0.655556 0.0875 0.0222222
21 0.2375 0.655556 0.0875 0.0222222
21 0.28125 0.666667 0.025 0.0444444
2 0.2875 0.666667 0.0375 0.0444444
6 0.29375 0.655556 0.05 0.0222222
25 0.29375 0.655556 0.075 0.0222222
25 0.3625 0.655556 0.1125 0.0222222
21 0.34375 0.666667 0.05 0.0444444
18 0.34375 0.655556 0.075 0.0222222
21 0.46875 0.655556 0.2 0.0666667
9 0.46875 0.655556 0.175 0.0666667
9 0.45625 0.655556 0.1 0.0666667
18 0.6 0.666667 0.1125 0.0444444
18 0.575 0.666667 0.0625 0.0444444
20 0.60625 0.666667 0.05 0.0444444
8 0.6125 0.677778 0.0875 0.0666667
6 0.64375 0.666667 0.175 0.0444444
20 0.675 0.666667 0.0625 0.0444444
17 0.6875 0.666667 0.0375 0.0444444
17 0.70625 0.666667 0.05 0.0444444
10 0.71875 0.666667 0.05 0.0444444
9 0.71875 0.666667 0.025 0.0444444
9 0.73125 0.666667 0.05 0.0444444
0 0.971875 0.666667 0.05625 0.0444444
6 0.040625 0.688889 0.08125 0.133333
11 0.05 0.677778 0.0875 0.0666667
6 0.1875 0.655556 0.0875 0.0666667
2 0.20625 0.677778 0.075 0.0222222
25 0.2125 0.677778 0.0875 0.0222222
25 0.2625 0.677778 0.1625 0.0222222
49 0.175 0.677778 0.1875 0.0222222
47 0.28125 0.677778 0.025 0.0222222
21 0.2875 0.677778 0.0375 0.0222222
21 0.3 0.688889 0.0375 0.0444444
21 0.3125 0.688889 0.0375 0.0444444
21 0.33125 0.688889 0.05 0.0444444
21 0.35 0.688889 0.0375 0.0444444
20 0.3625 0.688889 0.0375 0.0444444
25 0.375 0.688889 0.0375 0.0444444
6 0.4375 0.666667 0.1625 0.0888889
21 0.4625 0.688889 0.1875 0.0444444
21 0.475 0.7 0.1625 0.0666667
20 0.5625 0.7 0.1875 0.0222222
22 0.60625 0.7 0.125 0.0222222
11 0.64375 0.688889 0.125 0.0444444
11 0.990625 0.677778 0.01875 0.111111
21 0.30625 0.7 0.025 0.0222222
21 0.31875 0.711111 0.025 0.0444444
21 0.35 0.711111 0.0375 0.0444444
6 0.35 0.711111 0.0375 0.0444444
47 0.3625 0.711111 0.0375 0.0444444
21 0.375 0.711111 0.0375 0.0444444
21 0.3875 0.7 0.0375 0.0222222
6 0.43125 0.711111 0.175 0.0444444
21 0.41875 0.711111 0.275 0.0444444
20 0.575 0.711111 0.0625 0.0444444
18 0.58125 0.722222 0.075 0.0666667
2 0.990625 0.688889 0.01875 0.0888889
25 0.1 0.744444 0.1125 0.0666667
44 0.3625 0.733333 0.2625 0.0444444
17 0.575 0.722222 0.0625 0.0666667
9 0.6 0.722222 0.0625 0.0666667
25 0.64375 0.722222 0.175 0.0666667
