19 0.034375 0.0222222 0.06875 0.0444444
9 0.034375 0.0111111 0.06875 0.0222222
11 0.040625 0.0111111 0.08125 0.0222222
2 0.046875 0.0111111 0.09375 0.0222222
2 0.084375 0.0222222 0.16875 0.0444444
4 0.11875 0.0222222 0.2 0.0444444
6 0.13125 0.0111111 0.2 0.0222222
5 0.15 0 0.1875 0
5 0.15625 0.0222222 0.175 0.0444444
5 0.2 0.0222222 0.1875 0.0444444
6 0.23125 0.0222222 0.2 0.0444444
5 0.24375 0.0222222 0.2 0.0444444
5 0.28125 0.0222222 0.2 0.0444444
2 0.3 0.0222222 0.1875 0.0444444
5 0.34375 0.0111111 0.2 0.0222222
6 0.35625 0 0.2 0
11 0.38125 0 0.2 0
11 0.425 0.0111111 0.1875 0.0222222
11 0.4375 0.0222222 0.1875 0.0444444
5 0.44375 0.0222222 0.2 0.0444444
11 0.4875 0.0222222 0.1875 0.0444444
10 0.5375 0.0222222 0.1875 0.0444444
11 0.55 0.0222222 0.1875 0.0444444
11 0.59375 0.0222222 0.2 0.0444444
11 0.63125 0.0222222 0.175 0.0444444
5 0.65 0.0222222 0.1875 0.0444444
5 0.6875 0.0222222 0.1875 0.0444444
4 0.70625 0.0222222 0.175 0.0444444
2 0.7125 0.0222222 0.1875 0.0444444
4 0.71875 0.0111111 0.125 0.0222222
4 0.7625 0.0111111 0.1875 0.0222222
4 0.76875 0.0222222 0.125 0.0444444
4 0.78125 0.0111111 0.125 0.0222222
11 0.80625 0.0111111 0.125 0.0222222
11 0.825 0.0222222 0.1125 0.0444444
11 0.86875 0.0222222 0.175 0.0444444
11 0.84375 0.0111111 0.125 0.0222222
11 0.90625 0.0111111 0.175 0.0222222
11 0.89375 0.0222222 0.1 0.0444444
11 0.928125 0.0222222 0.14375 0.0444444
2 0.934375 0.0222222 0.13125 0.0444444
11 0.946875 0.0222222 0.10625 0.0444444
11 0.953125 0.0111111 0.09375 0.0222222
2 0.053125 0.0222222 0.10625 0.0444444
22 0.1 0.0222222 0.1625 0.0444444
6 0.10625 0.0222222 0.175 0.0444444
6 0.11875 0.0222222 0.175 0.0444444
22 0.11875 0.0333333 0.075 0.0666667
12 0.15 0.0333333 0.1625 0.0666667
19 0.15625 0.0333333 0.175 0.0666667
11 0.16875 0.0333333 0.175 0.0666667
6 0.19375 0.0333333 0.175 0.0666667
11 0.20625 0.0222222 0.125 0.0444444
11 0.24375 0.0222222 0.175 0.0444444
6 0.28125 0.0222222 0.175 0.0444444
6 0.30625 0.0333333 0.175 0.0666667
6 0.3375 0.0222222 0.1875 0.0444444
12 0.35625 0.0111111 0.2 0.0222222
11 0.3875 0.0111111 0.1375 0.0222222
22 0.4125 0.0222222 0.1375 0.0444444
11 0.3875 0.0222222 0.0875 0.0444444
22 0.4 0.0222222 0.1125 0.0444444
11 0.41875 0.0222222 0.125 0.0444444
11 0.4875 0.0222222 0.1125 0.0444444
11 0.525 0.0222222 0.1125 0.0444444
11 0.55 0.0222222 0.1125 0.0444444
11 0.575 0.0222222 0.1125 0.0444444
11 0.6 0.0222222 0.1125 0.0444444
11 0.625 0.0222222 0.1125 0.0444444
11 0.675 0.0222222 0.1125 0.0444444
11 0.7125 0.0222222 0.1125 0.0444444
5 0.725 0.0222222 0.1125 0.0444444
5 0.73125 0.0111111 0.125 0.0222222
11 0.74375 0.0111111 0.125 0.0222222
7 0.7625 0.0111111 0.1125 0.0222222
5 0.8 0.0111111 0.1125 0.0222222
7 0.8375 0.0111111 0.1125 0.0222222
11 0.875 0.0111111 0.1125 0.0222222
11 0.9 0.0111111 0.1125 0.0222222
5 0.9125 0.0111111 0.1125 0.0222222
2 0.959375 0.0111111 0.08125 0.0222222
2 0.959375 0.0111111 0.08125 0.0222222
19 0.990625 0.0222222 0.01875 0.0444444
7 0.015625 0.0333333 0.03125 0.0666667
0 0.01875 0.0333333 0.025 0.0666667
6 0.034375 0.0333333 0.06875 0.0666667
1 0.046875 0.0333333 0.09375 0.0666667
6 0.0625 0.0222222 0.0625 0.0444444
2 0.06875 0.0333333 0.05 0.0222222
2 0.0625 0.0333333 0.0875 0.0666667
2 0.10625 0.0333333 0.175 0.0666667
6 0.0875 0.0333333 0.1125 0.0666667
7 0.1375 0.0333333 0.1625 0.0666667
5 0.125 0.0444444 0.1125 0.0444444
2 0.1375 0.0444444 0.1125 0.0444444
1 0.15625 0.0444444 0.1 0.0444444
1 0.20625 0.0333333 0.175 0.0666667
2 0.23125 0.0444444 0.175 0.0444444
2 0.225 0.0333333 0.1125 0.0666667
2 0.2625 0.0333333 0.0625 0.0666667
2 0.24375 0.0333333 0.1 0.0666667
2 0.29375 0.0333333 0.175 0.0666667
22 0.3125 0.0333333 0.1625 0.0666667
11 0.3375 0.0222222 0.0625 0.0444444
11 0.375 0.0222222 0.1375 0.0444444
9 0.38125 0.0222222 0.125 0.0444444
22 0.35625 0.0222222 0.05 0.0444444
22 0.40625 0.0222222 0.125 0.0444444
22 0.3875 0.0222222 0.0625 0.0444444
11 0.4 0.0222222 0.0875 0.0444444
8 0.4 0.0333333 0.1125 0.0666667
8 0.43125 0.0333333 0.05 0.0666667
1 0.4625 0.0333333 0.0625 0.0666667
1 0.45 0.0444444 0.1125 0.0444444
11 0.4625 0.0444444 0.1125 0.0444444
11 0.5 0.0444444 0.0625 0.0444444
11 0.525 0.0444444 0.1625 0.0444444
11 0.55625 0.0444444 0.175 0.0444444
11 0.5875 0.0444444 0.0625 0.0444444
11 0.60625 0.0444444 0.1 0.0444444
2 0.625 0.0444444 0.1125 0.0444444
2 0.65625 0.0444444 0.05 0.0444444
2 0.66875 0.0444444 0.05 0.0444444
2 0.65625 0.0444444 0.075 0.0444444
2 0.68125 0.0444444 0.1 0.0444444
5 0.69375 0.0444444 0.1 0.0444444
1 0.74375 0.0444444 0.175 0.0444444
1 0.71875 0.0444444 0.1 0.0444444
1 0.75 0.0444444 0.0375 0.0444444
1 0.7625 0.0333333 0.0375 0.0222222
1 0.775 0.0444444 0.0375 0.0444444
1 0.7875 0.0444444 0.0375 0.0444444
1 0.8125 0.0444444 0.0625 0.0444444
1 0.83125 0.0444444 0.05 0.0444444
1 0.875 0.0444444 0.1125 0.0444444
1 0.86875 0.0444444 0.175 0.0444444
1 0.875 0.0444444 0.0625 0.0444444
1 0.9 0.0333333 0.1625 0.0222222
1 0.91875 0.0333333 0.05 0.0222222
0 0.91875 0.0333333 0.025 0.0222222
10 0.98125 0.0333333 0.025 0.0222222
4 0.990625 0.0222222 0.01875 0.0444444
7 0.015625 0.0555556 0.03125 0.0222222
0 0.01875 0.0555556 0.025 0.0222222
6 0.034375 0.0666667 0.06875 0.0444444
6 0.053125 0.0666667 0.10625 0.0444444
11 0.046875 0.0444444 0.09375 0.0444444
6 0.075 0.0444444 0.0625 0.0444444
11 0.0625 0.0444444 0.0875 0.0444444
11 0.0875 0.0444444 0.1125 0.0444444
11 0.10625 0.0555556 0.1 0.0222222
11 0.1375 0.0555556 0.0625 0.0222222
11 0.125 0.0666667 0.1125 0.0444444
11 0.1375 0.0555556 0.1125 0.0666667
11 0.15 0.0444444 0.1125 0.0444444
1 0.175 0.0444444 0.1125 0.0444444
1 0.21875 0.0666667 0.175 0.0444444
1 0.23125 0.0555556 0.175 0.0666667
11 0.24375 0.0555556 0.175 0.0666667
11 0.225 0.0444444 0.1125 0.0444444
11 0.25 0.0444444 0.1125 0.0444444
11 0.29375 0.0444444 0.175 0.0444444
11 0.28125 0.0555556 0.125 0.0222222
11 0.31875 0.0555556 0.175 0.0222222
11 0.33125 0.0666667 0.175 0.0444444
11 0.38125 0.0666667 0.2 0.0444444
11 0.40625 0.0555556 0.125 0.0666667
11 0.3875 0.0555556 0.0625 0.0666667
11 0.4 0.0444444 0.0625 0.0444444
11 0.4125 0.0444444 0.0625 0.0444444
11 0.4 0.0444444 0.1125 0.0444444
1 0.425 0.0444444 0.0875 0.0444444
11 0.4625 0.0444444 0.1625 0.0444444
11 0.49375 0.0444444 0.175 0.0444444
11 0.625 0.0444444 0.1125 0.0444444
11 0.63125 0.0555556 0.1 0.0666667
7 0.64375 0.0555556 0.1 0.0666667
11 0.66875 0.0555556 0.1 0.0666667
6 0.6875 0.0555556 0.1125 0.0666667
6 0.74375 0.0444444 0.175 0.0444444
1 0.75 0.0444444 0.1125 0.0444444
1 0.775 0.0444444 0.1125 0.0444444
1 0.8 0.0444444 0.1125 0.0444444
1 0.85 0.0555556 0.1125 0.0222222
1 0.875 0.0555556 0.1375 0.0222222
11 0.90625 0.0555556 0.175 0.0222222
1 0.9125 0.0555556 0.1375 0.0222222
1 0.934375 0.0555556 0.13125 0.0666667
10 0.940625 0.0444444 0.11875 0.0444444
0 0.975 0.0444444 0.0375 0.0444444
11 0.98125 0.0444444 0.025 0.0444444
18 0.984375 0.0555556 0.03125 0.0666667
4 0.015625 0.0666667 0.03125 0.0444444
5 0.015625 0.0666667 0.03125 0.0444444
4 0.05 0.0666667 0.0625 0.0444444
4 0.040625 0.0777778 0.08125 0.0666667
2 0.046875 0.0777778 0.09375 0.0666667
2 0.053125 0.0666667 0.10625 0.0444444
7 0.1 0.0666667 0.0625 0.0444444
4 0.1125 0.0777778 0.0625 0.0666667
4 0.13125 0.0666667 0.05 0.0444444
2 0.11875 0.0777778 0.1 0.0666667
4 0.1375 0.0666667 0.1125 0.0444444
4 0.1625 0.0666667 0.1125 0.0444444
6 0.18125 0.0777778 0.1 0.0666667
6 0.21875 0.0777778 0.175 0.0666667
6 0.2125 0.0888889 0.1125 0.0444444
8 0.225 0.0777778 0.1125 0.0222222
6 0.2375 0.0777778 0.1125 0.0222222
6 0.3 0.0777778 0.1875 0.0222222
11 0.3125 0.0888889 0.1875 0.0444444
4 0.325 0.0888889 0.1875 0.0444444
11 0.3625 0.0888889 0.1875 0.0444444
11 0.40625 0.0777778 0.15 0.0222222
19 0.3875 0.0777778 0.0625 0.0666667
11 0.3875 0.0666667 0.0625 0.0444444
11 0.4 0.0666667 0.1125 0.0444444
11 0.4375 0.0666667 0.0625 0.0444444
11 0.43125 0.0666667 0.1 0.0444444
11 0.46875 0.0666667 0.175 0.0444444
11 0.45625 0.0666667 0.1 0.0444444
8 0.4875 0.0666667 0.1375 0.0444444
6 0.48125 0.0666667 0.2 0.0444444
4 0.55 0.0666667 0.1875 0.0444444
6 0.5625 0.0666667 0.1875 0.0444444
11 0.6125 0.0666667 0.2625 0.0444444
11 0.56875 0.0666667 0.375 0.0444444
11 0.625 0.0666667 0.0625 0.0444444
8 0.60625 0.0666667 0.1 0.0444444
8 0.625 0.0666667 0.0875 0.0444444
2 0.66875 0.0666667 0.05 0.0444444
2 0.6625 0.0666667 0.0875 0.0444444
2 0.66875 0.0777778 0.1 0.0666667
2 0.69375 0.0777778 0.1 0.0666667
2 0.71875 0.0777778 0.1 0.0666667
11 0.74375 0.0777778 0.1 0.0666667
11 0.7625 0.0777778 0.1125 0.0666667
8 0.775 0.0777778 0.1125 0.0666667
11 0.7875 0.0777778 0.1125 0.0666667
11 0.8 0.0666667 0.1125 0.0444444
11 0.83125 0.0666667 0.125 0.0444444
11 0.8375 0.0777778 0.1125 0.0666667
11 0.86875 0.0777778 0.25 0.0666667
11 0.90625 0.0777778 0.175 0.0666667
8 0.93125 0.0666667 0.125 0.0444444
2 0.934375 0.0666667 0.13125 0.0444444
7 0.940625 0.0666667 0.11875 0.0444444
0 0.98125 0.0666667 0.025 0.0444444
18 0.984375 0.0666667 0.03125 0.0444444
9 0.015625 0.0888889 0.03125 0.0444444
2 0.040625 0.111111 0.08125 0.0888889
2 0.040625 0.0888889 0.08125 0.0444444
2 0.084375 0.0777778 0.16875 0.0666667
11 0.0625 0.0777778 0.0875 0.0666667
11 0.09375 0.0888889 0.05 0.0444444
11 0.09375 0.1 0.075 0.111111
6 0.10625 0.0777778 0.1 0.0666667
2 0.14375 0.0777778 0.1 0.0666667
6 0.1625 0.0888889 0.1125 0.0444444
2 0.2125 0.0888889 0.1625 0.0444444
6 0.24375 0.1 0.175 0.0666667
6 0.25625 0.0888889 0.175 0.0444444
2 0.28125 0.0888889 0.175 0.0444444
6 0.26875 0.0888889 0.25 0.0444444
6 0.3125 0.0888889 0.1875 0.0444444
19 0.4 0.0777778 0.1625 0.0666667
11 0.3875 0.0777778 0.0875 0.0666667
11 0.43125 0.0777778 0.05 0.0666667
11 0.425 0.0888889 0.0875 0.0444444
2 0.46875 0.0888889 0.175 0.0444444
2 0.45 0.0777778 0.2375 0.0666667
2 0.45625 0.0777778 0.1 0.0666667
1 0.48125 0.0777778 0.125 0.0666667
4 0.46875 0.0777778 0.2 0.0666667
2 0.525 0.0888889 0.2625 0.0444444
11 0.51875 0.0888889 0.275 0.0444444
11 0.6125 0.1 0.1125 0.0222222
19 0.625 0.1 0.1375 0.0222222
22 0.64375 0.1 0.125 0.0222222
11 0.65625 0.1 0.125 0.0222222
11 0.61875 0.1 0.025 0.0222222
11 0.63125 0.0888889 0.05 0.0444444
8 0.64375 0.0888889 0.05 0.0444444
2 0.65625 0.0777778 0.05 0.0666667
2 0.66875 0.0777778 0.05 0.0666667
2 0.65 0.0777778 0.0875 0.0666667
2 0.6375 0.0777778 0.1625 0.0666667
2 0.74375 0.0777778 0.1 0.0666667
2 0.76875 0.0777778 0.1 0.0666667
2 0.78125 0.0888889 0.1 0.0444444
8 0.79375 0.0777778 0.1 0.0666667
11 0.7875 0.0777778 0.1625 0.0666667
8 0.83125 0.0777778 0.1 0.0666667
8 0.84375 0.0888889 0.1 0.0888889
2 0.85625 0.0777778 0.1 0.0666667
22 0.90625 0.0777778 0.175 0.0666667
11 0.8875 0.0777778 0.1125 0.0666667
2 0.90625 0.0777778 0.125 0.0666667
2 0.903125 0.0888889 0.19375 0.0888889
2 0.940625 0.0888889 0.11875 0.0444444
