18 0.11875 0.0111111 0.075 0.0222222
18 0.125 0 0.0625 0
18 0.1375 0 0.0625 0
18 0.175 0 0.1375 0
20 0.2125 0 0.0875 0
20 0.23125 0 0.075 0
25 0.25625 0 0.075 0
21 0.26875 0 0.075 0
21 0.275 0.0111111 0.0875 0.0222222
44 0.29375 0.0111111 0.075 0.0222222
44 0.3375 0 0.1125 0
25 0.33125 0 0.075 0
25 0.35625 0 0.075 0
25 0.38125 0 0.1 0
25 0.375 0 0.0625 0
4 0.39375 0 0.075 0
11 0.40625 0 0.075 0
4 0.43125 0.0111111 0.125 0.0222222
55 0.4375 0.0111111 0.1375 0.0222222
25 0.8 0.0222222 0.1375 0.0444444
23 0.8125 0.0222222 0.1375 0.0444444
23 0.825 0.0222222 0.1375 0.0444444
23 0.85 0.0222222 0.1375 0.0444444
23 0.875 0.0222222 0.1375 0.0444444
25 0.88125 0.0222222 0.125 0.0444444
44 0.965625 0 0.06875 0
44 0.984375 0 0.03125 0
0 0.990625 0 0.01875 0
0 0.990625 0.0111111 0.01875 0.0222222
18 0.11875 0.0111111 0.075 0.0222222
18 0.13125 0.0111111 0.05 0.0222222
18 0.18125 0.0111111 0.125 0.0222222
17 0.1625 0.0111111 0.0625 0.0222222
18 0.16875 0.0222222 0.05 0.0444444
18 0.18125 0.0222222 0.05 0.0444444
10 0.990625 0.0111111 0.01875 0.0222222
60 0.125 0.0333333 0.1625 0.0666667
25 0.1375 0.0222222 0.1625 0.0444444
18 0.13125 0.0333333 0.05 0.0222222
18 0.1625 0.0333333 0.0375 0.0222222
18 0.2125 0.0555556 0.1375 0.0666667
18 0.19375 0.0222222 0.075 0.0444444
6 0.95 0.0222222 0.0875 0.0444444
18 0.1375 0.0555556 0.1375 0.0666667
18 0.125 0.0444444 0.0375 0.0444444
18 0.1625 0.0444444 0.0625 0.0444444
17 0.16875 0.0555556 0.075 0.0666667
18 0.18125 0.0555556 0.075 0.0666667
21 0.21875 0.0444444 0.1 0.0888889
16 0.990625 0.0444444 0.01875 0.0444444
3 0.13125 0.0888889 0.025 0.0444444
17 0.1625 0.0666667 0.0625 0.0888889
20 0.175 0.0555556 0.0875 0.0666667
20 0.1875 0.0555556 0.0375 0.0666667
21 0.2125 0.0555556 0.0875 0.0666667
10 0.23125 0.0666667 0.075 0.0444444
16 0.990625 0.1 0.01875 0.2
21 0.021875 0.1 0.04375 0.0666667
9 0.025 0.1 0.0375 0.0666667
44 0.13125 0.0888889 0.025 0.0444444
21 0.1625 0.0888889 0.0625 0.0444444
2 0.16875 0.0888889 0.075 0.0444444
43 0.36875 0.122222 0.175 0.0666667
25 0.375 0.122222 0.1875 0.0666667
11 0.35625 0.122222 0.125 0.0666667
25 0.425 0.122222 0.1375 0.0666667
11 0.65625 0.0666667 0.075 0.133333
11 0.7 0.0666667 0.0875 0.133333
10 0.8 0.0777778 0.0125 0.0666667
10 0.80625 0.0777778 0.025 0.0666667
11 0.825 0.0777778 0.0375 0.0666667
25 0.8875 0.0888889 0.0625 0.0444444
25 0.9 0.0777778 0.0625 0.0666667
44 0.925 0.0888889 0.0625 0.0444444
11 0.9375 0.0888889 0.0625 0.0444444
0 0.990625 0.166667 0.01875 0.333333
21 0.059375 0.0888889 0.11875 0.177778
19 0.021875 0.122222 0.04375 0.0666667
9 0.021875 0.122222 0.04375 0.0666667
21 0.33125 0.122222 0.2 0.0666667
6 0.35625 0.122222 0.125 0.0666667
6 0.35 0.122222 0.2875 0.0666667
43 0.46875 0.122222 0.15 0.0666667
21 0.625 0.111111 0.0375 0.0444444
21 0.63125 0.111111 0.05 0.0888889
21 0.65 0.111111 0.0625 0.0888889
21 0.6625 0.1 0.0375 0.0666667
21 0.69375 0.1 0.1 0.0666667
8 0.990625 0.177778 0.01875 0.355556
21 0.065625 0.122222 0.13125 0.111111
9 0.03125 0.133333 0.05 0.0444444
9 0.2 0.144444 0.1125 0.0666667
44 0.3375 0.155556 0.0625 0.0444444
21 0.35 0.144444 0.0625 0.0222222
21 0.3625 0.144444 0.0625 0.0222222
21 0.375 0.144444 0.0625 0.0222222
20 0.4 0.133333 0.0625 0.0444444
21 0.625 0.144444 0.0375 0.0666667
19 0.63125 0.144444 0.05 0.0666667
21 0.64375 0.122222 0.025 0.0666667
21 0.6875 0.111111 0.0875 0.0888889
21 0.69375 0.155556 0.1 0.0444444
21 0.725 0.122222 0.0875 0.111111
21 0.7 0.122222 0.1375 0.111111
17 0.990625 0.188889 0.01875 0.377778
14 0.065625 0.144444 0.13125 0.111111
19 0.059375 0.166667 0.11875 0.0666667
9 0.03125 0.177778 0.025 0.0444444
2 0.19375 0.144444 0.05 0.0666667
2 0.2 0.155556 0.0625 0.0888889
2 0.20625 0.166667 0.075 0.0666667
9 0.21875 0.166667 0.05 0.0666667
25 0.625 0.166667 0.0375 0.0222222
25 0.6625 0.166667 0.0625 0.0222222
25 0.675 0.155556 0.0875 0.0444444
17 0.990625 0.233333 0.01875 0.333333
14 0.065625 0.177778 0.13125 0.0888889
21 0.059375 0.177778 0.11875 0.0888889
6 0.0375 0.177778 0.0375 0.0444444
20 0.15625 0.188889 0.025 0.0666667
2 0.1875 0.188889 0.0625 0.0666667
2 0.1875 0.188889 0.0375 0.0666667
9 0.19375 0.188889 0.025 0.0666667
21 0.21875 0.188889 0.05 0.0666667
8 0.990625 0.144444 0.01875 0.111111
6 0.0375 0.188889 0.0375 0.0666667
25 0.15625 0.211111 0.025 0.0666667
19 0.16875 0.211111 0.025 0.0666667
19 0.1875 0.188889 0.0375 0.0666667
21 0.065625 0.211111 0.13125 0.111111
21 0.028125 0.233333 0.05625 0.111111
6 0.028125 0.211111 0.05625 0.0666667
2 0.15625 0.222222 0.025 0.0444444
2 0.16875 0.222222 0.025 0.0888889
16 0.990625 0.222222 0.01875 0.0444444
21 0.015625 0.222222 0.03125 0.133333
11 0.021875 0.244444 0.04375 0.0888889
3 0.15625 0.233333 0.025 0.0666667
21 0.16875 0.233333 0.025 0.0666667
11 0.6375 0.244444 0.0625 0.0888889
8 0.6625 0.266667 0.0875 0.0444444
21 0.015625 0.244444 0.03125 0.0888889
11 0.36875 0.266667 0.05 0.0444444
11 0.6875 0.266667 0.0375 0.0444444
16 0.9875 0.277778 0.0125 0.0222222
12 0.11875 0.288889 0.025 0.0444444
17 0.990625 0.244444 0.01875 0.133333
10 0.075 0.322222 0.0625 0.0666667
1 0.1 0.333333 0.0125 0.0444444
1 0.11875 0.333333 0.025 0.0444444
1 0.125 0.333333 0.0625 0.0888889
1 0.14375 0.333333 0.025 0.0444444
11 0.15 0.333333 0.0125 0.0444444
11 0.16875 0.333333 0.025 0.0444444
11 0.175 0.333333 0.0125 0.0444444
11 0.08125 0.355556 0.025 0.0444444
11 0.09375 0.355556 0.025 0.0444444
60 0.1 0.355556 0.0375 0.0444444
26 0.11875 0.355556 0.025 0.0444444
26 0.15 0.355556 0.0125 0.0444444
60 0.18125 0.344444 0.05 0.0666667
60 0.2 0.344444 0.0625 0.0666667
3 0.2125 0.344444 0.0625 0.0666667
10 0.5375 0.333333 0.0375 0.0444444
8 0.65 0.355556 0.1375 0.0444444
0 0.6375 0.344444 0.0625 0.0666667
0 0.64375 0.344444 0.025 0.0666667
9 0.66875 0.344444 0.075 0.0666667
8 0.8875 0.333333 0.0625 0.0888889
16 0.990625 0.322222 0.01875 0.111111
12 0.10625 0.388889 0.075 0.111111
10 0.61875 0.377778 0.075 0.0444444
10 0.6625 0.366667 0.1125 0.0666667
32 0.9875 0.377778 0.0125 0.0444444
16 0.990625 0.355556 0.01875 0.0888889
12 0.028125 0.388889 0.05625 0.0666667
29 0.046875 0.388889 0.09375 0.111111
26 0.1 0.411111 0.0625 0.0666667
25 0.7125 0.411111 0.1125 0.0666667
6 0.76875 0.4 0.075 0.0444444
11 0.88125 0.388889 0.075 0.0666667
26 0.9875 0.388889 0.0125 0.0666667
29 0.034375 0.433333 0.06875 0.0666667
26 0.075 0.433333 0.0375 0.0666667
11 0.08125 0.422222 0.025 0.0444444
12 0.09375 0.422222 0.05 0.0888889
6 0.74375 0.411111 0.125 0.0666667
21 0.8875 0.4 0.0875 0.0888889
26 0.9875 0.422222 0.0125 0.0444444
10 0.990625 0.422222 0.01875 0.0444444
12 0.053125 0.444444 0.10625 0.0888889
8 0.034375 0.455556 0.06875 0.111111
8 0.03125 0.444444 0.05 0.0444444
26 0.04375 0.433333 0.025 0.0666667
26 0.05625 0.455556 0.025 0.0666667
25 0.06875 0.444444 0.025 0.0888889
2 0.08125 0.433333 0.025 0.0666667
0 0.0875 0.433333 0.0375 0.0666667
0 0.1 0.422222 0.0375 0.0888889
1 0.10625 0.422222 0.05 0.0888889
1 0.1125 0.433333 0.0375 0.0666667
1 0.15625 0.444444 0.1 0.0888889
3 0.1625 0.444444 0.0875 0.0888889
26 0.2 0.366667 0.1375 0.2
11 0.7 0.444444 0.1125 0.0444444
8 0.71875 0.455556 0.125 0.0222222
44 0.75625 0.444444 0.125 0.0444444
43 0.90625 0.433333 0.15 0.111111
11 0.90625 0.433333 0.15 0.0666667
16 0.990625 0.444444 0.01875 0.0444444
8 0.021875 0.477778 0.04375 0.0666667
12 0.03125 0.466667 0.025 0.0444444
2 0.06875 0.444444 0.025 0.0888889
2 0.075 0.444444 0.0375 0.0888889
10 0.0875 0.444444 0.0375 0.0888889
10 0.10625 0.455556 0.05 0.111111
10 0.14375 0.455556 0.1 0.111111
4 0.41875 0.477778 0.125 0.0666667
6 0.3875 0.477778 0.0375 0.0666667
9 0.41875 0.466667 0.05 0.0444444
43 0.73125 0.466667 0.15 0.0444444
44 0.74375 0.466667 0.15 0.0444444
43 0.925 0.477778 0.1125 0.0666667
16 0.990625 0.444444 0.01875 0.0888889
10 0.015625 0.488889 0.03125 0.0888889
2 0.0625 0.466667 0.0375 0.0888889
12 0.06875 0.466667 0.05 0.0888889
0 0.0875 0.466667 0.0625 0.0888889
25 0.1375 0.488889 0.0875 0.0444444
25 0.15 0.466667 0.0875 0.0888889
25 0.18125 0.477778 0.15 0.111111
11 0.625 0.477778 0.1375 0.0666667
8 0.6625 0.477778 0.1375 0.0666667
19 0.64375 0.466667 0.05 0.0444444
14 0.70625 0.477778 0.15 0.0666667
25 0.725 0.477778 0.1375 0.0666667
19 0.71875 0.477778 0.175 0.0666667
60 0.034375 0.511111 0.06875 0.0888889
12 0.06875 0.433333 0.05 0.2
25 0.46875 0.5 0.1 0.0666667
8 0.5875 0.5 0.0625 0.0666667
21 0.64375 0.488889 0.05 0.0888889
25 0.71875 0.488889 0.15 0.0888889
25 0.7375 0.5 0.1375 0.0666667
43 0.8125 0.522222 0.1625 0.0666667
43 0.8625 0.522222 0.1375 0.0666667
44 0.85 0.522222 0.1625 0.0666667
11 0.61875 0.533333 0.075 0.0444444
11 0.675 0.533333 0.1375 0.0444444
44 0.66875 0.533333 0.125 0.0444444
21 0.69375 0.544444 0.1 0.0222222
21 0.675 0.544444 0.0625 0.0222222
25 0.69375 0.544444 0.075 0.0222222
11 0.725 0.533333 0.0625 0.0444444
9 0.73125 0.533333 0.075 0.0444444
44 0.81875 0.533333 0.125 0.0444444
43 0.7875 0.533333 0.1125 0.0444444
13 0.8125 0.544444 0.1625 0.0666667
34 0.85 0.544444 0.1125 0.0666667
34 0.85 0.544444 0.1625 0.0666667
44 0.85625 0.533333 0.075 0.0444444
9 0.021875 0.588889 0.04375 0.0666667
11 0.08125 0.611111 0.05 0.0666667
9 0.015625 0.622222 0.03125 0.0888889
60 0.075 0.677778 0.0625 0.0666667
25 0.0875 0.655556 0.0625 0.0666667
6 0.5 0.633333 0.1625 0.0666667
21 0.53125 0.644444 0.175 0.0888889
21 0.53125 0.633333 0.05 0.0666667
16 0.990625 0.677778 0.01875 0.422222
11 0.015625 0.644444 0.03125 0.0888889
25 0.09375 0.688889 0.075 0.0444444
44 0.55 0.655556 0.1875 0.111111
14 0.65 0.655556 0.1375 0.0666667
44 0.61875 0.666667 0.05 0.0888889
44 0.64375 0.666667 0.075 0.0444444
11 0.8875 0.655556 0.0875 0.0666667
16 0.990625 0.588889 0.01875 0.2
11 0.021875 0.677778 0.04375 0.0666667
47 0.09375 0.7 0.025 0.0666667
6 0.45625 0.688889 0.075 0.0444444
11 0.38125 0.7 0.075 0.0666667
6 0.4 0.7 0.1125 0.0666667
25 0.63125 0.7 0.2 0.111111
21 0.675 0.7 0.1375 0.0666667
23 0.021875 0.722222 0.04375 0.0666667
8 0.021875 0.744444 0.04375 0.0222222
10 0.39375 0.733333 0.05 0.0444444
9 0.425 0.722222 0.0625 0.0666667
11 0.5375 0.722222 0.1875 0.0666667
17 0.64375 0.7 0.075 0.0666667
14 0.65 0.7 0.0875 0.0666667
25 0.68125 0.711111 0.1 0.0888889
21 0.1 0.744444 0.0375 0.0666667
11 0.1375 0.744444 0.0625 0.0666667
11 0.325 0.744444 0.1125 0.0666667
11 0.3125 0.744444 0.0625 0.111111
4 0.39375 0.755556 0.075 0.0444444
4 0.40625 0.755556 0.05 0.0444444
4 0.425 0.744444 0.0625 0.0666667
