6 0.021875 0.0222222 0.04375 0.0444444
65 0.021875 0.0111111 0.04375 0.0222222
4 0.034375 0.0222222 0.06875 0.0444444
2 0.034375 0.0222222 0.06875 0.0444444
4 0.05 0.0222222 0.0875 0.0444444
2 0.1125 0.0111111 0.0375 0.0222222
2 0.1125 0.0222222 0.0375 0.0444444
3 0.125 0.0222222 0.0625 0.0444444
53 0.18125 0.0222222 0.15 0.0444444
6 0.2 0.0222222 0.1125 0.0444444
21 0.24375 0.0222222 0.1 0.0444444
21 0.3125 0.0111111 0.0875 0.0222222
32 0.31875 0.0111111 0.1 0.0222222
3 0.3625 0.0111111 0.0375 0.0222222
64 0.36875 0.0111111 0.05 0.0222222
16 0.375 0.0111111 0.0625 0.0222222
10 0.39375 0.0111111 0.05 0.0222222
6 0.39375 0.0222222 0.05 0.0444444
6 0.45625 0.0222222 0.175 0.0444444
53 0.4375 0.0222222 0.1375 0.0444444
21 0.45 0.0222222 0.1375 0.0444444
3 0.475 0.0222222 0.0875 0.0444444
53 0.4875 0.0222222 0.0625 0.0444444
53 0.525 0.0222222 0.1375 0.0444444
64 0.51875 0.0222222 0.125 0.0444444
64 0.525 0.0111111 0.0625 0.0222222
64 0.53125 0.0333333 0.075 0.0666667
3 0.5625 0.0222222 0.0125 0.0444444
3 0.5875 0 0.0625 0
3 0.59375 0 0.05 0
25 0.9 0.0222222 0.1375 0.0444444
6 0.015625 0.0222222 0.03125 0.0444444
2 0.021875 0.0333333 0.04375 0.0666667
1 0.034375 0.0222222 0.06875 0.0444444
2 0.04375 0.0222222 0.05 0.0444444
53 0.05625 0.0333333 0.1 0.0666667
2 0.1125 0.0222222 0.0375 0.0444444
6 0.15 0.0333333 0.0875 0.0666667
50 0.15 0.0333333 0.0875 0.0666667
6 0.2125 0.0333333 0.0625 0.0666667
6 0.225 0.0333333 0.0625 0.0666667
7 0.225 0.0222222 0.0625 0.0444444
21 0.2625 0.0333333 0.0625 0.0666667
21 0.25625 0.0333333 0.1 0.0666667
21 0.29375 0.0222222 0.05 0.0444444
15 0.3 0.0222222 0.0375 0.0444444
66 0.33125 0.0222222 0.05 0.0444444
21 0.38125 0.0222222 0.05 0.0444444
2 0.39375 0.0222222 0.05 0.0444444
2 0.4125 0.0222222 0.0625 0.0444444
6 0.4125 0.0333333 0.0875 0.0666667
53 0.475 0.0222222 0.0875 0.0444444
53 0.525 0.0333333 0.1625 0.0666667
2 0.50625 0.0333333 0.1 0.0666667
64 0.5375 0.0222222 0.0875 0.0444444
64 0.5625 0.0222222 0.0375 0.0444444
44 0.90625 0.0333333 0.125 0.0666667
2 0.015625 0.0333333 0.03125 0.0666667
2 0.015625 0.0444444 0.03125 0.0444444
6 0.021875 0.0444444 0.04375 0.0444444
6 0.04375 0.0444444 0.05 0.0444444
6 0.1125 0.0333333 0.0375 0.0666667
6 0.125 0.0555556 0.0625 0.0666667
6 0.1625 0.0444444 0.1625 0.0888889
6 0.1875 0.0444444 0.1625 0.0888889
6 0.2 0.0444444 0.0625 0.0888889
6 0.2125 0.0444444 0.0625 0.0888889
6 0.325 0.0444444 0.0875 0.0888889
65 0.35625 0.0333333 0.05 0.0666667
6 0.36875 0.0444444 0.075 0.0888889
6 0.4 0.0444444 0.0625 0.0888889
4 0.4 0.0333333 0.0875 0.0666667
6 0.45 0.0444444 0.1625 0.0888889
6 0.46875 0.0555556 0.175 0.0666667
6 0.50625 0.0555556 0.175 0.0666667
2 0.51875 0.0333333 0.175 0.0666667
6 0.49375 0.0333333 0.1 0.0666667
6 0.50625 0.0444444 0.1 0.0888889
2 0.5375 0.0555556 0.0625 0.0666667
64 0.5375 0.0555556 0.0875 0.0666667
6 0.5625 0.0444444 0.0625 0.0888889
6 0.56875 0.0555556 0.075 0.0666667
2 0.01875 0.0555556 0.025 0.0222222
6 0.03125 0.0666667 0.025 0.0444444
6 0.034375 0.0666667 0.06875 0.0444444
6 0.1125 0.0555556 0.0625 0.0666667
6 0.1625 0.0666667 0.1625 0.0444444
6 0.19375 0.0666667 0.05 0.0444444
6 0.25625 0.0666667 0.1 0.0888889
6 0.2625 0.0777778 0.0875 0.0666667
6 0.2875 0.0777778 0.0875 0.0666667
2 0.30625 0.0666667 0.1 0.0888889
6 0.3375 0.0666667 0.0375 0.0888889
6 0.35 0.0555556 0.0375 0.0666667
6 0.35625 0.0777778 0.05 0.0666667
6 0.38125 0.0666667 0.075 0.0444444
6 0.4 0.0666667 0.0625 0.0444444
6 0.4125 0.0666667 0.0625 0.0444444
6 0.4625 0.0666667 0.1375 0.0444444
6 0.49375 0.0666667 0.125 0.0444444
2 0.5375 0.0555556 0.0375 0.111111
2 0.55 0.0555556 0.0625 0.111111
2 0.5625 0.0555556 0.0625 0.111111
2 0.56875 0.0444444 0.075 0.0888889
6 0.6125 0.0444444 0.1625 0.0888889
6 0.61875 0.0555556 0.075 0.0666667
6 0.7625 0.0555556 0.1125 0.0666667
4 0.775 0.0555556 0.1375 0.0666667
43 0.8625 0.0666667 0.1125 0.0444444
0 0.978125 0.0333333 0.04375 0.0666667
21 0.978125 0.0333333 0.04375 0.0666667
60 0.015625 0.0666667 0.03125 0.0444444
6 0.015625 0.0666667 0.03125 0.0444444
6 0.034375 0.0555556 0.06875 0.0666667
6 0.125 0.0777778 0.0875 0.0666667
6 0.19375 0.0777778 0.05 0.0666667
6 0.1875 0.0777778 0.0875 0.0666667
6 0.29375 0.0888889 0.05 0.0888889
2 0.35625 0.0888889 0.05 0.0444444
6 0.40625 0.0888889 0.05 0.0444444
6 0.40625 0.0777778 0.1 0.0666667
6 0.4625 0.0888889 0.1625 0.0444444
6 0.44375 0.0888889 0.1 0.0444444
6 0.45625 0.0777778 0.1 0.0666667
6 0.48125 0.0777778 0.1 0.0666667
2 0.49375 0.0666667 0.1 0.0444444
6 0.5 0.0666667 0.0875 0.0888889
2 0.5375 0.0777778 0.0375 0.0666667
2 0.55 0.0777778 0.0625 0.0666667
2 0.5625 0.0888889 0.0625 0.0444444
6 0.56875 0.0888889 0.075 0.0444444
6 0.60625 0.0777778 0.05 0.0666667
6 0.61875 0.0888889 0.05 0.0444444
10 0.7375 0.0666667 0.0625 0.0444444
10 0.7375 0.0555556 0.0375 0.0666667
44 0.7625 0.0555556 0.1125 0.0666667
4 0.8 0.0777778 0.1375 0.0666667
34 0.8125 0.0777778 0.1375 0.0666667
4 0.83125 0.0666667 0.125 0.0444444
34 0.85625 0.0666667 0.1 0.0444444
4 0.86875 0.0666667 0.125 0.0444444
44 0.940625 0.0777778 0.11875 0.0666667
6 0.940625 0.0777778 0.11875 0.0666667
8 0.946875 0.0666667 0.10625 0.0444444
30 0.953125 0.0666667 0.09375 0.0444444
60 0.015625 0.0777778 0.03125 0.111111
25 0.021875 0.0777778 0.04375 0.0666667
6 0.028125 0.0777778 0.05625 0.0666667
6 0.08125 0.0888889 0.1 0.0888889
6 0.09375 0.0777778 0.1 0.0666667
6 0.14375 0.0777778 0.1 0.0666667
6 0.16875 0.0888889 0.1 0.0444444
6 0.2 0.0888889 0.0875 0.0444444
6 0.25625 0.111111 0.1 0.0888889
6 0.275 0.111111 0.0875 0.0444444
6 0.29375 0.122222 0.1 0.0666667
6 0.35625 0.111111 0.05 0.0444444
6 0.38125 0.1 0.075 0.111111
6 0.40625 0.0888889 0.1 0.0444444
6 0.4625 0.0888889 0.0875 0.0888889
2 0.5625 0.0777778 0.0625 0.0666667
6 0.55625 0.0888889 0.075 0.0888889
43 0.85625 0.1 0.075 0.0222222
43 0.86875 0.0888889 0.075 0.0444444
34 0.8875 0.0777778 0.0875 0.0666667
34 0.8625 0.1 0.1125 0.0666667
42 0.88125 0.1 0.125 0.0666667
13 0.9 0.1 0.1125 0.0666667
43 0.925 0.0888889 0.0625 0.0444444
34 0.9375 0.0888889 0.1125 0.0444444
13 0.940625 0.0777778 0.11875 0.0666667
25 0.953125 0.0777778 0.09375 0.0666667
29 0.953125 0.0888889 0.09375 0.0444444
7 0.0375 0.133333 0.0375 0.0444444
6 0.05 0.122222 0.0375 0.0666667
10 0.2125 0.111111 0.0625 0.0888889
6 0.33125 0.133333 0.125 0.0888889
6 0.33125 0.122222 0.1 0.0666667
6 0.35625 0.122222 0.05 0.0666667
6 0.36875 0.122222 0.05 0.0666667
10 0.43125 0.122222 0.05 0.0666667
6 0.45625 0.122222 0.1 0.0666667
2 0.55 0.122222 0.0625 0.0666667
6 0.5625 0.111111 0.0625 0.0888889
6 0.575 0.122222 0.0875 0.0666667
7 0.6125 0.122222 0.0625 0.0666667
25 0.053125 0.144444 0.10625 0.0666667
11 0.01875 0.144444 0.025 0.0666667
11 0.984375 0.144444 0.03125 0.0666667
6 0.45625 0.155556 0.1 0.0444444
4 0.46875 0.155556 0.1 0.0444444
11 0.028125 0.166667 0.05625 0.0666667
8 0.021875 0.188889 0.04375 0.0666667
6 0.48125 0.211111 0.025 0.0666667
6 0.49375 0.188889 0.025 0.0666667
6 0.5125 0.2 0.0375 0.0444444
8 0.959375 0.2 0.08125 0.0888889
12 0.978125 0.177778 0.04375 0.133333
8 0.053125 0.211111 0.10625 0.111111
32 0.021875 0.233333 0.04375 0.0666667
3 0.03125 0.222222 0.025 0.0444444
10 0.05 0.222222 0.0625 0.0444444
10 0.31875 0.211111 0.05 0.0666667
6 0.33125 0.211111 0.05 0.0666667
6 0.45625 0.211111 0.025 0.0666667
6 0.4625 0.211111 0.0125 0.0666667
21 0.48125 0.222222 0.05 0.0888889
21 0.5 0.211111 0.0375 0.0666667
10 0.5125 0.211111 0.0375 0.0666667
6 0.56875 0.222222 0.15 0.0888889
6 0.60625 0.222222 0.075 0.0888889
6 0.63125 0.222222 0.075 0.0888889
13 0.88125 0.222222 0.05 0.0444444
11 0.025 0.244444 0.0375 0.0444444
6 0.30625 0.255556 0.075 0.0666667
6 0.39375 0.255556 0.175 0.0666667
66 0.48125 0.255556 0.175 0.0666667
6 0.4625 0.255556 0.0875 0.0666667
6 0.5125 0.244444 0.0625 0.0444444
6 0.5375 0.222222 0.0875 0.0888889
8 0.953125 0.255556 0.09375 0.111111
10 0.984375 0.211111 0.03125 0.111111
11 0.01875 0.288889 0.025 0.0444444
44 0.09375 0.255556 0.1 0.0666667
6 0.31875 0.266667 0.175 0.0444444
66 0.35625 0.266667 0.1 0.0444444
42 0.4 0.266667 0.1125 0.0444444
66 0.45 0.266667 0.1625 0.0444444
4 0.4875 0.266667 0.1625 0.0888889
4 0.4625 0.266667 0.0875 0.0888889
4 0.46875 0.277778 0.1 0.0666667
6 0.49375 0.277778 0.075 0.0666667
6 0.51875 0.277778 0.05 0.0666667
6 0.58125 0.266667 0.1 0.0444444
6 0.6125 0.277778 0.1125 0.0666667
8 0.984375 0.255556 0.03125 0.0666667
11 0.015625 0.288889 0.03125 0.0444444
6 0.35 0.3 0.1125 0.0222222
9 0.325 0.3 0.0125 0.0222222
10 0.33125 0.288889 0.025 0.0444444
9 0.34375 0.288889 0.025 0.0444444
9 0.35625 0.277778 0.025 0.0666667
2 0.4625 0.288889 0.0375 0.0444444
5 0.4625 0.288889 0.0125 0.0444444
10 0.48125 0.3 0.025 0.0222222
2 0.49375 0.311111 0.025 0.0444444
4 0.50625 0.288889 0.025 0.0444444
4 0.50625 0.3 0.075 0.0666667
6 0.58125 0.288889 0.1 0.0888889
6 0.65625 0.288889 0.175 0.0888889
8 0.953125 0.288889 0.09375 0.0888889
10 0.953125 0.288889 0.09375 0.0888889
9 0.984375 0.211111 0.03125 0.2
8 0.053125 0.322222 0.10625 0.0666667
8 0.015625 0.311111 0.03125 0.0444444
53 0.4625 0.322222 0.0625 0.0222222
7 0.46875 0.322222 0.025 0.0666667
10 0.4625 0.333333 0.0125 0.0444444
10 0.48125 0.333333 0.025 0.0444444
2 0.49375 0.333333 0.025 0.0444444
7 0.50625 0.333333 0.025 0.0444444
10 0.984375 0.288889 0.03125 0.0888889
8 0.053125 0.333333 0.10625 0.0444444
8 0.015625 0.333333 0.03125 0.0444444
60 0.40625 0.344444 0.075 0.0666667
55 0.475 0.333333 0.0375 0.0444444
12 0.48125 0.333333 0.025 0.0444444
12 0.49375 0.333333 0.025 0.0444444
60 0.053125 0.344444 0.10625 0.0666667
8 0.015625 0.355556 0.03125 0.0444444
49 0.4 0.355556 0.0625 0.0888889
10 0.41875 0.355556 0.05 0.0444444
60 0.46875 0.366667 0.15 0.0666667
12 0.48125 0.355556 0.025 0.0444444
12 0.49375 0.355556 0.025 0.0444444
12 0.49375 0.344444 0.025 0.0666667
6 0.79375 0.355556 0.1 0.0888889
21 0.4 0.366667 0.0625 0.0666667
21 0.41875 0.377778 0.05 0.0444444
10 0.49375 0.355556 0.05 0.0888889
8 0.959375 0.411111 0.08125 0.111111
12 0.953125 0.377778 0.09375 0.133333
10 0.34375 0.433333 0.025 0.0666667
0 0.35625 0.444444 0.05 0.0888889
10 0.375 0.433333 0.0625 0.0666667
10 0.3875 0.433333 0.0375 0.0666667
43 0.15625 0.444444 0.075 0.0444444
3 0.35 0.433333 0.0125 0.0666667
0 0.375 0.444444 0.0125 0.0888889
0 0.3875 0.444444 0.0375 0.0888889
3 0.39375 0.455556 0.025 0.0666667
60 0.15 0.444444 0.0625 0.0444444
12 0.3625 0.466667 0.0125 0.0444444
12 0.36875 0.466667 0.025 0.0444444
3 0.375 0.477778 0.0625 0.0666667
21 0.3875 0.477778 0.0375 0.0666667
8 0.959375 0.466667 0.08125 0.0888889
10 0.978125 0.455556 0.04375 0.0666667
6 0.05625 0.477778 0.075 0.0666667
8 0.028125 0.511111 0.05625 0.0444444
