43 0.040625 0.0222222 0.08125 0.0444444
6 0.071875 0.0111111 0.14375 0.0222222
23 0.1125 0.0111111 0.1125 0.0222222
17 0.125 0.0222222 0.1375 0.0444444
17 0.11875 0.0111111 0.075 0.0222222
21 0.125 0.0111111 0.0875 0.0222222
25 0.15625 0.0111111 0.075 0.0222222
4 0.16875 0.0111111 0.125 0.0222222
23 0.2 0.0111111 0.0625 0.0222222
53 0.24375 0.0111111 0.15 0.0222222
44 0.19375 0.0111111 0.275 0.0222222
4 0.2 0.0111111 0.3125 0.0222222
4 0.25 0.0111111 0.2125 0.0222222
4 0.2625 0.0111111 0.0875 0.0222222
29 0.28125 0.0111111 0.075 0.0222222
8 0.2875 0.0111111 0.0875 0.0222222
53 0.3 0.0111111 0.0875 0.0222222
53 0.325 0.0111111 0.1125 0.0222222
25 0.4375 0.0111111 0.1125 0.0222222
25 0.4625 0.0111111 0.1125 0.0222222
43 0.825 0.0111111 0.1125 0.0222222
43 0.85 0.0111111 0.1125 0.0222222
43 0.875 0.0111111 0.1125 0.0222222
43 0.9 0.0111111 0.1125 0.0222222
43 0.9375 0.0111111 0.1125 0.0222222
21 0.990625 0.0111111 0.01875 0.0222222
6 0.040625 0.0222222 0.08125 0.0444444
25 0.11875 0.0111111 0.125 0.0222222
4 0.08125 0.0111111 0.05 0.0222222
4 0.1125 0.0111111 0.0625 0.0222222
23 0.13125 0.0222222 0.075 0.0444444
4 0.16875 0.0111111 0.05 0.0222222
4 0.1875 0.0111111 0.0625 0.0222222
4 0.20625 0.0111111 0.05 0.0222222
23 0.2375 0.0111111 0.1375 0.0222222
25 0.25625 0.0111111 0.15 0.0222222
4 0.2875 0.0111111 0.1375 0.0222222
25 0.30625 0.0111111 0.15 0.0222222
25 0.28125 0.0111111 0.075 0.0222222
29 0.2875 0.0111111 0.0875 0.0222222
23 0.5375 0.0111111 0.1375 0.0222222
23 0.54375 0.0111111 0.15 0.0222222
23 0.5625 0.0111111 0.1625 0.0222222
6 0.984375 0.0111111 0.03125 0.0222222
8 0.978125 0.0111111 0.04375 0.0222222
6 0.06875 0.0444444 0.05 0.0444444
4 0.0625 0.0444444 0.0625 0.0444444
4 0.08125 0.0444444 0.05 0.0444444
4 0.10625 0.0444444 0.025 0.0444444
4 0.23125 0.0444444 0.125 0.0444444
4 0.1625 0.0444444 0.3125 0.0444444
4 0.2625 0.0444444 0.1375 0.0444444
4 0.2875 0.0444444 0.1375 0.0444444
4 0.26875 0.0444444 0.225 0.0444444
4 0.325 0.0444444 0.1375 0.0444444
4 0.31875 0.0444444 0.2 0.0444444
4 0.40625 0.0444444 0.125 0.0444444
4 0.43125 0.0444444 0.15 0.0444444
23 0.41875 0.0444444 0.275 0.0444444
22 0.51875 0.0444444 0.15 0.0444444
18 0.55 0.0444444 0.1375 0.0444444
4 0.48125 0.0444444 0.3 0.0444444
4 0.58125 0.0444444 0.125 0.0444444
19 0.54375 0.0444444 0.3 0.0444444
4 0.55625 0.0444444 0.3 0.0444444
18 0.56875 0.0444444 0.3 0.0444444
19 0.6625 0.0444444 0.1375 0.0444444
18 0.68125 0.0444444 0.125 0.0444444
19 0.6875 0.0444444 0.1375 0.0444444
19 0.71875 0.0444444 0.125 0.0444444
19 0.73125 0.0333333 0.125 0.0666667
18 0.74375 0.0333333 0.125 0.0666667
18 0.76875 0.0222222 0.125 0.0444444
19 0.78125 0.0333333 0.125 0.0222222
20 0.80625 0.0222222 0.15 0.0444444
20 0.825 0.0333333 0.1375 0.0222222
21 0.8375 0.0333333 0.1375 0.0222222
21 0.8625 0.0333333 0.1375 0.0222222
21 0.9 0.0333333 0.1375 0.0222222
21 0.9 0.0222222 0.1625 0.0444444
21 0.928125 0.0444444 0.14375 0.0444444
20 0.946875 0.0222222 0.10625 0.0444444
6 0.965625 0.0222222 0.06875 0.0444444
5 0.978125 0.0222222 0.04375 0.0444444
6 0.975 0.0222222 0.0375 0.0444444
0 0.990625 0.0333333 0.01875 0.0666667
8 0.021875 0.0444444 0.04375 0.0444444
2 0.021875 0.0444444 0.04375 0.0444444
8 0.021875 0.0666667 0.04375 0.0444444
4 0.0625 0.0555556 0.0375 0.0666667
18 0.08125 0.0555556 0.025 0.0222222
2 0.08125 0.0555556 0.025 0.0222222
2 0.09375 0.0555556 0.025 0.0222222
2 0.11875 0.0666667 0.05 0.0444444
2 0.175 0.0666667 0.1125 0.0444444
6 0.1625 0.0555556 0.0625 0.0222222
4 0.175 0.0555556 0.0625 0.0222222
4 0.20625 0.0555556 0.125 0.0222222
4 0.2375 0.0555556 0.1375 0.0222222
4 0.23125 0.0555556 0.05 0.0222222
4 0.24375 0.0555556 0.05 0.0222222
4 0.24375 0.0555556 0.025 0.0222222
4 0.25625 0.0555556 0.025 0.0222222
4 0.26875 0.0555556 0.025 0.0222222
4 0.275 0.0555556 0.0375 0.0222222
4 0.3 0.0555556 0.0125 0.0222222
4 0.30625 0.0555556 0.025 0.0222222
19 0.31875 0.0555556 0.025 0.0222222
19 0.325 0.0555556 0.0375 0.0222222
19 0.3375 0.0555556 0.0125 0.0222222
19 0.35 0.0555556 0.0375 0.0222222
19 0.3625 0.0555556 0.0375 0.0222222
4 0.36875 0.0555556 0.05 0.0222222
4 0.3875 0.0555556 0.0625 0.0222222
4 0.4125 0.0555556 0.0375 0.0222222
18 0.4125 0.0555556 0.0375 0.0222222
19 0.4375 0.0555556 0.0125 0.0222222
19 0.49375 0.0555556 0.125 0.0222222
19 0.4625 0.0666667 0.0875 0.0444444
19 0.49375 0.0666667 0.05 0.0444444
4 0.5 0.0555556 0.0375 0.0222222
4 0.5125 0.0555556 0.0125 0.0222222
4 0.53125 0.0555556 0.025 0.0222222
4 0.5375 0.0555556 0.0375 0.0222222
4 0.55625 0.0555556 0.025 0.0222222
4 0.56875 0.0555556 0.025 0.0222222
4 0.58125 0.0555556 0.025 0.0222222
4 0.59375 0.0555556 0.025 0.0222222
4 0.60625 0.0666667 0.025 0.0444444
4 0.6125 0.0666667 0.0375 0.0444444
18 0.6375 0.0666667 0.0375 0.0444444
18 0.6375 0.0555556 0.0375 0.0222222
18 0.65 0.0555556 0.0375 0.0222222
18 0.6625 0.0555556 0.0375 0.0222222
18 0.675 0.0555556 0.0375 0.0222222
18 0.6875 0.0555556 0.0375 0.0222222
18 0.7 0.0444444 0.0375 0.0444444
18 0.76875 0.0333333 0.125 0.0222222
19 0.7625 0.0444444 0.1375 0.0444444
19 0.73125 0.0444444 0.05 0.0444444
19 0.79375 0.0444444 0.15 0.0444444
21 0.825 0.0444444 0.1375 0.0444444
21 0.8625 0.0444444 0.1375 0.0444444
21 0.9 0.0444444 0.1625 0.0444444
21 0.90625 0.0555556 0.15 0.0222222
47 0.875 0.0444444 0.0625 0.0444444
21 0.8875 0.0444444 0.0625 0.0444444
47 0.9 0.0555556 0.0625 0.0222222
44 0.940625 0.0444444 0.11875 0.0444444
5 0.971875 0.0555556 0.05625 0.0222222
6 0.9625 0.0555556 0.0625 0.0222222
8 0.9625 0.0555556 0.0625 0.0222222
2 0.021875 0.0666667 0.04375 0.0444444
2 0.034375 0.0666667 0.06875 0.0444444
4 0.028125 0.0888889 0.05625 0.0444444
2 0.040625 0.0777778 0.08125 0.0666667
2 0.075 0.0666667 0.0125 0.0444444
19 0.08125 0.0555556 0.025 0.0222222
2 0.0875 0.0666667 0.0375 0.0444444
2 0.09375 0.0666667 0.025 0.0444444
2 0.1125 0.0666667 0.0125 0.0444444
2 0.15 0.0666667 0.0625 0.0444444
2 0.16875 0.0666667 0.05 0.0444444
4 0.20625 0.0777778 0.125 0.0222222
4 0.175 0.0777778 0.0125 0.0222222
4 0.2125 0.0777778 0.0625 0.0222222
4 0.2 0.0777778 0.0125 0.0222222
2 0.21875 0.0666667 0.025 0.0444444
2 0.23125 0.0777778 0.025 0.0666667
4 0.24375 0.0666667 0.025 0.0444444
4 0.25625 0.0888889 0.025 0.0444444
4 0.26875 0.0777778 0.025 0.0222222
4 0.275 0.0777778 0.0375 0.0222222
2 0.29375 0.0666667 0.025 0.0444444
6 0.30625 0.0666667 0.025 0.0444444
6 0.31875 0.0666667 0.025 0.0444444
18 0.30625 0.0666667 0.05 0.0444444
18 0.33125 0.0666667 0.025 0.0444444
18 0.34375 0.0777778 0.025 0.0222222
19 0.3625 0.0777778 0.0375 0.0222222
6 0.3625 0.0777778 0.0625 0.0222222
4 0.36875 0.0666667 0.05 0.0444444
19 0.38125 0.0666667 0.05 0.0444444
4 0.4125 0.0777778 0.0375 0.0222222
6 0.4125 0.0666667 0.0375 0.0444444
6 0.4375 0.0777778 0.0125 0.0222222
6 0.4375 0.0777778 0.0375 0.0222222
22 0.44375 0.0777778 0.05 0.0222222
4 0.45625 0.0888889 0.075 0.0444444
4 0.4625 0.0777778 0.0875 0.0666667
2 0.50625 0.0666667 0.025 0.0444444
2 0.50625 0.0777778 0.025 0.0666667
2 0.525 0.0888889 0.0375 0.0444444
2 0.5375 0.0888889 0.0375 0.0444444
2 0.55625 0.0777778 0.025 0.0666667
2 0.5625 0.0777778 0.0375 0.0666667
2 0.575 0.0888889 0.0375 0.0444444
2 0.59375 0.0777778 0.025 0.0666667
2 0.6 0.0666667 0.0375 0.0444444
18 0.6125 0.0666667 0.0375 0.0444444
18 0.625 0.0666667 0.0375 0.0444444
18 0.65 0.0666667 0.0375 0.0444444
18 0.66875 0.0666667 0.025 0.0444444
18 0.675 0.0666667 0.0375 0.0444444
18 0.69375 0.0666667 0.05 0.0444444
19 0.675 0.0666667 0.1125 0.0444444
21 0.775 0.0666667 0.1125 0.0444444
21 0.74375 0.0666667 0.05 0.0444444
21 0.775 0.0666667 0.0375 0.0444444
21 0.7875 0.0666667 0.0375 0.0444444
55 0.79375 0.0666667 0.05 0.0444444
50 0.8 0.0777778 0.0625 0.0222222
55 0.83125 0.0777778 0.025 0.0222222
55 0.8375 0.0777778 0.0375 0.0222222
8 0.015625 0.0777778 0.03125 0.111111
8 0.021875 0.1 0.04375 0.0666667
2 0.034375 0.1 0.06875 0.0666667
6 0.028125 0.0888889 0.05625 0.0444444
4 0.0625 0.0888889 0.0625 0.0444444
4 0.06875 0.0777778 0.05 0.0666667
21 0.0625 0.0777778 0.0625 0.0666667
19 0.0875 0.0777778 0.0375 0.0666667
6 0.1 0.0777778 0.0375 0.0666667
6 0.1125 0.0777778 0.0125 0.0666667
6 0.15 0.0777778 0.0625 0.0666667
6 0.16875 0.0888889 0.05 0.0444444
4 0.1875 0.0888889 0.0625 0.0444444
4 0.18125 0.0888889 0.025 0.0444444
2 0.1875 0.0888889 0.0375 0.0444444
2 0.19375 0.0888889 0.025 0.0444444
2 0.21875 0.0888889 0.025 0.0444444
2 0.23125 0.0888889 0.025 0.0444444
2 0.24375 0.0888889 0.025 0.0444444
6 0.25625 0.0888889 0.025 0.0444444
6 0.2625 0.0888889 0.0375 0.0444444
6 0.275 0.0777778 0.0375 0.0222222
6 0.2875 0.0777778 0.0375 0.0222222
6 0.29375 0.0666667 0.025 0.0444444
6 0.30625 0.0666667 0.05 0.0444444
14 0.3125 0.0666667 0.0375 0.0444444
19 0.33125 0.0888889 0.025 0.0444444
19 0.35 0.0777778 0.0375 0.0222222
6 0.3625 0.0777778 0.0375 0.0222222
6 0.375 0.0777778 0.0375 0.0222222
2 0.38125 0.0777778 0.025 0.0222222
6 0.39375 0.0777778 0.025 0.0222222
6 0.40625 0.0777778 0.025 0.0222222
6 0.425 0.0777778 0.0375 0.0222222
19 0.4375 0.0777778 0.0125 0.0222222
19 0.44375 0.0888889 0.025 0.0444444
47 0.44375 0.0888889 0.05 0.0444444
4 0.4875 0.0888889 0.0375 0.0444444
4 0.50625 0.0888889 0.025 0.0444444
2 0.5125 0.0888889 0.0375 0.0444444
4 0.53125 0.0888889 0.025 0.0444444
2 0.54375 0.0888889 0.025 0.0444444
2 0.55 0.0888889 0.0125 0.0444444
4 0.5625 0.0888889 0.0375 0.0444444
4 0.575 0.0888889 0.0375 0.0444444
4 0.5875 0.0888889 0.0375 0.0444444
4 0.6 0.0888889 0.0375 0.0444444
18 0.6125 0.0888889 0.0375 0.0444444
17 0.63125 0.0888889 0.025 0.0444444
14 0.6375 0.0777778 0.0375 0.0222222
14 0.65625 0.0777778 0.025 0.0222222
14 0.6625 0.0777778 0.0375 0.0222222
14 0.675 0.0777778 0.0375 0.0222222
14 0.6875 0.0777778 0.0375 0.0222222
19 0.7 0.0888889 0.0125 0.0444444
21 0.71875 0.0888889 0.025 0.0444444
21 0.73125 0.0888889 0.025 0.0444444
21 0.76875 0.0888889 0.075 0.0444444
55 0.775 0.0888889 0.0875 0.0444444
8 0.009375 0.1 0.01875 0.0666667
8 0.034375 0.1 0.06875 0.0666667
6 0.20625 0.122222 0.125 0.0222222
4 0.16875 0.122222 0.025 0.0222222
4 0.175 0.122222 0.0375 0.0222222
4 0.19375 0.122222 0.025 0.0222222
6 0.19375 0.122222 0.025 0.0222222
17 0.2125 0.111111 0.0125 0.0444444
18 0.2375 0.1 0.0375 0.0222222
21 0.24375 0.1 0.025 0.0222222
21 0.25625 0.111111 0.025 0.0444444
17 0.28125 0.111111 0.025 0.0444444
6 0.2875 0.111111 0.0375 0.0444444
21 0.30625 0.111111 0.05 0.0444444
4 0.34375 0.111111 0.05 0.0444444
4 0.35625 0.111111 0.05 0.0444444
4 0.38125 0.111111 0.05 0.0444444
4 0.39375 0.111111 0.075 0.0444444
6 0.425 0.111111 0.0375 0.0444444
4 0.44375 0.111111 0.075 0.0444444
4 0.4625 0.122222 0.0875 0.0222222
4 0.51875 0.122222 0.025 0.0222222
21 0.53125 0.111111 0.05 0.0444444
6 0.55625 0.111111 0.025 0.0444444
19 0.56875 0.111111 0.025 0.0444444
19 0.575 0.122222 0.0375 0.0222222
19 0.59375 0.122222 0.025 0.0222222
