19 0.065625 0.0222222 0.13125 0.0444444
60 0.065625 0.0111111 0.13125 0.0222222
25 0.065625 0 0.13125 0
25 0.071875 0.0111111 0.14375 0.0222222
20 0.09375 0 0.05 0
17 0.09375 0.0111111 0.05 0.0222222
18 0.11875 0.0111111 0.05 0.0222222
18 0.1625 0.0111111 0.1375 0.0222222
20 0.13125 0.0111111 0.15 0.0222222
2 0.20625 0.0111111 0.05 0.0222222
11 0.2125 0.0222222 0.0625 0.0444444
11 0.275 0.0111111 0.1625 0.0222222
29 0.29375 0.0222222 0.15 0.0444444
25 0.3125 0.0111111 0.1375 0.0222222
25 0.30625 0.0111111 0.225 0.0222222
25 0.31875 0.0111111 0.225 0.0222222
43 0.33125 0.0111111 0.225 0.0222222
21 0.41875 0.0111111 0.225 0.0222222
21 0.44375 0.0111111 0.175 0.0222222
25 0.425 0.0111111 0.2625 0.0222222
25 0.4875 0.0111111 0.1625 0.0222222
43 0.5 0.0111111 0.1625 0.0222222
25 0.475 0.0111111 0.2625 0.0222222
43 0.4875 0.0111111 0.2625 0.0222222
43 0.50625 0.0111111 0.25 0.0222222
43 0.6125 0.0111111 0.2375 0.0222222
43 0.70625 0.0111111 0.15 0.0222222
43 0.71875 0 0.15 0
21 0.81875 0.0111111 0.2 0.0222222
25 0.80625 0.0111111 0.25 0.0222222
43 0.88125 0.0111111 0.15 0.0222222
11 0.86875 0.0111111 0.25 0.0222222
4 0.921875 0.0111111 0.15625 0.0222222
25 0.915625 0.0111111 0.16875 0.0222222
25 0.953125 0.0111111 0.09375 0.0222222
25 0.953125 0 0.09375 0
74 0.965625 0 0.06875 0
18 0.065625 0.0222222 0.13125 0.0444444
14 0.065625 0.0111111 0.13125 0.0222222
18 0.065625 0.0222222 0.13125 0.0444444
18 0.065625 0.0111111 0.13125 0.0222222
20 0.1 0.0222222 0.1125 0.0444444
19 0.075 0.0222222 0.0625 0.0444444
18 0.08125 0.0222222 0.075 0.0444444
18 0.1 0.0222222 0.0625 0.0444444
16 0.11875 0.0222222 0.05 0.0444444
18 0.1625 0.0222222 0.1125 0.0444444
2 0.175 0.0222222 0.0625 0.0444444
2 0.2125 0.0333333 0.0375 0.0666667
18 0.20625 0.0333333 0.05 0.0666667
18 0.23125 0.0333333 0.025 0.0666667
18 0.28125 0.0333333 0.125 0.0666667
18 0.2875 0.0222222 0.1375 0.0444444
18 0.3125 0.0222222 0.1375 0.0444444
18 0.29375 0.0222222 0.2 0.0444444
19 0.325 0.0222222 0.1625 0.0444444
20 0.3375 0.0222222 0.2125 0.0444444
21 0.35625 0.0222222 0.225 0.0444444
21 0.40625 0.0222222 0.15 0.0444444
21 0.61875 0.0222222 0.15 0.0444444
19 0.86875 0.0222222 0.175 0.0444444
11 0.8875 0.0111111 0.0375 0.0222222
18 0.978125 0.0222222 0.04375 0.0444444
18 0.065625 0.0333333 0.13125 0.0666667
17 0.040625 0.0333333 0.08125 0.0666667
17 0.06875 0.0222222 0.05 0.0444444
18 0.075 0.0333333 0.0875 0.0666667
17 0.1 0.0333333 0.0625 0.0666667
18 0.11875 0.0222222 0.075 0.0444444
18 0.15625 0.0333333 0.15 0.0666667
18 0.19375 0.0222222 0.125 0.0444444
18 0.16875 0.0333333 0.1 0.0666667
2 0.19375 0.0333333 0.075 0.0666667
2 0.2 0.0333333 0.0625 0.0666667
17 0.21875 0.0333333 0.025 0.0666667
18 0.24375 0.0333333 0.05 0.0666667
18 0.2625 0.0333333 0.0625 0.0666667
18 0.30625 0.0333333 0.125 0.0666667
18 0.30625 0.0333333 0.15 0.0666667
19 0.31875 0.0333333 0.125 0.0666667
19 0.3 0.0333333 0.0875 0.0666667
18 0.3375 0.0333333 0.0625 0.0666667
19 0.36875 0.0222222 0.225 0.0444444
21 0.38125 0.0222222 0.075 0.0444444
21 0.425 0.0333333 0.2125 0.0666667
18 0.48125 0.0333333 0.125 0.0666667
20 0.50625 0.0222222 0.15 0.0444444
19 0.5125 0.0333333 0.1375 0.0666667
16 0.525 0.0333333 0.1375 0.0666667
16 0.5375 0.0333333 0.1125 0.0666667
20 0.54375 0.0222222 0.175 0.0444444
16 0.59375 0.0222222 0.125 0.0444444
18 0.59375 0.0333333 0.125 0.0666667
19 0.61875 0.0333333 0.125 0.0666667
20 0.6125 0.0333333 0.1875 0.0666667
19 0.65 0.0333333 0.1375 0.0666667
20 0.6625 0.0333333 0.1375 0.0666667
18 0.6875 0.0333333 0.1375 0.0666667
18 0.7125 0.0333333 0.1375 0.0666667
18 0.6875 0.0333333 0.0625 0.0666667
18 0.71875 0.0222222 0.075 0.0444444
21 0.8375 0.0222222 0.1375 0.0444444
14 0.8625 0.0222222 0.0875 0.0444444
21 0.85 0.0222222 0.0875 0.0444444
12 0.86875 0.0222222 0.075 0.0444444
9 0.9 0.0222222 0.1125 0.0444444
9 0.88125 0.0222222 0.05 0.0444444
2 0.8875 0.0333333 0.0375 0.0222222
21 0.94375 0.0222222 0.1 0.0444444
21 0.94375 0.0333333 0.1 0.0666667
21 0.94375 0.0222222 0.05 0.0444444
2 0.95625 0.0333333 0.025 0.0222222
2 0.971875 0.0333333 0.05625 0.0222222
2 0.978125 0.0444444 0.04375 0.0444444
17 0.978125 0.0444444 0.04375 0.0444444
14 0.065625 0.0444444 0.13125 0.0888889
18 0.071875 0.0444444 0.14375 0.0888889
16 0.040625 0.0444444 0.08125 0.0888889
17 0.084375 0.0333333 0.16875 0.0666667
16 0.06875 0.0333333 0.05 0.0666667
18 0.075 0.0333333 0.0375 0.0666667
19 0.13125 0.0333333 0.2 0.0666667
17 0.225 0.0666667 0.0375 0.0444444
17 0.23125 0.0444444 0.05 0.0888889
19 0.25625 0.0444444 0.05 0.0888889
16 0.2625 0.0555556 0.0625 0.0666667
16 0.275 0.0444444 0.0625 0.0888889
16 0.3125 0.0444444 0.1125 0.0888889
16 0.29375 0.0444444 0.075 0.0888889
16 0.375 0.0444444 0.2125 0.0888889
16 0.425 0.0444444 0.1375 0.0888889
19 0.41875 0.0333333 0.125 0.0666667
21 0.35 0.0444444 0.1125 0.0888889
21 0.4 0.0666667 0.0375 0.0444444
21 0.36875 0.0444444 0.1 0.0888889
19 0.39375 0.0444444 0.125 0.0888889
16 0.44375 0.0333333 0.05 0.0666667
16 0.475 0.0333333 0.1625 0.0666667
16 0.5125 0.0333333 0.1125 0.0666667
16 0.49375 0.0333333 0.05 0.0666667
16 0.5 0.0333333 0.0875 0.0666667
16 0.55 0.0444444 0.1875 0.0888889
16 0.59375 0.0333333 0.125 0.0666667
16 0.56875 0.0333333 0.05 0.0666667
14 0.59375 0.0333333 0.075 0.0666667
19 0.58125 0.0333333 0.125 0.0666667
21 0.65625 0.0333333 0.15 0.0666667
21 0.68125 0.0333333 0.125 0.0666667
21 0.6875 0.0333333 0.1875 0.0666667
21 0.71875 0.0444444 0.15 0.0888889
18 0.675 0.0444444 0.0875 0.0888889
16 0.68125 0.0333333 0.125 0.0666667
16 0.725 0.0444444 0.0375 0.0444444
18 0.74375 0.0444444 0.025 0.0444444
21 0.75625 0.0333333 0.025 0.0666667
21 0.8125 0.0555556 0.1375 0.111111
3 0.875 0.0333333 0.0625 0.0666667
0 0.86875 0.0333333 0.075 0.0666667
2 0.875 0.0333333 0.0625 0.0666667
2 0.8375 0.0333333 0.1375 0.0666667
9 0.91875 0.0333333 0.075 0.0666667
19 0.94375 0.0333333 0.1 0.0666667
21 0.89375 0.0555556 0.175 0.111111
2 0.94375 0.0555556 0.075 0.111111
2 0.93125 0.0888889 0.075 0.177778
9 0.9625 0.0333333 0.0125 0.0666667
2 0.96875 0.0333333 0.025 0.0666667
17 0.990625 0.0555556 0.01875 0.0222222
17 0.984375 0.0666667 0.03125 0.0444444
18 0.071875 0.0555556 0.14375 0.111111
19 0.084375 0.0555556 0.16875 0.111111
20 0.10625 0.0555556 0.15 0.111111
21 0.09375 0.0555556 0.075 0.111111
21 0.2 0.0666667 0.1875 0.0888889
19 0.2375 0.0555556 0.1625 0.0666667
19 0.25 0.0777778 0.1875 0.0666667
19 0.2625 0.0555556 0.1875 0.111111
16 0.275 0.0666667 0.1875 0.0888889
16 0.2875 0.0555556 0.0625 0.111111
16 0.3125 0.0555556 0.0375 0.111111
16 0.3125 0.0555556 0.0625 0.111111
16 0.34375 0.0555556 0.025 0.111111
16 0.35625 0.0555556 0.025 0.111111
16 0.375 0.0444444 0.0375 0.0888889
21 0.4125 0.0666667 0.1125 0.0444444
21 0.4 0.0777778 0.0375 0.0666667
16 0.4125 0.0777778 0.0375 0.0666667
16 0.4125 0.0777778 0.0625 0.0666667
16 0.4375 0.0777778 0.0375 0.0666667
16 0.4375 0.0666667 0.0625 0.0888889
16 0.45 0.0555556 0.1125 0.111111
16 0.48125 0.0555556 0.175 0.111111
16 0.4875 0.0555556 0.0625 0.111111
21 0.5 0.0555556 0.0875 0.111111
16 0.59375 0.0555556 0.125 0.111111
19 0.6 0.0555556 0.1375 0.111111
19 0.61875 0.0666667 0.15 0.0888889
19 0.6 0.0777778 0.0625 0.0666667
21 0.60625 0.0777778 0.075 0.0666667
21 0.66875 0.0666667 0.15 0.0888889
21 0.69375 0.0777778 0.2 0.0666667
21 0.71875 0.0666667 0.15 0.0444444
21 0.6625 0.0666667 0.0875 0.0888889
21 0.725 0.0666667 0.1875 0.133333
8 0.70625 0.1 0.05 0.0666667
57 0.73125 0.0888889 0.1 0.0444444
8 0.81875 0.0555556 0.175 0.111111
8 0.84375 0.0777778 0.05 0.0222222
8 0.86875 0.0777778 0.05 0.0222222
0 0.86875 0.0888889 0.05 0.0444444
0 0.88125 0.0888889 0.05 0.0444444
0 0.875 0.0444444 0.0375 0.0888889
2 0.91875 0.0777778 0.075 0.0666667
2 0.940625 0.0888889 0.11875 0.0444444
2 0.95625 0.0888889 0.05 0.0444444
2 0.95625 0.0888889 0.025 0.0444444
2 0.96875 0.0777778 0.025 0.0222222
2 0.98125 0.0777778 0.025 0.0222222
2 0.975 0.0777778 0.0375 0.0222222
18 0.034375 0.0666667 0.06875 0.133333
17 0.084375 0.0777778 0.16875 0.111111
18 0.090625 0.0666667 0.18125 0.0888889
16 0.096875 0.0666667 0.19375 0.0888889
20 0.06875 0.0777778 0.075 0.111111
20 0.0875 0.0777778 0.0625 0.111111
20 0.23125 0.0777778 0.15 0.111111
16 0.21875 0.0777778 0.075 0.111111
20 0.2625 0.0777778 0.1875 0.111111
19 0.2625 0.0777778 0.1875 0.111111
16 0.3125 0.0777778 0.1375 0.111111
16 0.2875 0.0777778 0.0625 0.111111
16 0.3125 0.0777778 0.0625 0.111111
16 0.33125 0.0777778 0.075 0.111111
16 0.35625 0.0777778 0.05 0.0666667
16 0.38125 0.0777778 0.05 0.0666667
16 0.40625 0.0777778 0.025 0.0666667
8 0.41875 0.0777778 0.05 0.0666667
16 0.4375 0.0888889 0.0625 0.0888889
16 0.43125 0.0888889 0.1 0.0888889
16 0.475 0.0666667 0.0375 0.133333
16 0.48125 0.0888889 0.05 0.0888889
16 0.5 0.0666667 0.0625 0.0888889
16 0.51875 0.0666667 0.05 0.0888889
14 0.55 0.0777778 0.0375 0.0666667
14 0.61875 0.0777778 0.15 0.0666667
21 0.59375 0.0888889 0.05 0.0888889
8 0.7125 0.1 0.1625 0.0666667
25 0.74375 0.0888889 0.05 0.0888889
11 0.84375 0.0888889 0.075 0.0888889
0 0.86875 0.0777778 0.025 0.0666667
8 0.88125 0.0777778 0.05 0.0666667
8 0.921875 0.0888889 0.15625 0.0888889
7 0.921875 0.0888889 0.15625 0.0888889
2 0.925 0.0777778 0.1125 0.0666667
2 0.96875 0.0888889 0.025 0.0444444
2 0.975 0.1 0.0375 0.0666667
2 0.978125 0.111111 0.04375 0.0444444
19 0.053125 0.0777778 0.10625 0.111111
18 0.028125 0.0888889 0.05625 0.133333
16 0.040625 0.1 0.08125 0.111111
16 0.053125 0.1 0.10625 0.111111
14 0.053125 0.1 0.10625 0.111111
21 0.0875 0.0888889 0.0625 0.0888889
21 0.09375 0.0888889 0.1 0.0888889
21 0.20625 0.0888889 0.175 0.0888889
21 0.2375 0.0888889 0.1625 0.0888889
21 0.21875 0.1 0.075 0.111111
21 0.2625 0.1 0.1875 0.111111
16 0.2875 0.0888889 0.2125 0.0888889
21 0.30625 0.1 0.15 0.111111
21 0.2875 0.1 0.0625 0.111111
16 0.2875 0.0888889 0.0875 0.0888889
16 0.29375 0.0888889 0.125 0.0888889
16 0.3375 0.111111 0.0875 0.133333
16 0.325 0.0888889 0.1125 0.0888889
16 0.3625 0.0888889 0.0625 0.0888889
16 0.375 0.0888889 0.0625 0.0888889
21 0.4 0.0888889 0.0625 0.0888889
8 0.41875 0.0888889 0.075 0.0888889
21 0.44375 0.0888889 0.1 0.0888889
21 0.4625 0.1 0.1125 0.111111
21 0.48125 0.0888889 0.1 0.0888889
21 0.5625 0.0888889 0.2125 0.0888889
21 0.575 0.1 0.0875 0.111111
21 0.58125 0.0888889 0.075 0.0888889
21 0.63125 0.0888889 0.2 0.0888889
21 0.66875 0.1 0.15 0.111111
21 0.65625 0.0888889 0.1 0.0888889
8 0.69375 0.0888889 0.05 0.0888889
8 0.73125 0.133333 0.05 0.0444444
8 0.76875 0.1 0.05 0.111111
8 0.81875 0.0888889 0.15 0.0888889
8 0.7875 0.1 0.2125 0.155556
11 0.83125 0.1 0.175 0.111111
11 0.83125 0.111111 0.1 0.0444444
8 0.83125 0.1 0.075 0.0666667
8 0.86875 0.1 0.175 0.0666667
8 0.85 0.0888889 0.1125 0.0888889
8 0.890625 0.0777778 0.21875 0.111111
8 0.928125 0.111111 0.14375 0.0444444
