6 0.028125 0.0222222 0.05625 0.0444444
3 0.046875 0.0222222 0.09375 0.0444444
3 0.06875 0.0222222 0.125 0.0444444
6 0.08125 0.0222222 0.125 0.0444444
5 0.09375 0.0222222 0.125 0.0444444
6 0.10625 0.0222222 0.125 0.0444444
6 0.13125 0.0222222 0.125 0.0444444
6 0.1625 0.0222222 0.1625 0.0444444
4 0.2 0.0222222 0.1625 0.0444444
6 0.23125 0.0222222 0.175 0.0444444
4 0.28125 0.0222222 0.175 0.0444444
4 0.2875 0.0111111 0.1625 0.0222222
4 0.325 0.0111111 0.1625 0.0222222
4 0.35 0.0222222 0.1875 0.0444444
6 0.38125 0.0222222 0.175 0.0444444
4 0.39375 0.0222222 0.175 0.0444444
4 0.41875 0.0222222 0.175 0.0444444
6 0.41875 0.0222222 0.125 0.0444444
44 0.43125 0.0222222 0.125 0.0444444
43 0.4375 0.0222222 0.1125 0.0444444
74 0.55 0.0111111 0.0875 0.0222222
4 0.5625 0.0111111 0.1125 0.0222222
4 0.58125 0.0222222 0.125 0.0444444
6 0.70625 0.0222222 0.15 0.0444444
44 0.7375 0.0222222 0.0875 0.0444444
44 0.75625 0.0111111 0.125 0.0222222
6 0.7875 0.0111111 0.1625 0.0222222
3 0.8125 0.0222222 0.1625 0.0444444
6 0.8375 0.0111111 0.1875 0.0222222
43 0.86875 0.0111111 0.125 0.0222222
11 0.9 0.0111111 0.1125 0.0222222
43 0.953125 0.0222222 0.09375 0.0444444
4 0.95 0.0111111 0.0875 0.0222222
8 0.034375 0.0222222 0.06875 0.0444444
4 0.05 0.0222222 0.0625 0.0444444
4 0.0625 0.0222222 0.0625 0.0444444
6 0.075 0.0222222 0.0875 0.0444444
44 0.13125 0.0222222 0.125 0.0444444
6 0.14375 0.0222222 0.125 0.0444444
6 0.16875 0.0333333 0.125 0.0666667
6 0.18125 0.0222222 0.125 0.0444444
6 0.20625 0.0222222 0.1 0.0444444
44 0.21875 0.0222222 0.1 0.0444444
44 0.21875 0.0333333 0.125 0.0666667
6 0.23125 0.0333333 0.125 0.0666667
6 0.24375 0.0333333 0.125 0.0666667
6 0.33125 0.0222222 0.15 0.0444444
6 0.3 0.0222222 0.1125 0.0444444
4 0.35625 0.0111111 0.125 0.0222222
5 0.36875 0.0222222 0.15 0.0444444
6 0.36875 0.0222222 0.175 0.0444444
6 0.40625 0.0222222 0.125 0.0444444
4 0.45625 0.0222222 0.125 0.0444444
6 0.48125 0.0222222 0.125 0.0444444
12 0.5125 0.0333333 0.0625 0.0666667
2 0.55625 0.0111111 0.1 0.0222222
4 0.56875 0.0333333 0.15 0.0666667
4 0.61875 0.0333333 0.175 0.0666667
6 0.68125 0.0333333 0.075 0.0666667
6 0.66875 0.0333333 0.125 0.0666667
4 0.6875 0.0222222 0.0875 0.0444444
6 0.7875 0.0333333 0.1625 0.0666667
6 0.8 0.0333333 0.1125 0.0666667
2 0.86875 0.0111111 0.125 0.0222222
6 0.040625 0.0444444 0.08125 0.0888889
4 0.040625 0.0444444 0.08125 0.0888889
4 0.075 0.0333333 0.1375 0.0666667
4 0.1125 0.0333333 0.1625 0.0666667
6 0.21875 0.0333333 0.15 0.0666667
4 0.21875 0.0333333 0.125 0.0666667
2 0.24375 0.0444444 0.125 0.0444444
5 0.29375 0.0333333 0.125 0.0666667
2 0.30625 0.0333333 0.15 0.0666667
2 0.3125 0.0333333 0.0875 0.0666667
5 0.33125 0.0333333 0.075 0.0666667
6 0.3625 0.0555556 0.1375 0.0666667
5 0.36875 0.0555556 0.15 0.0666667
4 0.375 0.0555556 0.1625 0.0666667
5 0.40625 0.0444444 0.125 0.0444444
2 0.375 0.0444444 0.1125 0.0444444
4 0.40625 0.0222222 0.075 0.0444444
6 0.4125 0.0222222 0.0875 0.0444444
11 0.53125 0.0222222 0.025 0.0444444
2 0.56875 0.0333333 0.075 0.0666667
6 0.575 0.0333333 0.0875 0.0666667
58 0.5875 0.0444444 0.0875 0.0444444
10 0.60625 0.0333333 0.075 0.0666667
4 0.7875 0.0333333 0.0875 0.0666667
4 0.825 0.0333333 0.1625 0.0666667
2 0.84375 0.0444444 0.15 0.0444444
2 0.81875 0.0444444 0.1 0.0444444
10 0.925 0.0444444 0.0625 0.0444444
2 0.9875 0.0444444 0.0125 0.0444444
8 0.040625 0.0444444 0.08125 0.0888889
4 0.046875 0.0666667 0.09375 0.0444444
4 0.05625 0.0555556 0.075 0.0666667
4 0.075 0.0444444 0.0625 0.0444444
6 0.06875 0.0444444 0.125 0.0444444
6 0.15 0.0555556 0.1125 0.0666667
6 0.20625 0.0444444 0.125 0.0444444
4 0.21875 0.0444444 0.125 0.0444444
4 0.23125 0.0666667 0.125 0.0444444
4 0.25625 0.0444444 0.075 0.0444444
6 0.26875 0.0444444 0.075 0.0444444
5 0.29375 0.0444444 0.075 0.0444444
2 0.30625 0.0444444 0.075 0.0444444
2 0.325 0.0555556 0.0875 0.0666667
4 0.3375 0.0777778 0.0875 0.0666667
4 0.3625 0.0777778 0.1375 0.0666667
4 0.34375 0.0666667 0.1 0.0888889
4 0.3625 0.0666667 0.1125 0.0888889
2 0.40625 0.0555556 0.075 0.0666667
2 0.41875 0.0444444 0.075 0.0444444
6 0.43125 0.0666667 0.125 0.0888889
4 0.475 0.0555556 0.1625 0.111111
2 0.45 0.0666667 0.0875 0.0888889
2 0.49375 0.0555556 0.15 0.111111
11 0.5 0.0777778 0.0625 0.0666667
0 0.5125 0.0666667 0.0375 0.0444444
3 0.5625 0.0666667 0.0875 0.0444444
2 0.56875 0.0555556 0.075 0.0222222
2 0.575 0.0444444 0.0875 0.0444444
55 0.59375 0.0555556 0.1 0.0222222
55 0.60625 0.0666667 0.075 0.0444444
53 0.61875 0.0555556 0.075 0.0222222
44 0.7 0.0666667 0.1125 0.0444444
4 0.8 0.0555556 0.1125 0.0666667
2 0.8125 0.0555556 0.0875 0.0666667
64 0.8375 0.0444444 0.0375 0.0444444
55 0.875 0.0444444 0.0625 0.0444444
2 0.875 0.0444444 0.0625 0.0444444
2 0.8875 0.0555556 0.0375 0.0666667
2 0.9125 0.0333333 0.0875 0.0666667
2 0.9375 0.0333333 0.0875 0.0666667
2 0.95625 0.0444444 0.05 0.0444444
32 0.9625 0.0444444 0.0625 0.0444444
16 0.96875 0.0555556 0.05 0.0222222
21 0.9875 0.0444444 0.0125 0.0444444
6 0.040625 0.0777778 0.08125 0.0666667
5 0.040625 0.0666667 0.08125 0.0444444
6 0.05625 0.0666667 0.1 0.0444444
6 0.0625 0.0777778 0.1125 0.0666667
6 0.0875 0.0777778 0.1375 0.0666667
6 0.1125 0.0666667 0.1125 0.0444444
6 0.15 0.0777778 0.0875 0.0666667
6 0.2 0.0666667 0.1125 0.0444444
4 0.23125 0.0777778 0.125 0.0666667
4 0.25625 0.0666667 0.125 0.0444444
4 0.26875 0.0777778 0.125 0.0666667
2 0.28125 0.0777778 0.125 0.0666667
2 0.325 0.0777778 0.0875 0.0666667
5 0.36875 0.0777778 0.1 0.0666667
5 0.39375 0.0777778 0.1 0.0666667
2 0.425 0.0777778 0.1125 0.0666667
6 0.475 0.0777778 0.1125 0.0666667
10 0.48125 0.0666667 0.1 0.0444444
0 0.5 0.0777778 0.0625 0.0666667
0 0.5125 0.0777778 0.0375 0.0666667
2 0.56875 0.0777778 0.075 0.0666667
6 0.58125 0.0666667 0.075 0.0444444
6 0.6 0.0777778 0.1125 0.0666667
44 0.625 0.0777778 0.1125 0.0666667
44 0.64375 0.0666667 0.125 0.0444444
2 0.675 0.0666667 0.0875 0.0444444
2 0.69375 0.0666667 0.15 0.0444444
6 0.71875 0.0777778 0.125 0.0666667
6 0.775 0.0777778 0.1125 0.0666667
5 0.79375 0.0777778 0.1 0.0666667
4 0.8 0.0777778 0.1125 0.0666667
4 0.8 0.0666667 0.1125 0.0444444
4 0.81875 0.0666667 0.1 0.0444444
6 0.85625 0.0777778 0.125 0.0666667
6 0.8875 0.0666667 0.1625 0.0444444
4 0.95625 0.0777778 0.075 0.0666667
4 0.971875 0.0666667 0.05625 0.0444444
48 0.98125 0.0333333 0.025 0.0666667
8 0.040625 0.0777778 0.08125 0.0666667
6 0.046875 0.0888889 0.09375 0.0444444
2 0.046875 0.0777778 0.09375 0.0666667
4 0.059375 0.0777778 0.11875 0.0666667
4 0.0625 0.1 0.1125 0.0666667
2 0.075 0.0888889 0.1375 0.0444444
2 0.1125 0.0777778 0.0875 0.0666667
4 0.1375 0.0777778 0.0875 0.0666667
6 0.2125 0.0888889 0.0875 0.0444444
4 0.28125 0.0888889 0.125 0.0888889
4 0.3125 0.0888889 0.0625 0.0444444
2 0.31875 0.0888889 0.075 0.0444444
6 0.34375 0.0777778 0.075 0.0666667
6 0.3625 0.0888889 0.0875 0.0444444
6 0.375 0.0777778 0.0875 0.0666667
2 0.4 0.0777778 0.0625 0.0666667
6 0.41875 0.0777778 0.075 0.0666667
6 0.4375 0.0777778 0.1125 0.0666667
0 0.4625 0.0777778 0.1125 0.0666667
44 0.56875 0.0777778 0.075 0.0666667
44 0.59375 0.0777778 0.1 0.0666667
44 0.73125 0.0777778 0.125 0.0666667
2 0.73125 0.0777778 0.125 0.0666667
4 0.76875 0.0888889 0.1 0.0888889
2 0.80625 0.0777778 0.125 0.0666667
2 0.825 0.0777778 0.0875 0.0666667
2 0.85 0.0777778 0.1125 0.0666667
2 0.86875 0.0888889 0.075 0.0444444
2 0.921875 0.0888889 0.15625 0.0444444
2 0.9375 0.0888889 0.1125 0.0888889
4 0.946875 0.111111 0.10625 0.0888889
4 0.94375 0.0888889 0.1 0.0444444
0 0.984375 0.0555556 0.03125 0.111111
8 0.021875 0.122222 0.04375 0.0666667
8 0.034375 0.111111 0.06875 0.0444444
6 0.040625 0.111111 0.08125 0.0444444
6 0.0625 0.111111 0.1125 0.0444444
44 0.06875 0.111111 0.125 0.0444444
8 0.0875 0.111111 0.1375 0.0444444
8 0.1125 0.111111 0.1125 0.0444444
43 0.11875 0.111111 0.125 0.0444444
6 0.1375 0.111111 0.1125 0.0444444
6 0.15625 0.111111 0.1 0.0444444
6 0.19375 0.122222 0.125 0.0666667
44 0.21875 0.122222 0.1 0.0666667
44 0.26875 0.111111 0.1 0.0444444
6 0.26875 0.122222 0.125 0.0666667
6 0.35625 0.111111 0.175 0.0444444
6 0.3875 0.111111 0.1625 0.0444444
5 0.4 0.111111 0.1875 0.0444444
5 0.39375 0.111111 0.125 0.0444444
5 0.41875 0.111111 0.075 0.0444444
8 0.44375 0.111111 0.1 0.0444444
8 0.46875 0.111111 0.1 0.0444444
8 0.50625 0.111111 0.175 0.0444444
8 0.4875 0.111111 0.1125 0.0444444
8 0.51875 0.111111 0.1 0.0444444
8 0.56875 0.111111 0.125 0.0444444
44 0.58125 0.111111 0.075 0.0444444
44 0.69375 0.111111 0.125 0.0444444
43 0.7 0.111111 0.1125 0.0444444
6 0.7625 0.111111 0.0875 0.0444444
4 0.76875 0.111111 0.1 0.0444444
2 0.775 0.111111 0.1125 0.0444444
2 0.8 0.111111 0.1125 0.0444444
2 0.80625 0.1 0.1 0.0666667
2 0.825 0.1 0.0625 0.0666667
2 0.84375 0.1 0.1 0.0666667
2 0.86875 0.1 0.075 0.0666667
2 0.90625 0.111111 0.125 0.0888889
4 0.96875 0.111111 0.025 0.0444444
21 0.978125 0.133333 0.04375 0.0888889
19 0.021875 0.122222 0.04375 0.0666667
39 0.053125 0.133333 0.10625 0.0444444
44 0.053125 0.133333 0.10625 0.0444444
44 0.075 0.133333 0.1375 0.0444444
44 0.10625 0.133333 0.125 0.0444444
4 0.375 0.122222 0.1125 0.0666667
2 0.3875 0.122222 0.1125 0.0666667
44 0.41875 0.122222 0.075 0.0666667
44 0.45 0.133333 0.0625 0.0444444
0 0.48125 0.133333 0.075 0.0444444
0 0.5125 0.133333 0.0625 0.0444444
0 0.55625 0.122222 0.15 0.0666667
2 0.7625 0.122222 0.0875 0.0666667
2 0.78125 0.111111 0.075 0.0444444
2 0.80625 0.122222 0.1 0.0666667
2 0.8125 0.155556 0.0875 0.0888889
2 0.825 0.122222 0.0625 0.111111
2 0.8375 0.133333 0.0625 0.0444444
0 0.86875 0.144444 0.05 0.0666667
2 0.86875 0.133333 0.05 0.0444444
2 0.875 0.133333 0.0625 0.133333
2 0.9125 0.155556 0.0375 0.0888889
4 0.98125 0.144444 0.025 0.0222222
4 0.959375 0.155556 0.08125 0.0888889
9 0.015625 0.155556 0.03125 0.0444444
6 0.35625 0.155556 0.125 0.0444444
4 0.375 0.133333 0.1125 0.0444444
4 0.43125 0.133333 0.125 0.0444444
2 0.41875 0.144444 0.075 0.0222222
2 0.45625 0.144444 0.075 0.0666667
0 0.48125 0.144444 0.075 0.0666667
44 0.56875 0.155556 0.075 0.0444444
6 0.6625 0.155556 0.1125 0.0444444
2 0.75625 0.155556 0.075 0.0444444
2 0.76875 0.144444 0.075 0.0222222
2 0.75625 0.133333 0.075 0.0444444
2 0.78125 0.144444 0.1 0.0666667
2 0.79375 0.155556 0.1 0.0444444
2 0.83125 0.155556 0.025 0.0444444
2 0.84375 0.155556 0.025 0.0444444
2 0.875 0.155556 0.0375 0.0444444
0 0.88125 0.155556 0.025 0.0888889
0 0.8875 0.155556 0.0125 0.0444444
0 0.9125 0.166667 0.0375 0.0666667
0 0.90625 0.166667 0.025 0.0666667
2 0.95625 0.177778 0.075 0.0444444
4 0.965625 0.166667 0.06875 0.0666667
4 0.98125 0.166667 0.025 0.0666667
4 0.9875 0.166667 0.0125 0.0222222
8 0.015625 0.177778 0.03125 0.0444444
6 0.34375 0.177778 0.125 0.0888889
4 0.3625 0.166667 0.0875 0.0666667
