6 0.028125 0.0222222 0.05625 0.0444444
43 0.95 0.0111111 0.0875 0.0222222
2 0.028125 0.0222222 0.05625 0.0444444
2 0.046875 0.0333333 0.09375 0.0666667
6 0.05625 0.0333333 0.1 0.0666667
5 0.4125 0.0111111 0.1125 0.0222222
6 0.425 0.0222222 0.1125 0.0444444
4 0.45 0.0222222 0.1125 0.0444444
6 0.4875 0.0333333 0.1125 0.0666667
2 0.946875 0.0111111 0.10625 0.0222222
2 0.990625 0.0111111 0.01875 0.0222222
4 0.053125 0.0333333 0.10625 0.0666667
2 0.990625 0.0333333 0.01875 0.0666667
2 0.01875 0.0444444 0.025 0.0888889
4 0.05 0.0444444 0.0625 0.0888889
4 0.021875 0.0666667 0.04375 0.0888889
4 0.015625 0.0777778 0.03125 0.0666667
43 0.4 0.0777778 0.1875 0.0666667
4 0.021875 0.0888889 0.04375 0.0888889
5 0.028125 0.133333 0.05625 0.0888889
9 0.015625 0.133333 0.03125 0.0888889
4 0.028125 0.144444 0.05625 0.0666667
5 0.028125 0.166667 0.05625 0.0666667
5 0.053125 0.177778 0.10625 0.0444444
4 0.053125 0.188889 0.10625 0.0666667
8 0.025 0.188889 0.0125 0.0666667
4 0.015625 0.211111 0.03125 0.0666667
8 0.021875 0.255556 0.04375 0.0666667
11 0.021875 0.255556 0.04375 0.0666667
8 0.021875 0.277778 0.04375 0.0666667
8 0.021875 0.266667 0.04375 0.0444444
6 0.053125 0.277778 0.10625 0.0666667
8 0.03125 0.288889 0.025 0.0444444
11 0.053125 0.3 0.10625 0.0666667
11 0.021875 0.311111 0.04375 0.0888889
11 0.021875 0.355556 0.04375 0.133333
25 0.59375 0.322222 0.1 0.111111
25 0.6125 0.322222 0.0875 0.111111
25 0.625 0.311111 0.0875 0.0888889
6 0.021875 0.388889 0.04375 0.0666667
9 0.01875 0.4 0.025 0.0444444
2 0.015625 0.411111 0.03125 0.0666667
6 0.01875 0.411111 0.025 0.0666667
5 0.015625 0.411111 0.03125 0.0666667
11 0.01875 0.422222 0.025 0.0444444
5 0.021875 0.444444 0.04375 0.0888889
5 0.021875 0.466667 0.04375 0.0888889
25 0.046875 0.466667 0.09375 0.0888889
6 0.046875 0.5 0.09375 0.0666667
6 0.8125 0.477778 0.1875 0.0666667
4 0.021875 0.511111 0.04375 0.0444444
23 0.034375 0.511111 0.06875 0.0888889
6 0.39375 0.522222 0.125 0.0666667
4 0.41875 0.522222 0.125 0.0666667
4 0.48125 0.511111 0.1 0.0444444
6 0.9375 0.533333 0.0875 0.0888889
12 0.959375 0.522222 0.08125 0.0666667
5 0.021875 0.533333 0.04375 0.0888889
8 0.034375 0.511111 0.06875 0.0888889
5 0.41875 0.522222 0.125 0.0666667
6 0.45625 0.522222 0.075 0.0666667
44 0.54375 0.522222 0.1 0.0666667
25 0.70625 0.533333 0.075 0.0444444
25 0.73125 0.533333 0.075 0.0444444
55 0.959375 0.544444 0.08125 0.0666667
5 0.021875 0.566667 0.04375 0.0666667
5 0.025 0.566667 0.0375 0.0666667
5 0.021875 0.577778 0.04375 0.0888889
5 0.015625 0.588889 0.03125 0.0666667
6 0.021875 0.588889 0.04375 0.0666667
6 0.015625 0.6 0.03125 0.0444444
6 0.028125 0.611111 0.05625 0.0666667
11 0.015625 0.611111 0.03125 0.0666667
11 0.025 0.644444 0.0125 0.0444444
8 0.021875 0.688889 0.04375 0.0888889
8 0.053125 0.711111 0.10625 0.0888889
6 0.021875 0.744444 0.04375 0.0666667
8 0.015625 0.733333 0.03125 0.0444444
4 0.41875 0.733333 0.125 0.0444444
13 0.425 0.733333 0.1125 0.0444444
8 0.50625 0.733333 0.125 0.0444444
8 0.015625 0.755556 0.03125 0.0888889
6 0.4125 0.755556 0.1375 0.0444444
43 0.425 0.755556 0.1125 0.0444444
25 0.84375 0.755556 0.075 0.0444444
47 0.8625 0.755556 0.0875 0.0444444
6 0.9375 0.733333 0.0875 0.0888889
6 0.959375 0.677778 0.08125 0.2
8 0.053125 0.766667 0.10625 0.0666667
11 0.021875 0.766667 0.04375 0.0666667
17 0.85625 0.777778 0.075 0.0444444
8 0.85625 0.766667 0.075 0.0666667
6 0.95 0.766667 0.0875 0.0666667
8 0.9375 0.766667 0.0625 0.0666667
8 0.946875 0.677778 0.10625 0.244444
8 0.053125 0.788889 0.10625 0.0666667
21 0.85625 0.8 0.075 0.0444444
8 0.86875 0.8 0.075 0.0444444
11 0.95625 0.788889 0.05 0.0666667
25 0.9375 0.722222 0.1125 0.2
8 0.953125 0.822222 0.09375 0.0444444
44 0.6125 0.844444 0.0375 0.0444444
6 0.053125 0.855556 0.10625 0.111111
11 0.015625 0.877778 0.03125 0.0666667
47 0.01875 0.933333 0 0.0444444
21 0.01875 0.955556 0.025 0.0444444
11 0.028125 0.977778 0.05625 0.0444444
11 0.028125 1 0.05625 0
11 0.19375 0.0833333 0.3875 0.166667
11 0.20625 0.327778 0.4125 0.655556
9 0.21875 0.0388889 0.4375 0.0777778
11 0.23125 0.0388889 0.4625 0.0777778
29 0.24375 0.0388889 0.4875 0.0777778
11 0.2875 0.0388889 0.45 0.0777778
29 0.3 0.0388889 0.475 0.0777778
27 0.35 0.0388889 0.475 0.0777778
35 0.4 0.0388889 0.475 0.0777778
27 0.33125 0.0388889 0.6625 0.0777778
27 0.45 0.0611111 0.475 0.122222
65 0.3375 0.0611111 0.15 0.122222
35 0.3625 0.0611111 0.15 0.122222
35 0.425 0.0833333 0.325 0.166667
6 0.4625 0.0388889 0.4 0.0777778
6 0.575 0.0388889 0.375 0.0777778
13 0.6875 0.0388889 0.4 0.0777778
11 0.7625 0.0388889 0.45 0.0777778
13 0.675 0.0388889 0.275 0.0777778
65 0.7375 0.0388889 0.35 0.0777778
29 0.78125 0.0388889 0.4375 0.0777778
28 0.66875 0.0388889 0.6625 0.0777778
28 0.76875 0.0388889 0.4625 0.0777778
9 0.90625 0.0388889 0.1875 0.0777778
13 0.74375 0.0388889 0.5125 0.0777778
6 0.88125 0.0388889 0.2375 0.0777778
13 0.85 0.0388889 0.225 0.0777778
29 0.19375 0.0833333 0.3875 0.166667
29 0.2625 0.0833333 0.15 0.166667
52 0.3 0.0833333 0.175 0.166667
29 0.3375 0.216667 0.15 0.433333
35 0.3625 0.216667 0.15 0.433333
57 0.45 0.216667 0.175 0.433333
57 0.4875 0.216667 0.15 0.433333
6 0.6125 0.0833333 0.45 0.166667
6 0.6 0.0777778 0.375 0.0888889
57 0.7375 0.0388889 0.4 0.0777778
11 0.19375 0.411111 0.3875 0.666667
29 0.1125 0.238889 0.1 0.477778
29 0.1375 0.255556 0.15 0.444444
9 0.45 0.1 0.075 0.133333
11 0.4875 0.1 0.75 0.133333
9 0.6875 0.1 0.4 0.133333
11 0.6625 0.1 0.35 0.133333
2 0.65 0.1 0.225 0.133333
9 0.7375 0.122222 0.45 0.177778
11 0.7625 0.122222 0.45 0.177778
13 0.80625 0.1 0.3875 0.133333
6 0.7875 0.1 0.3 0.133333
57 0.70625 0.1 0.5875 0.133333
29 0.86875 0.1 0.2625 0.133333
35 0.8625 0.1 0.25 0.133333
57 0.85 0.1 0.175 0.133333
13 0.825 0.1 0.225 0.133333
5 0.19375 0.305556 0.3875 0.611111
9 0.275 0.144444 0.125 0.133333
9 0.35 0.105556 0.075 0.211111
9 0.35 0.305556 0.125 0.611111
6 0.5375 0.105556 0.45 0.211111
11 0.5625 0.305556 0.45 0.611111
11 0.45 0.144444 0.125 0.133333
9 0.65 0.144444 0.425 0.133333
11 0.6875 0.144444 0.4 0.133333
9 0.725 0.144444 0.375 0.133333
9 0.6625 0.144444 0.25 0.133333
6 0.7375 0.166667 0.45 0.0888889
11 0.75 0.166667 0.475 0.0888889
2 0.64375 0.144444 0.7125 0.133333
13 0.65625 0.166667 0.6875 0.0888889
11 0.7875 0.1 0.35 0.133333
11 0.70625 0.144444 0.5875 0.222222
11 0.81875 0.144444 0.3625 0.222222
11 0.85625 0.122222 0.2875 0.177778
5 0.85 0.122222 0.225 0.177778
5 0.85625 0.122222 0.2875 0.177778
11 0.8625 0.144444 0.25 0.222222
2 0.88125 0.144444 0.2375 0.222222
9 0.94375 0.166667 0.1125 0.266667
0 0.19375 0.261111 0.3875 0.522222
9 0.04375 0.261111 0.0875 0.522222
9 0.05625 0.261111 0.1125 0.522222
12 0.125 0.261111 0.075 0.522222
12 0.1375 0.283333 0.1 0.566667
10 0.2375 0.416667 0.05 0.833333
11 0.2375 0.416667 0.1 0.833333
9 0.25 0.416667 0.125 0.833333
11 0.3625 0.477778 0.25 0.711111
9 0.35 0.211111 0.075 0.177778
11 0.3875 0.127778 0.1 0.255556
9 0.4125 0.127778 0.1 0.255556
9 0.4375 0.127778 0.1 0.255556
6 0.4875 0.166667 0.05 0.0888889
9 0.5125 0.166667 0.05 0.0888889
5 0.5375 0.144444 0.1 0.133333
6 0.65 0.188889 0.225 0.222222
6 0.5875 0.233333 0.1 0.222222
6 0.7875 0.233333 0.4 0.222222
6 0.79375 0.344444 0.4125 0.444444
6 0.80625 0.211111 0.3875 0.177778
13 0.775 0.188889 0.225 0.133333
6 0.8125 0.188889 0.25 0.133333
6 0.8375 0.211111 0.25 0.177778
6 0.90625 0.211111 0.1875 0.177778
11 0.8875 0.211111 0.15 0.177778
6 0.8875 0.211111 0.2 0.177778
5 0.94375 0.211111 0.1125 0.177778
6 0.94375 0.211111 0.1125 0.177778
11 0.95625 0.366667 0.0875 0.4
0 0.04375 0.305556 0.0875 0.611111
0 0.0875 0.305556 0.05 0.611111
0 0.1 0.388889 0.075 0.444444
5 0.1375 0.388889 0.05 0.444444
9 0.1375 0.388889 0.1 0.444444
9 0.1625 0.255556 0.1 0.177778
11 0.1875 0.388889 0.1 0.444444
0 0.2375 0.388889 0.05 0.444444
2 0.2375 0.522222 0.1 0.711111
5 0.2875 0.522222 0.05 0.711111
2 0.3125 0.233333 0.05 0.133333
9 0.3375 0.233333 0.05 0.133333
9 0.425 0.233333 0.225 0.133333
9 0.3875 0.233333 0.1 0.133333
5 0.4375 0.233333 0.05 0.133333
9 0.5125 0.233333 0.2 0.133333
11 0.5125 0.455556 0.1 0.577778
9 0.5625 0.522222 0.05 0.711111
6 0.6 0.233333 0.075 0.133333
6 0.6 0.233333 0.125 0.133333
9 0.7 0.233333 0.225 0.133333
9 0.7625 0.233333 0.35 0.133333
6 0.775 0.233333 0.375 0.133333
9 0.81875 0.233333 0.3625 0.133333
11 0.775 0.233333 0.225 0.133333
6 0.8125 0.233333 0.25 0.133333
6 0.85 0.211111 0.125 0.177778
2 0.9 0.211111 0.175 0.177778
6 0.9375 0.211111 0.1 0.177778
9 0.9375 0.233333 0.1 0.133333
9 0.9625 0.522222 0.05 0.711111
9 0.96875 0.522222 0.0625 0.711111
0 0.20625 0.327778 0.4125 0.655556
2 0.1 0.411111 0.125 0.488889
5 0.1 0.411111 0.125 0.488889
5 0.2875 0.411111 0.45 0.488889
2 0.325 0.411111 0.325 0.488889
0 0.3625 0.411111 0.45 0.488889
0 0.3875 0.327778 0.45 0.655556
5 0.375 0.327778 0.375 0.655556
5 0.3625 0.411111 0.3 0.488889
5 0.425 0.411111 0.375 0.488889
6 0.4625 0.411111 0.3 0.488889
6 0.5375 0.411111 0.4 0.488889
6 0.525 0.277778 0.275 0.222222
6 0.65 0.411111 0.475 0.488889
11 0.65 0.411111 0.375 0.488889
6 0.6875 0.3 0.35 0.266667
9 0.6 0.411111 0.125 0.488889
9 0.7 0.411111 0.325 0.488889
6 0.7625 0.255556 0.3 0.177778
11 0.81875 0.255556 0.3625 0.0888889
9 0.7625 0.255556 0.25 0.0888889
6 0.8125 0.277778 0.25 0.133333
9 0.825 0.255556 0.275 0.0888889
9 0.8375 0.233333 0.25 0.133333
9 0.8625 0.411111 0.25 0.488889
9 0.88125 0.388889 0.2375 0.533333
5 0.89375 0.411111 0.2125 0.488889
9 0.90625 0.411111 0.1875 0.488889
9 0.91875 0.411111 0.1625 0.488889
9 0.96875 0.411111 0.0625 0.488889
9 0.96875 0.388889 0.0625 0.444444
0 0.04375 0.194444 0.0875 0.388889
0 0.04375 0.35 0.0875 0.7
5 0.15 0.35 0.225 0.7
5 0.175 0.433333 0.275 0.533333
0 0.2375 0.35 0.25 0.7
5 0.225 0.433333 0.125 0.533333
5 0.4375 0.566667 0.4 0.8
9 0.4 0.322222 0.125 0.133333
9 0.5625 0.344444 0.45 0.177778
11 0.575 0.344444 0.375 0.177778
5 0.6375 0.477778 0.45 0.444444
0 0.6625 0.477778 0.45 0.444444
62 0.6875 0.5 0.45 0.488889
5 0.7125 0.455556 0.45 0.577778
11 0.575 0.433333 0.125 0.533333
11 0.675 0.433333 0.275 0.533333
9 0.7 0.388889 0.275 0.177778
5 0.7875 0.366667 0.35 0.222222
5 0.80625 0.5 0.3875 0.577778
5 0.83125 0.477778 0.3375 0.444444
9 0.7375 0.477778 0.1 0.444444
